byte offset: 0
first index: 48171
index count: 8463
topology: trianglelist
format: DXGI_FORMAT_R16_UINT

14244 14245 14246
14247 14248 14249
14250 14251 14252
14253 14254 14255
14256 14257 14258
14256 14258 14259
14259 14260 14256
14258 14261 14259
14258 14262 14261
14259 14263 14260
14261 14263 14259
14262 14264 14261
14262 14265 14264
14264 14265 14266
14264 14266 14267
14264 14268 14261
14261 14268 14263
14269 14264 14267
14264 14269 14268
14269 14267 14270
14271 14269 14270
14272 14260 14263
14272 14273 14260
14274 14273 14272
14275 14263 14268
14275 14272 14263
14268 14269 14276
14271 14276 14269
14268 14276 14275
14271 14277 14276
14271 14278 14277
14278 14279 14277
14279 14280 14277
14279 14281 14280
14280 14281 14282
14274 14272 14283
14283 14272 14275
14284 14274 14283
14285 14275 14276
14285 14276 14277
14283 14275 14286
14286 14275 14285
14284 14283 14287
14287 14283 14286
14288 14285 14277
14289 14285 14288
14286 14285 14290
14289 14290 14285
14286 14290 14287
14287 14290 14289
14287 14289 14291
14291 14284 14287
14291 14292 14284
14293 14294 14277
14293 14277 14280
14293 14280 14295
14280 14296 14295
14280 14282 14297
14298 14280 14297
14282 14299 14297
14282 14300 14299
14298 14297 14301
14301 14297 14299
14300 14302 14299
14300 14303 14302
14298 14301 14304
14298 14304 14305
14304 14306 14305
14301 14299 14307
14307 14299 14302
14301 14308 14304
14304 14308 14306
14301 14307 14308
14309 14306 14308
14307 14309 14308
14309 14310 14306
14311 14310 14309
14303 14312 14302
14303 14313 14312
14307 14302 14314
14307 14314 14309
14314 14302 14312
14311 14309 14315
14316 14311 14315
14314 14317 14309
14317 14315 14309
14316 14315 14318
14319 14316 14318
14313 14320 14312
14313 14321 14320
14314 14312 14322
14322 14317 14314
14323 14322 14312
14323 14312 14320
14323 14317 14322
14317 14324 14315
14324 14318 14315
14321 14325 14320
14321 14326 14325
14327 14323 14320
14327 14320 14325
14323 14328 14317
14317 14328 14324
14327 14328 14323
14326 14329 14325
14329 14327 14325
14326 14330 14329
14331 14318 14324
14328 14331 14324
14327 14332 14328
14328 14332 14331
14331 14333 14318
14319 14318 14333
14334 14333 14331
14332 14334 14331
14335 14319 14333
14334 14335 14333
14335 14336 14319
14337 14332 14327
14329 14337 14327
14330 14338 14329
14330 14339 14338
14332 14340 14334
14337 14340 14332
14341 14337 14329
14341 14329 14338
14341 14340 14337
14338 14339 14342
14339 14343 14342
14338 14342 14344
14345 14338 14344
14345 14341 14338
14345 14346 14341
14341 14346 14340
14345 14347 14346
14346 14347 14348
14340 14349 14334
14340 14346 14349
14346 14348 14349
14349 14335 14334
14348 14350 14349
14349 14350 14335
14348 14351 14350
14352 14335 14350
14351 14352 14350
14352 14336 14335
14351 14353 14352
14354 14336 14352
14352 14353 14355
14352 14355 14354
14356 14357 14358
14358 14357 14359
14358 14359 14360
14360 14359 14361
14360 14362 14358
14360 14363 14362
14363 14364 14362
14363 14365 14364
14365 14366 14364
14365 14367 14366
14367 14368 14366
14367 14369 14368
14369 14370 14368
14369 14371 14370
14371 14372 14370
14371 14373 14372
14374 14372 14373
14374 14373 14375
14376 14374 14375
14377 14378 14379
14379 14380 14377
14379 14381 14380
14382 14383 14384
14382 14384 14385
14386 14382 14385
14386 14385 14387
14385 14384 14388
14387 14385 14389
14385 14388 14389
14387 14389 14390
14391 14389 14388
14390 14389 14391
14391 14388 14392
14390 14391 14393
14394 14393 14391
14395 14390 14393
14393 14396 14395
14394 14396 14393
14397 14391 14392
14394 14391 14397
14397 14392 14398
14397 14398 14399
14397 14399 14400
14394 14397 14400
14400 14399 14401
14394 14402 14396
14403 14402 14394
14402 14404 14396
14402 14405 14404
14403 14405 14402
14405 14406 14404
14405 14407 14406
14394 14400 14408
14403 14394 14408
14408 14400 14409
14400 14401 14409
14408 14409 14410
14403 14408 14410
14401 14411 14409
14410 14409 14411
14412 14407 14405
14403 14412 14405
14401 14413 14411
14401 14414 14413
14415 14413 14414
14415 14416 14413
14417 14416 14415
14416 14418 14413
14418 14411 14413
14417 14419 14416
14416 14420 14418
14421 14419 14417
14422 14418 14420
14422 14420 14423
14424 14422 14423
14418 14425 14411
14422 14425 14418
14421 14417 14426
14417 14427 14426
14426 14427 14428
14424 14429 14422
14429 14424 14430
14426 14431 14421
14431 14432 14421
14426 14428 14433
14426 14433 14431
14433 14428 14434
14431 14435 14432
14432 14435 14436
14436 14435 14437
14435 14438 14437
14433 14434 14439
14439 14434 14440
14433 14441 14431
14441 14435 14431
14441 14433 14439
14435 14442 14438
14441 14442 14435
14442 14443 14438
14442 14444 14443
14444 14442 14441
14444 14445 14443
14439 14440 14446
14447 14446 14440
14441 14439 14448
14448 14444 14441
14446 14448 14439
14444 14449 14445
14448 14449 14444
14449 14450 14445
14451 14449 14448
14446 14451 14448
14449 14452 14450
14451 14452 14449
14452 14453 14450
14447 14454 14446
14454 14447 14455
14451 14446 14456
14456 14452 14451
14446 14454 14456
14452 14457 14453
14456 14457 14452
14457 14458 14453
14457 14459 14458
14460 14459 14457
14461 14460 14457
14461 14457 14456
14462 14461 14456
14454 14462 14456
14454 14455 14463
14463 14462 14454
14463 14455 14464
14465 14462 14463
14463 14464 14466
14463 14467 14465
14463 14466 14467
14468 14469 14470
14469 14468 14471
14469 14471 14472
14472 14471 14473
14474 14475 14476
14474 14477 14475
14477 14474 14478
14479 14475 14477
14479 14480 14475
14477 14478 14481
14479 14477 14481
14482 14480 14479
14483 14479 14481
14484 14482 14479
14484 14479 14483
14485 14481 14478
14483 14481 14486
14485 14486 14481
14487 14484 14483
14486 14488 14483
14487 14483 14488
14489 14482 14484
14487 14490 14484
14490 14489 14484
14482 14491 14480
14489 14492 14482
14482 14492 14491
14491 14493 14480
14491 14494 14493
14494 14491 14492
14495 14480 14493
14495 14496 14480
14497 14496 14495
14497 14495 14498
14494 14492 14499
14492 14500 14499
14501 14499 14500
14502 14492 14489
14502 14500 14492
14503 14501 14500
14503 14500 14502
14504 14502 14489
14503 14502 14504
14504 14489 14490
14505 14501 14503
14505 14506 14501
14506 14505 14507
14506 14507 14508
14508 14507 14509
14508 14509 14510
14510 14509 14511
14512 14503 14504
14513 14505 14503
14513 14503 14512
14514 14504 14490
14512 14504 14514
14505 14513 14515
14505 14515 14516
14516 14515 14517
14515 14518 14517
14517 14518 14519
14520 14515 14513
14518 14515 14520
14521 14513 14512
14520 14513 14521
14522 14512 14514
14521 14512 14522
14514 14490 14523
14522 14514 14524
14514 14523 14524
14523 14490 14525
14487 14525 14490
14526 14524 14523
14526 14523 14525
14526 14527 14524
14528 14524 14527
14524 14528 14522
14529 14522 14528
14529 14521 14522
14530 14521 14529
14530 14520 14521
14520 14530 14531
14520 14531 14532
14532 14531 14533
14518 14520 14532
14532 14533 14534
14518 14532 14534
14534 14533 14535
14518 14534 14536
14518 14536 14519
14534 14535 14537
14536 14534 14537
14535 14538 14537
14519 14536 14539
14536 14537 14539
14538 14539 14537
14519 14539 14540
14539 14541 14540
14538 14542 14539
14539 14542 14541
14542 14538 14543
14541 14542 14544
14543 14545 14542
14542 14545 14544
14546 14547 14548
14549 14546 14548
14549 14548 14550
14551 14552 14553
14551 14554 14552
14555 14552 14554
14555 14556 14552
14557 14558 14559
14557 14560 14558
14560 14557 14561
14560 14561 14562
14562 14561 14563
14562 14563 14564
14564 14563 14565
14564 14565 14566
14566 14565 14567
14566 14567 14568
14567 14569 14568
14567 14570 14569
14569 14570 14571
14569 14571 14572
14572 14571 14573
14572 14573 14574
14574 14573 14575
14574 14575 14576
14576 14575 14577
14576 14577 14578
14579 14578 14577
14580 14579 14577
14579 14581 14578
14580 14582 14579
14580 14583 14582
14584 14581 14579
14584 14585 14581
14582 14583 14586
14582 14586 14587
14586 14588 14587
14586 14589 14588
14590 14585 14584
14590 14584 14591
14592 14590 14591
14592 14593 14590
14594 14593 14592
14594 14595 14593
14596 14595 14594
14596 14597 14595
14598 14597 14596
14598 14599 14597
14600 14599 14598
14600 14601 14599
14602 14601 14600
14602 14603 14601
14604 14603 14602
14604 14605 14603
14606 14605 14604
14606 14607 14605
14607 14606 14608
14607 14608 14609
14610 14609 14608
14610 14611 14609
14612 14611 14610
14613 14612 14610
14614 14612 14613
14613 14610 14615
14614 14616 14612
14615 14610 14617
14618 14616 14614
14615 14617 14619
14618 14620 14616
14621 14619 14617
14622 14620 14618
14621 14623 14619
14622 14624 14620
14623 14621 14625
14626 14624 14622
14623 14625 14627
14626 14628 14624
14629 14628 14626
14629 14630 14628
14631 14630 14629
14631 14632 14630
14633 14632 14631
14633 14634 14632
14635 14634 14633
14635 14636 14634
14636 14635 14637
14638 14636 14637
14638 14637 14639
14627 14625 14640
14627 14640 14641
14641 14640 14642
14641 14642 14643
14640 14644 14642
14642 14644 14645
14642 14645 14646
14646 14645 14647
14646 14647 14648
14648 14647 14649
14650 14648 14649
14650 14651 14648
14589 14650 14649
14589 14649 14588
14652 14653 14654
14652 14654 14655
14655 14654 14656
14655 14656 14657
14658 14659 14660
14658 14661 14659
14661 14658 14662
14659 14661 14663
14659 14663 14664
14661 14662 14665
14663 14661 14665
14664 14663 14666
14664 14666 14667
14668 14665 14662
14669 14665 14668
14668 14662 14670
14663 14665 14671
14666 14663 14671
14669 14671 14665
14672 14668 14670
14669 14668 14672
14672 14670 14673
14674 14672 14673
14674 14673 14675
14676 14674 14675
14676 14677 14674
14674 14677 14678
14679 14667 14666
14679 14680 14667
14681 14679 14666
14681 14682 14679
14666 14671 14681
14683 14682 14681
14671 14684 14681
14683 14681 14684
14671 14669 14684
14683 14684 14685
14685 14684 14669
14683 14685 14686
14686 14685 14687
14685 14688 14687
14687 14688 14689
14688 14690 14689
14685 14669 14691
14692 14685 14691
14678 14692 14691
14693 14691 14669
14669 14672 14693
14672 14674 14693
14678 14691 14694
14674 14678 14694
14693 14694 14691
14693 14674 14694
14695 14688 14685
14695 14696 14688
14695 14685 14697
14685 14698 14697
14688 14699 14690
14700 14699 14688
14690 14699 14701
14690 14701 14702
14700 14703 14699
14703 14701 14699
14702 14701 14704
14702 14704 14705
14700 14706 14703
14700 14707 14706
14706 14707 14708
14703 14709 14701
14709 14704 14701
14703 14706 14710
14706 14708 14710
14703 14710 14709
14711 14710 14708
14709 14710 14711
14711 14708 14712
14713 14711 14712
14705 14704 14714
14705 14714 14715
14709 14716 14704
14709 14711 14716
14716 14714 14704
14713 14717 14711
14718 14717 14713
14716 14711 14719
14719 14711 14717
14718 14720 14717
14721 14720 14718
14715 14714 14722
14715 14722 14723
14716 14724 14714
14724 14716 14719
14725 14714 14724
14725 14722 14714
14725 14724 14719
14719 14717 14726
14726 14717 14720
14723 14722 14727
14723 14727 14728
14729 14722 14725
14729 14727 14722
14725 14719 14730
14719 14726 14730
14729 14725 14730
14728 14727 14731
14731 14727 14729
14728 14731 14732
14733 14726 14720
14730 14726 14733
14729 14730 14734
14730 14733 14734
14733 14720 14735
14721 14735 14720
14736 14733 14735
14734 14733 14736
14737 14735 14721
14736 14735 14737
14737 14721 14738
14739 14729 14734
14731 14729 14739
14732 14731 14740
14732 14740 14741
14734 14736 14742
14739 14734 14742
14743 14731 14739
14743 14740 14731
14743 14739 14742
14740 14744 14741
14744 14745 14741
14740 14746 14744
14747 14746 14740
14747 14740 14743
14747 14743 14748
14743 14742 14748
14747 14748 14749
14748 14750 14749
14742 14736 14751
14742 14751 14748
14748 14751 14750
14751 14736 14737
14750 14751 14752
14751 14737 14752
14750 14752 14753
14754 14752 14737
14753 14752 14754
14738 14754 14737
14753 14754 14755
14756 14754 14738
14755 14754 14756
14755 14756 14757
14758 14759 14760
14760 14759 14761
14760 14761 14762
14762 14761 14763
14761 14759 14764
14761 14764 14765
14765 14764 14766
14765 14766 14767
14767 14766 14768
14767 14768 14769
14769 14768 14770
14769 14770 14771
14771 14770 14772
14771 14772 14773
14773 14772 14774
14773 14774 14775
14776 14775 14774
14776 14777 14775
14778 14777 14776
14779 14780 14781
14782 14780 14779
14783 14780 14782
14784 14780 14783
14784 14783 14785
14786 14784 14785
14786 14787 14784
14787 14788 14784
14787 14789 14788
14790 14791 14792
14790 14793 14791
14794 14793 14790
14794 14795 14793
14793 14796 14791
14795 14797 14793
14793 14797 14796
14795 14798 14797
14799 14796 14797
14799 14800 14796
14797 14798 14801
14797 14801 14799
14802 14799 14801
14801 14798 14803
14801 14803 14804
14802 14801 14804
14805 14800 14799
14802 14805 14799
14805 14806 14800
14805 14807 14806
14805 14808 14807
14802 14808 14805
14808 14809 14807
14802 14804 14810
14811 14802 14810
14810 14804 14812
14810 14812 14813
14811 14810 14813
14813 14812 14814
14813 14814 14407
14802 14815 14808
14811 14815 14802
14816 14813 14407
14811 14813 14816
14815 14817 14808
14808 14817 14809
14816 14407 14818
14412 14818 14407
14815 14819 14817
14811 14819 14815
14809 14817 14820
14819 14820 14817
14821 14811 14816
14821 14816 14818
14822 14818 14412
14822 14412 14403
14811 14823 14819
14821 14823 14811
14823 14824 14819
14819 14824 14820
14825 14809 14820
14825 14826 14809
14827 14826 14825
14827 14828 14826
14829 14825 14820
14827 14825 14829
14830 14828 14827
14830 14831 14828
14827 14829 14832
14833 14831 14830
14831 14833 14834
14833 14830 14835
14833 14836 14834
14829 14820 14837
14820 14824 14837
14838 14832 14829
14838 14829 14837
14838 14839 14832
14840 14839 14838
14833 14835 14841
14841 14835 14842
14833 14843 14836
14833 14841 14843
14843 14844 14836
14840 14838 14845
14845 14846 14840
14843 14847 14844
14847 14848 14844
14843 14841 14849
14849 14847 14843
14841 14842 14850
14849 14841 14850
14847 14851 14848
14852 14848 14851
14849 14853 14847
14851 14847 14853
14845 14838 14854
14838 14837 14854
14855 14850 14842
14855 14842 14856
14857 14855 14856
14857 14858 14855
14855 14858 14859
14855 14859 14860
14850 14855 14860
14860 14859 14861
14850 14860 14862
14849 14850 14862
14853 14849 14862
14860 14861 14863
14862 14860 14863
14863 14861 14864
14853 14862 14865
14862 14863 14865
14863 14864 14866
14865 14863 14866
14866 14864 14867
14868 14853 14865
14851 14853 14868
14865 14866 14869
14868 14865 14869
14866 14867 14870
14869 14866 14870
14868 14871 14851
14871 14868 14869
14870 14867 14872
14872 14867 14873
14869 14870 14874
14874 14870 14872
14871 14869 14874
14875 14874 14872
14876 14874 14875
14876 14871 14874
14877 14871 14876
14871 14878 14851
14878 14871 14877
14852 14851 14878
14878 14879 14852
14877 14880 14878
14878 14880 14879
14881 14880 14877
14880 14882 14879
14880 14881 14883
14880 14884 14882
14880 14883 14884
14885 14886 14887
14885 14887 14888
14888 14889 14885
14890 14888 14887
14890 14887 14891
14888 14892 14889
14890 14892 14888
14893 14890 14891
14894 14892 14890
14895 14890 14893
14895 14894 14890
14896 14889 14892
14894 14897 14892
14896 14892 14897
14898 14894 14895
14897 14894 14899
14898 14899 14894
14895 14893 14900
14898 14895 14901
14901 14895 14900
14893 14891 14902
14893 14903 14900
14893 14902 14903
14902 14891 14904
14902 14904 14905
14903 14902 14905
14906 14904 14891
14906 14891 14907
14908 14906 14907
14908 14907 14909
14903 14905 14910
14903 14910 14911
14912 14911 14910
14903 14911 14913
14900 14903 14913
14913 14911 14912
14914 14900 14913
14914 14901 14900
14913 14912 14915
14914 14913 14915
14915 14912 14916
14915 14916 14917
14914 14915 14918
14918 14915 14917
14916 14919 14917
14916 14920 14919
14918 14917 14921
14919 14921 14917
14920 14922 14919
14920 14923 14922
14923 14924 14922
14919 14925 14921
14925 14919 14922
14924 14926 14922
14926 14924 14927
14925 14922 14928
14926 14928 14922
14921 14925 14929
14928 14929 14925
14930 14918 14921
14921 14929 14930
14926 14927 14931
14931 14927 14932
14926 14933 14928
14928 14933 14929
14930 14934 14918
14934 14914 14918
14934 14935 14914
14935 14901 14914
14930 14936 14934
14935 14934 14936
14930 14937 14936
14929 14937 14930
14929 14938 14937
14938 14929 14933
14938 14933 14939
14933 14940 14939
14933 14926 14940
14940 14926 14931
14941 14935 14936
14940 14931 14942
14935 14943 14901
14941 14943 14935
14944 14901 14943
14898 14901 14944
14942 14931 14945
14931 14932 14945
14941 14946 14943
14944 14943 14946
14941 14947 14946
14948 14947 14941
14948 14941 14949
14950 14948 14949
14950 14951 14948
14952 14951 14950
14952 14953 14951
14954 14953 14952
14954 14952 14955
14956 14954 14955
14956 14957 14954
14957 14956 14942
14957 14942 14958
14958 14942 14959
14942 14945 14959
14945 14960 14959
14945 14961 14960
14932 14961 14945
14961 14932 14962
14961 14962 14963
14961 14964 14960
14961 14965 14964
14964 14965 14966
14967 14968 14969
14967 14969 14970
14967 14970 14971
14971 14970 14972
14971 14972 14973
14973 14972 14974
14973 14974 14975
14975 14974 14946
14975 14946 14976
14977 14976 14946
14974 14944 14946
14972 14944 14974
14972 14978 14944
14978 14972 14970
14978 14898 14944
14978 14899 14898
14978 14970 14979
14979 14970 14969
14978 14979 14980
14899 14978 14980
14979 14969 14981
14981 14980 14979
14969 14982 14981
14969 14983 14982
14982 14983 14984
14981 14985 14980
14982 14985 14981
14986 14899 14980
14985 14986 14980
14987 14899 14986
14897 14899 14987
14985 14988 14986
14988 14987 14986
14989 14897 14987
14988 14989 14987
14989 14896 14897
14990 14988 14985
14982 14990 14985
14991 14989 14988
14990 14991 14988
14992 14896 14989
14991 14992 14989
14982 14993 14990
14993 14991 14990
14982 14984 14994
14982 14994 14993
14992 14995 14896
14995 14889 14896
14993 14996 14991
14994 14997 14993
14997 14996 14993
14991 14998 14992
14991 14996 14998
14999 14994 14984
14994 14999 14997
14992 14485 14995
14992 14998 14485
14995 14485 14478
14998 14486 14485
14995 14478 15000
14995 15000 14889
15001 15000 14478
14998 15002 14486
14996 15002 14998
14486 15002 14488
14889 15000 15003
15001 15003 15000
14889 15003 15004
14996 15005 15002
14997 15005 14996
15002 15005 14488
15005 14997 14488
15006 15003 15001
15006 15004 15003
15006 15001 15007
15006 15008 15004
14997 15009 14488
15009 14487 14488
14997 14999 15009
15009 14525 14487
15009 14999 15010
14999 14984 15010
15011 14525 15009
15009 15010 15011
15011 15012 14525
15012 14526 14525
15013 14526 15012
15013 15014 14526
15013 15012 15015
15015 15012 15011
15015 15011 15016
15016 15011 15010
15016 15010 15017
14984 15017 15010
14984 15018 15017
14984 15019 15018
15020 15021 15022
15021 15023 15022
15021 15024 15023
15025 15026 15027
15025 15027 15028
15025 15028 15029
15025 15029 15030
15031 15032 15033
15034 15031 15033
15034 15033 15035
15034 15035 15036
15034 15037 15031
15038 15036 15035
15038 15035 15039
15038 15039 15040
15038 15040 15041
15037 15042 15031
15031 15042 15043
15031 15043 15044
15031 15044 15045
15046 15047 15048
15046 15049 15047
15050 15049 15046
15050 15051 15049
15046 15052 15050
15053 15052 15046
15053 15046 15054
15052 15053 15055
15052 15055 15056
15055 15057 15056
15055 15058 15057
15059 15060 15061
15061 15060 15062
15062 15060 15063
15061 15062 15064
15061 15064 15065
15065 15064 15066
15062 15063 15067
15064 15062 15067
15067 15063 15068
15064 15067 15069
15070 15067 15068
15070 15069 15067
15071 15070 15068
15071 15068 15072
15073 15071 15072
15073 15072 15074
15075 15073 15074
15075 15074 15076
15077 15075 15076
15076 15078 15077
15077 15078 15079
15079 15080 15077
15077 15080 15081
15077 15081 15075
15081 15080 15082
15081 15082 15083
15075 15081 15083
15075 15083 15084
15073 15075 15084
15073 15084 15085
15071 15073 15085
15071 15085 15086
15070 15071 15086
15070 15086 15087
15088 15070 15087
15088 15069 15070
15069 15088 15089
15069 15089 15090
15090 15089 15091
15090 15091 15092
15092 15091 15093
15092 15093 15094
15095 15096 15097
15095 15097 15098
15099 15100 15101
15099 15102 15100
15099 15103 15102
15099 15104 15103
15104 15105 15103
15104 15106 15105
15107 15108 15109
15109 15108 15110
15110 15108 15111
15111 15112 15110
15111 15113 15112
15111 15108 15114
15115 15113 15111
15111 15114 15116
15115 15111 15116
15116 15114 15117
15118 15115 15116
15116 15117 15119
15118 15116 15119
15119 15117 15120
15121 15118 15119
15119 15120 15122
15121 15119 15122
15122 15120 15123
15124 15121 15122
15122 15123 15125
15124 15122 15125
15125 15123 15126
15127 15124 15125
15125 15126 15128
15127 15125 15128
15128 15126 15129
15130 15127 15128
15128 15129 15131
15130 15128 15131
15131 15129 15132
15133 15130 15131
15131 15132 15134
15133 15131 15134
15135 15136 15137
15137 15136 15138
15137 15138 15139
15138 15136 15140
15138 15140 15141
15140 15142 15141
15140 15143 15142
15143 15144 15142
15143 15145 15144
15146 15147 15148
15146 15148 15149
15149 15148 15150
15146 15149 15151
15146 15151 15152
15153 15154 15155
15153 15155 15156
15156 15155 15157
15156 15157 15158
15158 15157 15159
15158 15159 15160
15160 15159 15161
15160 15161 15162
15162 15161 15163
15162 15163 15164
15164 15163 15165
15164 15165 15166
15166 15165 15167
15166 15167 15168
15168 15167 15169
15168 15169 15170
15171 15172 15173
15171 15173 15174
15175 15174 15173
15175 15173 15176
15177 15175 15176
15177 15176 15178
15179 15177 15178
15179 15180 15177
15181 15182 15183
15181 15183 15184
15185 15181 15184
15185 15186 15181
15187 15188 15189
15187 15189 15190
15190 15189 15191
15190 15191 15192
15193 15194 15195
15193 15195 15196
15197 15198 15199
15200 15198 15197
15201 15202 15203
15201 15204 15202
15205 15204 15201
15205 15206 15204
15207 15206 15205
15207 15208 15206
15209 15208 15207
15209 15210 15208
15211 15210 15209
15211 15212 15210
15213 15212 15211
15213 15214 15212
15215 15214 15213
15215 15216 15214
15217 15216 15215
15217 15218 15216
15219 15218 15217
15219 15220 15218
15221 15220 15219
15221 15219 15222
15223 15224 15225
15223 15225 15226
15226 15225 15227
15226 15227 15228
15228 15227 15229
15228 15229 15230
15230 15229 15231
15230 15231 15232
15232 15231 15233
15232 15233 15234
15234 15233 15235
15234 15235 15236
15236 15235 15237
15236 15237 15238
15238 15237 15239
15238 15239 15240
15240 15239 15241
15240 15241 15242
15243 15242 15241
15243 15241 15244
15245 15246 15247
15245 15247 15248
15248 15247 15249
15248 15249 15250
15250 15249 15251
15250 15251 15252
15252 15251 15253
15252 15253 15254
15254 15253 15255
15254 15255 15256
15256 15255 15257
15256 15257 15258
15258 15257 15259
15258 15259 15260
15260 15259 15261
15260 15261 15262
15262 15261 15263
15262 15263 15264
15264 15263 15265
15264 15265 15266
15266 15265 15267
15268 15269 15270
15268 15271 15269
15272 15271 15268
15272 15273 15271
15274 15273 15272
15274 15275 15273
15276 15275 15274
15276 15277 15275
15278 15277 15276
15278 15279 15277
15280 15279 15278
15280 15281 15279
15282 15281 15280
15282 15283 15281
15284 15283 15282
15284 15285 15283
15286 15285 15284
15286 15287 15285
15288 15287 15286
15288 15289 15287
15290 15289 15288
15291 15292 15293
15293 15292 15294
15293 15294 15295
15296 15297 15298
15296 15298 15299
15300 15299 15298
15300 15298 15301
15302 15303 15304
15303 15305 15304
15303 15306 15305
15307 15308 15309
15307 15309 15310
15307 15310 15311
15307 15311 15312
15313 15314 15315
15314 15313 15316
15313 15317 15316
15317 15313 15318
15316 15317 15319
15314 15316 15320
15316 15319 15320
15314 15320 15321
15320 15319 15322
15321 15320 15323
15320 15322 15323
15321 15323 15324
15325 15323 15322
15326 15324 15323
15325 15326 15323
15327 15326 15325
15327 15328 15326
15328 15327 15329
15330 15331 15332
15333 15331 15330
15333 15334 15331
15333 15335 15334
15333 15336 15335
15337 15335 15336
15337 15336 15338
15339 15337 15338
15339 15338 15340
15339 15340 15341
15339 15341 15342
15342 15341 15343
15342 15343 15344
15345 15344 15343
15346 15347 15348
15346 15348 15349
15350 15349 15348
15350 15348 15351
15350 15351 15352
15353 15352 15351
15354 15355 15356
15355 15354 15357
15355 15357 15358
15359 15358 15357
15359 15357 15360
15361 15359 15360
15361 15362 15359
15363 15362 15361
15363 15361 15364
15365 15363 15364
15365 15364 15366
15367 15365 15366
15368 15367 15366
15366 15369 15368
15369 15370 15368
15370 15371 15368
15372 15373 15374
15372 15375 15373
15376 15375 15372
15375 15377 15373
15375 15378 15377
15377 15378 15379
15377 15379 15380
15380 15379 15381
15380 15381 15382
15382 15381 15383
15382 15383 15384
15384 15383 15385
15384 15385 15386
15387 15386 15385
15387 15388 15386
15388 15387 15389
15390 15391 15392
15393 15390 15392
15393 15392 15394
15395 15393 15394
15395 15396 15393
15397 15396 15395
15398 15399 15400
15398 15400 15401
15401 15402 15398
15401 15403 15402
15401 15400 15404
15405 15403 15401
15401 15404 15406
15405 15401 15406
15406 15404 15407
15408 15405 15406
15406 15407 15409
15408 15406 15409
15409 15407 15410
15408 15409 15411
15409 15410 15411
15408 15411 15412
15413 15411 15410
15414 15412 15411
15413 15414 15411
15414 15415 15412
15416 15414 15413
15417 15415 15414
15416 15417 15414
15417 15418 15415
15419 15417 15416
15420 15418 15417
15420 15421 15418
15419 15422 15417
15420 15417 15422
15423 15422 15419
15423 15424 15422
15424 15420 15422
15424 15423 15425
15426 15421 15420
15424 15426 15420
15426 15427 15421
15428 15427 15426
15424 15425 15429
15426 15424 15429
15429 15425 15430
15428 15426 15431
15428 15431 15432
15426 15429 15433
15428 15432 15434
15429 15430 15435
15433 15429 15435
15433 15435 15432
15435 15430 15436
15434 15432 15437
15434 15437 15438
15439 15438 15437
15432 15435 15440
15435 15436 15440
15432 15440 15437
15436 15441 15440
15441 15437 15440
15441 15439 15437
15436 15442 15441
15443 15439 15441
15442 15443 15441
15443 15444 15439
15442 15445 15443
15446 15444 15443
15445 15446 15443
15446 15447 15444
15445 15448 15446
15449 15447 15446
15448 15449 15446
15448 15450 15449
15449 15451 15447
15452 15449 15450
15453 15451 15449
15452 15453 15449
15453 15454 15451
15452 15455 15453
15455 15454 15453
15452 15456 15455
15455 15457 15454
15456 15458 15455
15458 15457 15455
15456 15459 15458
15458 15460 15457
15461 15458 15459
15461 15460 15458
15461 15462 15460
15463 15464 15465
15463 15465 15466
15467 15463 15466
15467 15466 15468
15469 15467 15468
15469 15468 15470
15471 15469 15470
15472 15471 15470
15473 15474 15475
15473 15476 15474
15473 15477 15476
15473 15478 15477
15478 15479 15477
15478 15480 15479
15480 15481 15479
15479 15481 15482
15483 15484 15485
15483 15485 15486
15487 15486 15485
15483 15486 15488
15483 15488 15489
15490 15489 15488
15487 15491 15486
15491 15488 15486
15492 15491 15487
15490 15488 15493
15494 15490 15493
15492 15495 15491
15495 15492 15496
15491 15497 15488
15497 15493 15488
15495 15497 15491
15494 15493 15498
15499 15494 15498
15499 15498 15500
15501 15498 15493
15497 15501 15493
15502 15500 15498
15501 15502 15498
15502 15503 15500
15504 15501 15497
15504 15502 15501
15505 15503 15502
15504 15505 15502
15505 15506 15503
15507 15506 15505
15495 15508 15497
15504 15497 15508
15508 15495 15509
15495 15496 15509
15510 15504 15508
15508 15509 15510
15496 15511 15509
15511 15510 15509
15496 15512 15511
15511 15513 15510
15510 15514 15504
15513 15514 15510
15505 15504 15514
15513 15515 15514
15516 15514 15515
15516 15517 15507
15507 15505 15518
15505 15514 15518
15516 15507 15518
15516 15518 15514
15519 15520 15521
15519 15521 15522
15523 15519 15522
15521 15524 15522
15521 15525 15524
15523 15522 15526
15524 15526 15522
15527 15523 15526
15525 15528 15524
15525 15529 15528
15527 15526 15530
15531 15527 15530
15524 15532 15526
15528 15532 15524
15529 15533 15528
15529 15534 15533
15533 15534 15535
15531 15530 15536
15537 15531 15536
15526 15538 15530
15526 15532 15538
15538 15536 15530
15528 15539 15532
15533 15539 15528
15538 15532 15539
15533 15535 15540
15540 15535 15541
15533 15542 15539
15540 15542 15533
15540 15541 15543
15542 15540 15543
15543 15541 15544
15538 15539 15545
15542 15545 15539
15538 15546 15536
15546 15538 15545
15543 15544 15547
15547 15544 15548
15542 15543 15549
15549 15543 15547
15547 15548 15550
15549 15547 15550
15550 15548 15551
15542 15552 15545
15552 15542 15549
15546 15553 15536
15537 15536 15553
15546 15545 15554
15552 15554 15545
15555 15537 15553
15555 15556 15537
15557 15556 15555
15546 15558 15553
15554 15558 15546
15558 15555 15553
15557 15555 15559
15560 15557 15559
15558 15561 15555
15559 15555 15561
15562 15561 15558
15560 15559 15563
15564 15560 15563
15563 15565 15564
15563 15566 15565
15559 15561 15567
15563 15559 15567
15567 15561 15562
15563 15568 15566
15563 15567 15568
15569 15566 15568
15568 15567 15570
15567 15562 15570
15568 15570 15571
15569 15568 15571
15572 15571 15570
15562 15572 15570
15573 15569 15571
15572 15573 15571
15569 15573 15574
15569 15574 15575
15573 15572 15576
15573 15576 15574
15574 15576 15577
15578 15575 15574
15574 15577 15578
15572 15579 15576
15577 15576 15579
15562 15580 15572
15572 15580 15579
15578 15581 15575
15582 15575 15581
15582 15581 15583
15581 15584 15583
15584 15585 15583
15586 15580 15562
15580 15587 15579
15580 15586 15587
15586 15562 15588
15562 15558 15588
15554 15588 15558
15586 15588 15554
15586 15554 15589
15552 15589 15554
15586 15589 15590
15586 15590 15587
15589 15552 15591
15589 15591 15590
15552 15549 15591
15591 15549 15592
15549 15550 15592
15593 15592 15550
15591 15592 15594
15590 15591 15594
15594 15592 15593
15587 15590 15595
15590 15594 15595
15593 15550 15596
15550 15551 15596
15551 15597 15596
15597 15593 15596
15551 15598 15597
15597 15598 15599
15587 15595 15600
15579 15587 15600
15595 15594 15601
15594 15593 15601
15595 15601 15602
15600 15595 15602
15593 15603 15601
15603 15602 15601
15597 15604 15593
15593 15604 15603
15597 15599 15605
15604 15597 15605
15599 15606 15605
15599 15607 15606
15604 15605 15608
15603 15604 15608
15606 15608 15605
15603 15609 15602
15609 15600 15602
15606 15607 15610
15610 15607 15611
15603 15608 15612
15609 15603 15612
15609 15613 15600
15609 15612 15614
15613 15609 15614
15608 15615 15612
15615 15614 15612
15606 15616 15608
15608 15616 15615
15606 15610 15617
15616 15606 15617
15610 15618 15617
15610 15619 15618
15616 15617 15620
15620 15617 15618
15615 15616 15620
15620 15618 15621
15622 15620 15621
15615 15620 15622
15622 15621 15623
15615 15624 15614
15624 15615 15622
15624 15613 15614
15625 15622 15623
15624 15622 15625
15625 15623 15626
15627 15624 15625
15624 15627 15613
15628 15625 15626
15627 15625 15628
15628 15626 15629
15630 15628 15629
15630 15629 15631
15632 15630 15631
15633 15627 15628
15633 15628 15630
15627 15634 15613
15627 15633 15634
15613 15634 15635
15613 15635 15600
15579 15600 15635
15577 15579 15635
15635 15634 15577
15636 15634 15633
15634 15636 15577
15637 15633 15630
15636 15633 15637
15577 15636 15638
15577 15638 15578
15637 15630 15639
15632 15639 15630
15636 15637 15640
15636 15640 15638
15640 15637 15639
15578 15638 15641
15578 15641 15581
15640 15642 15638
15642 15641 15638
15640 15639 15643
15643 15642 15640
15644 15581 15641
15644 15584 15581
15645 15639 15632
15645 15643 15639
15642 15646 15641
15646 15644 15641
15647 15642 15643
15643 15645 15648
15648 15647 15643
15649 15642 15647
15649 15646 15642
15650 15646 15649
15651 15647 15648
15651 15649 15647
15652 15649 15651
15652 15650 15649
15653 15650 15652
15653 15654 15650
15646 15655 15644
15650 15655 15646
15654 15656 15650
15656 15654 15657
15656 15657 15658
15659 15656 15658
15660 15659 15658
15660 15661 15659
15662 15650 15656
15655 15650 15662
15644 15655 15663
15584 15644 15663
15662 15656 15664
15665 15656 15659
15655 15666 15663
15655 15662 15666
15584 15663 15667
15666 15667 15663
15668 15662 15664
15668 15664 15669
15670 15584 15667
15585 15584 15670
15666 15671 15667
15670 15667 15671
15662 15672 15666
15662 15668 15672
15666 15672 15671
15673 15668 15669
15673 15669 15674
15675 15672 15668
15675 15668 15673
15676 15673 15674
15676 15674 15677
15585 15670 15678
15670 15671 15678
15671 15672 15679
15672 15675 15679
15680 15675 15673
15680 15673 15676
15681 15676 15677
15681 15677 15682
15671 15683 15678
15679 15683 15671
15684 15585 15678
15683 15684 15678
15684 15685 15585
15685 15686 15585
15684 14430 15685
15684 14429 14430
15683 14429 15684
14429 15683 15687
15679 15687 15683
14429 15687 14422
14422 15687 14425
14425 15687 15679
14425 15679 15688
15675 15688 15679
15675 15680 15688
15688 15689 14425
15689 15688 15680
15689 14411 14425
14410 14411 15689
15689 15680 15690
15690 15680 15676
15690 15676 15681
15691 14410 15689
15691 15689 15690
14403 14410 15691
14822 14403 15691
14822 15691 15690
14822 15690 15681
15692 14822 15681
14822 15692 14818
15692 15681 15682
14821 14818 15692
15692 15682 15693
15692 15693 14821
15682 15694 15693
15682 15695 15694
15694 15695 15696
14821 15693 15697
14821 15697 14823
14823 15697 14824
15693 15694 15698
15693 15698 15697
15694 15696 15699
15698 15694 15699
15699 15696 15700
15701 14824 15697
15701 15697 15698
14824 15701 14837
15699 15700 15702
15702 15700 15665
15698 15699 15703
15703 15701 15698
15703 15699 15702
14837 15701 15704
15703 15704 15701
14837 15704 14854
15702 15665 15705
15665 15659 15705
15703 15702 15706
15704 15703 15706
15704 15707 14854
14845 14854 15707
15708 15702 15705
15708 15706 15702
15709 15705 15659
15709 15708 15705
15710 15704 15706
15704 15710 15707
15707 15711 14845
14846 14845 15711
15712 14846 15711
15713 15706 15708
15713 15710 15706
15714 15707 15710
15707 15714 15711
15711 15715 15712
15714 15715 15711
15715 15716 15712
15717 15714 15710
15714 15717 15715
15717 15710 15713
15715 15717 15718
15717 15713 15718
15719 15715 15718
15719 15718 15720
15721 15719 15720
15721 15720 15722
15723 15713 15708
15713 15723 15718
15723 15708 15709
15723 15724 15718
15724 15720 15718
15724 15723 15709
15725 15724 15709
15724 15726 15720
15725 15726 15724
15727 15725 15709
15727 15709 15659
15661 15727 15659
15661 15728 15727
15728 15729 15727
15729 15725 15727
15728 15730 15729
15731 15726 15725
15729 15731 15725
15720 15726 15732
15731 15732 15726
15731 15729 15733
15729 15730 15733
15720 15732 15734
15735 15734 15732
15720 15734 15722
15734 15736 15722
15736 15734 15735
15737 15722 15736
15732 15731 15738
15733 15738 15731
15735 15732 15739
15739 15732 15738
15730 15645 15733
15730 15740 15645
15740 15730 15741
15741 15742 15740
15743 15740 15742
15743 15648 15740
15648 15645 15740
15733 15645 15632
15738 15733 15744
15733 15632 15744
15738 15744 15745
15738 15745 15739
15632 15746 15744
15745 15744 15746
15632 15747 15746
15746 15747 15748
15739 15745 15749
15745 15746 15749
15746 15748 15750
15749 15746 15750
15750 15748 15751
15739 15749 15752
15735 15739 15752
15749 15750 15753
15753 15752 15749
15750 15751 15754
15753 15750 15754
15754 15751 15755
15754 15755 15756
15756 15755 15757
15753 15754 15758
15758 15754 15756
15753 15759 15752
15758 15759 15753
15756 15757 15760
15760 15757 15761
15758 15756 15762
15762 15756 15760
15763 15735 15752
15759 15763 15752
15762 15764 15758
15758 15764 15759
15760 15761 15765
15762 15760 15766
15766 15760 15765
15767 15765 15761
15767 15761 15768
15766 15765 15769
15769 15765 15767
15770 15762 15766
15769 15770 15766
15762 15771 15764
15770 15771 15762
15759 15764 15772
15772 15764 15771
15759 15773 15763
15772 15773 15759
15769 15767 15774
15767 15775 15774
15776 15769 15774
15772 15771 15777
15777 15771 15770
15776 15778 15769
15769 15778 15770
15779 15778 15776
15779 15776 15780
15781 15779 15780
15782 15770 15778
15777 15770 15782
15782 15778 15779
15779 15783 15782
15783 15777 15782
15777 15784 15772
15772 15784 15773
15781 15785 15779
15779 15785 15783
15786 15785 15781
15783 15785 15786
15786 15781 15787
15777 15788 15784
15783 15788 15777
15789 15784 15788
15773 15784 15789
15790 15788 15783
15789 15788 15790
15783 15786 15791
15790 15783 15791
15792 15786 15787
15792 15787 15793
15794 15791 15786
15794 15786 15792
15795 15792 15793
15794 15792 15795
15795 15793 15796
15797 15790 15791
15797 15791 15794
15798 15789 15790
15798 15790 15797
15799 15773 15789
15799 15789 15798
15800 15795 15796
15800 15796 15801
15802 15794 15795
15802 15795 15800
15803 15800 15801
15800 15803 15802
15803 15801 15804
15805 15803 15804
15806 15797 15794
15806 15794 15802
15807 15798 15797
15807 15797 15806
15805 15808 15803
15809 15808 15805
15803 15810 15802
15803 15808 15810
15811 15798 15807
15811 15799 15798
15802 15812 15806
15802 15810 15812
15806 15813 15807
15811 15807 15813
15806 15812 15813
15809 15814 15808
15815 15814 15809
15808 15816 15810
15808 15814 15816
15817 15812 15810
15817 15810 15816
15814 15818 15816
15818 15817 15816
15815 15819 15814
15814 15819 15818
15820 15819 15815
15820 15815 15821
15822 15819 15820
15822 15818 15819
15823 15818 15822
15823 15824 15818
15818 15824 15817
15825 15824 15823
15825 15826 15824
15817 15824 15826
15827 15826 15825
15828 15812 15817
15817 15826 15828
15828 15813 15812
15827 15829 15826
15828 15826 15829
15813 15828 15830
15828 15829 15830
15831 15829 15827
15830 15829 15831
15831 15827 15832
15833 15831 15832
15833 15834 15831
15835 15834 15833
15813 15830 15836
15837 15836 15830
15811 15813 15836
15811 15836 15837
15830 15831 15838
15834 15838 15831
15837 15830 15838
15835 15839 15834
15840 15839 15835
15839 15840 15841
15839 15841 15842
15834 15843 15838
15839 15843 15834
15843 15837 15838
15839 15842 15844
15839 15844 15843
15737 15844 15842
15844 15845 15843
15843 15845 15837
15811 15837 15846
15846 15799 15811
15737 15847 15844
15844 15847 15845
15837 15845 15848
15837 15848 15846
15848 15845 15847
15846 15849 15799
15848 15849 15846
15849 15773 15799
15849 15763 15773
15735 15763 15849
15850 15847 15737
15848 15847 15850
15737 15736 15850
15735 15849 15851
15848 15851 15849
15736 15735 15851
15850 15736 15851
15850 15851 15848
15852 15853 15854
15853 15855 15854
15854 15855 15856
15854 15856 15857
15857 15856 15858
15857 15858 15859
15858 15860 15859
15858 15861 15860
15862 15863 15864
15865 15862 15864
15865 15866 15862
15867 15866 15865
15868 15869 15870
15869 15868 15871
15868 15872 15871
15868 15873 15872
15872 15873 15874
15872 15874 15875
15875 15874 15876
15875 15876 15877
15878 15879 15880
15878 15881 15879
15881 15882 15879
15878 15883 15881
15878 15884 15883
15883 15884 15885
15881 15886 15882
15883 15886 15881
15887 15882 15886
15883 15885 15888
15888 15885 15889
15887 15886 15890
15890 15891 15887
15883 15892 15886
15892 15883 15888
15888 15889 15893
15893 15889 15894
15893 15894 15895
15886 15896 15890
15886 15892 15896
15890 15897 15891
15896 15897 15890
15897 15898 15891
15897 15899 15898
15892 15888 15900
15900 15888 15893
15896 15892 15900
15901 15893 15895
15900 15893 15901
15901 15895 15902
15903 15899 15897
15896 15903 15897
15903 15904 15899
15902 15905 15901
15900 15901 15905
15902 15906 15905
15896 15900 15907
15903 15896 15907
15900 15905 15907
15904 15903 15908
15903 15907 15908
15908 15907 15905
15904 15908 15909
15910 15905 15906
15908 15905 15910
15909 15908 15910
15910 15906 15911
15909 15910 15912
15913 15910 15911
15913 15912 15910
15914 15915 15916
15914 15916 15917
15918 15919 15920
15918 15920 15921
15922 15923 15924
15922 15924 15925
15926 15927 15928
15926 15928 15929
15930 15931 15932
15930 15932 15933
15934 15930 15933
15932 15935 15933
15933 15935 15936
15932 15937 15935
15934 15933 15938
15933 15936 15938
15939 15934 15938
15937 15940 15935
15937 15941 15940
15935 15940 15942
15935 15942 15936
15941 15943 15940
15940 15943 15942
15941 15944 15943
15939 15938 15945
15938 15936 15945
15944 15946 15943
15944 15947 15946
15943 15948 15942
15943 15946 15949
15943 15949 15948
15942 15948 15950
15936 15942 15951
15942 15950 15951
15948 15949 15952
15948 15952 15950
15946 15953 15949
15949 15953 15954
15949 15954 15952
15952 15954 15955
15946 15956 15953
15957 15956 15946
15956 15958 15953
15957 15959 15956
15959 15958 15956
15959 15960 15958
15952 15955 15961
15950 15952 15961
15961 15955 15962
15950 15961 15963
15951 15950 15963
15961 15962 15964
15963 15961 15964
15964 15962 15965
15964 15965 15966
15966 15965 15967
15966 15967 15968
15968 15967 15969
15951 15963 15970
15963 15964 15971
15970 15963 15971
15972 15964 15966
15971 15964 15972
15973 15966 15968
15973 15972 15966
15974 15973 15968
15972 15973 15975
15975 15973 15974
15968 15969 15976
15974 15968 15976
15969 15977 15976
15977 15974 15976
15969 15978 15977
15977 15978 15979
15980 15971 15972
15970 15971 15980
15977 15979 15981
15981 15979 15982
15980 15972 15983
15972 15975 15983
15984 15980 15983
15970 15980 15984
15977 15985 15974
15985 15977 15981
15981 15982 15986
15986 15982 15987
15985 15981 15988
15988 15981 15986
15985 15989 15974
15989 15985 15988
15990 15983 15975
15984 15983 15990
15975 15974 15991
15974 15989 15991
15975 15991 15992
15989 15992 15991
15990 15975 15993
15975 15992 15993
15988 15986 15994
15989 15988 15995
15995 15988 15994
15986 15987 15996
15994 15986 15996
15989 15997 15992
15997 15989 15995
15998 15984 15990
15999 15990 15993
15998 15990 15999
16000 15993 15992
15999 15993 16000
16000 15992 16001
15997 16001 15992
16002 16000 16001
15999 16000 16002
16003 15984 15998
16003 15970 15984
15997 16004 16001
16002 16001 16004
16005 15970 16003
16005 15951 15970
15936 15951 16005
15936 16005 16006
16006 16005 16003
15945 15936 16006
16007 16003 15998
16006 16003 16007
16008 15998 15999
16008 16007 15998
16009 16006 16007
15945 16006 16009
16009 16007 16008
16008 15999 16010
15999 16002 16010
16011 15945 16009
15939 15945 16011
16012 16009 16008
16012 16008 16010
16011 16009 16012
16013 16010 16002
16012 16010 16013
16014 16011 16012
16014 15939 16011
16013 16002 16015
16015 16002 16004
16016 16012 16013
16014 16012 16016
16017 16013 16015
16016 16013 16017
16015 16004 16018
16017 16015 16019
16019 16015 16018
16020 16018 16004
15997 16020 16004
16020 15997 16021
15997 15995 16021
16021 15995 16022
15995 15994 16022
16023 16016 16017
16024 16014 16016
16024 16016 16023
16025 16017 16019
16023 16017 16025
16019 16018 16026
16025 16019 16027
16027 16019 16026
16023 16025 16028
16028 16025 16027
16029 16024 16023
16023 16028 16029
16030 16026 16018
16020 16030 16018
16031 16022 15994
16032 16022 16031
16021 16022 16032
16020 16021 16033
16033 16021 16032
16030 16020 16034
16020 16033 16034
16031 15994 16035
15994 15996 16035
16036 16035 15996
15996 15987 16036
16037 16031 16035
16036 16037 16035
15987 16038 16036
15987 16039 16038
16038 16039 16040
16038 16040 16041
16036 16038 16041
16036 16041 16042
16037 16036 16043
16037 16043 16044
16045 16037 16044
16031 16037 16045
16045 16044 16046
16047 16031 16045
16032 16031 16047
16048 16045 16046
16047 16045 16048
16048 16046 16049
16050 16032 16047
16033 16032 16050
16051 16047 16048
16050 16047 16051
16050 16051 16052
16053 16048 16049
16051 16048 16053
16052 16051 16053
16053 16049 16054
16055 16053 16054
16055 16056 16053
16052 16053 16056
16033 16050 16057
16050 16052 16057
16052 16058 16057
16033 16057 16034
16058 16034 16057
16058 16059 16034
16030 16034 16059
16030 16059 16060
16030 16060 16026
16060 16061 16026
16027 16026 16061
16062 16060 16059
16060 16062 16061
16062 16059 16063
16058 16063 16059
16061 16062 16064
16064 16062 16063
16027 16061 16065
16061 16064 16065
16027 16065 16066
16028 16027 16066
16058 16067 16063
16064 16063 16068
16063 16067 16068
16069 16065 16064
16070 16066 16065
16070 16065 16069
16068 16071 16064
16071 16069 16064
16066 16072 16028
16070 16073 16066
16066 16073 16072
16074 16028 16072
16074 16029 16028
16075 16070 16069
16075 16076 16070
16076 16073 16070
16076 16077 16073
16077 16072 16073
16077 16078 16072
16078 16074 16072
16079 16075 16069
16079 16069 16071
16078 16080 16074
16081 16074 16080
16079 16071 16082
16079 16082 16083
16068 16082 16071
16081 16084 16074
16074 16084 16029
16085 16084 16081
16086 16083 16082
16086 16082 16068
16086 16087 16083
16086 16068 16067
16087 16086 16088
16088 16086 16067
16087 16088 16089
16088 16090 16089
16029 16084 16091
16029 16091 16024
16085 16092 16084
16084 16092 16091
16093 16092 16085
16093 16091 16092
16093 16085 16094
16095 16093 16094
16088 16067 16096
16058 16096 16067
16088 16097 16090
16097 16088 16096
16098 16090 16097
16098 16097 16099
16097 16100 16099
16097 16101 16100
16097 16096 16101
16101 16102 16100
16101 16103 16102
16096 16103 16101
16103 16104 16102
16058 16105 16096
16096 16105 16103
16052 16105 16058
16103 16106 16104
16105 16106 16103
16105 16052 16106
16106 16107 16104
16052 16108 16106
16106 16108 16107
16109 16110 16111
16109 16111 16112
16112 16111 16113
16109 16112 16114
16109 16114 16115
16116 16115 16114
16112 16113 16117
16117 16113 15939
16112 16117 16118
16112 16118 16114
16118 16117 15939
16116 16114 16119
16119 16114 16118
16120 16116 16119
16118 15939 16121
16121 15939 16014
16122 16118 16121
16119 16118 16122
16123 16121 16014
16122 16121 16123
16123 16014 16024
16091 16123 16024
16091 16124 16123
16122 16123 16124
16093 16124 16091
16124 16125 16122
16124 16093 16125
16125 16119 16122
16095 16125 16093
16125 16095 16126
16120 16119 16127
16125 16127 16119
16125 16126 16127
16127 16128 16120
16127 16126 16128
16129 16130 16131
16129 16132 16130
16133 16132 16129
16130 16132 16134
16132 16135 16134
16130 16134 16136
16133 16137 16132
16132 16137 16135
16138 16137 16133
16136 16134 16139
16136 16139 16140
16134 16141 16139
16134 16135 16141
16140 16139 16142
16139 16141 16142
16140 16142 16143
16138 16144 16137
16137 16144 16135
16143 16142 16145
16143 16145 16146
16142 16141 16147
16142 16148 16145
16142 16147 16148
16141 16149 16147
16135 16150 16141
16141 16150 16149
16147 16151 16148
16147 16149 16151
16145 16148 16152
16148 16153 16152
16148 16151 16153
16151 16154 16153
16145 16152 16155
16156 16145 16155
16155 16152 16157
16156 16155 16158
16158 16155 16157
16158 16157 16159
16151 16160 16154
16149 16160 16151
16160 16161 16154
16149 16162 16160
16150 16162 16149
16160 16163 16161
16162 16163 16160
16163 16164 16161
16163 16165 16164
16165 16166 16164
16165 16167 16166
16167 16168 16166
16150 16169 16162
16162 16170 16163
16169 16170 16162
16171 16165 16163
16170 16171 16163
16172 16167 16165
16172 16165 16171
16173 16167 16172
16171 16174 16172
16174 16173 16172
16167 16175 16168
16173 16175 16167
16168 16175 16176
16176 16175 16173
16168 16176 16177
16176 16178 16177
16179 16171 16170
16169 16179 16170
16176 16180 16178
16180 16181 16178
16179 16182 16171
16171 16182 16174
16183 16182 16179
16169 16183 16179
16176 16173 16184
16184 16180 16176
16180 16185 16181
16185 16186 16181
16184 16187 16180
16187 16185 16180
16184 16173 16188
16188 16187 16184
16189 16174 16182
16183 16189 16182
16174 16190 16173
16173 16190 16188
16174 16191 16190
16188 16190 16191
16189 16192 16174
16174 16192 16191
16188 16193 16187
16187 16194 16185
16193 16194 16187
16188 16191 16195
16195 16193 16188
16196 16189 16183
16197 16192 16189
16196 16197 16189
16198 16191 16192
16197 16198 16192
16198 16199 16191
16195 16191 16199
16200 16199 16198
16197 16200 16198
16201 16196 16183
16201 16183 16169
16195 16199 16202
16200 16202 16199
16203 16201 16169
16203 16169 16150
16135 16203 16150
16135 16204 16203
16204 16201 16203
16144 16204 16135
16205 16196 16201
16204 16205 16201
16206 16197 16196
16206 16196 16205
16207 16205 16204
16144 16207 16204
16207 16206 16205
16206 16208 16197
16197 16208 16200
16209 16207 16144
16138 16209 16144
16210 16206 16207
16210 16208 16206
16209 16210 16207
16211 16200 16208
16210 16211 16208
16212 16210 16209
16212 16209 16138
16211 16213 16200
16213 16202 16200
16214 16211 16210
16212 16214 16210
16215 16213 16211
16214 16215 16211
16213 16216 16202
16215 16217 16213
16217 16216 16213
16218 16202 16216
16195 16202 16218
16218 16219 16195
16195 16219 16193
16219 16220 16193
16193 16220 16194
16221 16215 16214
16222 16214 16212
16222 16221 16214
16223 16217 16215
16221 16223 16215
16217 16224 16216
16223 16225 16217
16225 16224 16217
16221 16226 16223
16226 16225 16223
16227 16221 16222
16221 16227 16226
16228 16216 16224
16218 16216 16228
16229 16194 16220
16230 16229 16220
16219 16230 16220
16218 16231 16219
16231 16230 16219
16228 16232 16218
16218 16232 16231
16229 16233 16194
16233 16185 16194
16233 16234 16185
16185 16234 16186
16235 16234 16233
16234 16235 16186
16233 16229 16236
16235 16233 16236
16235 16237 16186
16186 16237 16238
16237 16239 16238
16237 16240 16239
16235 16240 16237
16235 16241 16240
16236 16242 16235
16236 16243 16242
16244 16243 16236
16229 16244 16236
16244 16245 16243
16246 16244 16229
16230 16246 16229
16247 16245 16244
16246 16247 16244
16247 16248 16245
16249 16246 16230
16231 16249 16230
16250 16247 16246
16249 16250 16246
16249 16251 16250
16252 16248 16247
16250 16252 16247
16251 16252 16250
16252 16253 16248
16254 16253 16252
16254 16252 16255
16251 16255 16252
16231 16256 16249
16249 16256 16251
16251 16256 16257
16231 16232 16256
16257 16256 16232
16257 16232 16258
16228 16258 16232
16228 16259 16258
16228 16224 16259
16259 16224 16260
16225 16260 16224
16261 16258 16259
16259 16260 16261
16261 16262 16258
16257 16258 16262
16260 16263 16261
16263 16262 16261
16225 16264 16260
16260 16264 16263
16225 16265 16264
16226 16265 16225
16257 16262 16266
16263 16267 16262
16262 16267 16266
16268 16263 16264
16269 16264 16265
16269 16268 16264
16267 16263 16270
16270 16263 16268
16265 16226 16271
16269 16265 16272
16265 16271 16272
16273 16271 16226
16273 16226 16227
16274 16268 16269
16274 16269 16275
16275 16269 16272
16275 16272 16276
16276 16272 16271
16276 16271 16277
16277 16271 16273
16278 16268 16274
16278 16270 16268
16277 16273 16279
16280 16279 16273
16278 16281 16270
16278 16282 16281
16267 16270 16281
16280 16273 16283
16273 16227 16283
16284 16280 16283
16285 16281 16282
16285 16267 16281
16285 16282 16286
16285 16266 16267
16286 16287 16285
16287 16266 16285
16286 16288 16287
16287 16288 16289
16227 16290 16283
16227 16222 16290
16284 16283 16291
16283 16290 16291
16292 16284 16291
16292 16291 16290
16292 16293 16284
16294 16293 16292
16287 16295 16266
16257 16266 16295
16287 16289 16296
16296 16295 16287
16297 16296 16289
16297 16298 16296
16296 16298 16299
16296 16299 16300
16296 16300 16295
16300 16299 16301
16300 16301 16302
16295 16300 16302
16302 16301 16303
16257 16295 16304
16295 16302 16304
16251 16257 16304
16302 16303 16305
16304 16302 16305
16304 16305 16251
16305 16303 16306
16251 16305 16307
16305 16306 16307
16308 16309 16310
16308 16311 16309
16311 16312 16309
16308 16313 16311
16308 16314 16313
16315 16313 16314
16311 16316 16312
16316 16138 16312
16311 16317 16316
16311 16313 16317
16317 16138 16316
16315 16318 16313
16318 16317 16313
16319 16318 16315
16317 16320 16138
16320 16212 16138
16321 16320 16317
16318 16321 16317
16322 16212 16320
16321 16322 16320
16322 16222 16212
16290 16222 16322
16290 16322 16323
16321 16323 16322
16292 16290 16323
16323 16321 16324
16323 16324 16292
16324 16321 16318
16294 16292 16324
16324 16325 16294
16319 16326 16318
16324 16318 16326
16324 16326 16325
16326 16319 16327
16326 16327 16325
16328 16329 16330
16328 16330 16331
16331 16332 16328
16331 16330 16333
16331 16334 16332
16331 16333 16335
16336 16334 16331
16336 16331 16335
