byte offset: 0
first index: 0
index count: 6603
topology: trianglelist
format: DXGI_FORMAT_R16_UINT

0 1 2
3 1 4
4 1 5
4 5 6
4 6 7
7 6 8
7 8 9
9 8 10
9 10 11
11 10 12
11 12 13
13 12 14
13 14 15
16 17 18
19 20 18
20 21 18
20 22 21
20 23 22
23 24 22
23 25 24
25 26 24
25 27 26
27 28 26
27 29 28
29 30 28
29 31 30
32 33 34
35 36 34
35 37 36
37 35 38
37 38 39
40 39 38
40 41 39
41 42 39
42 37 39
41 43 42
42 43 44
42 45 37
45 36 37
42 44 46
45 42 46
46 44 47
36 45 48
45 46 48
46 47 49
50 48 46
50 46 49
47 51 49
50 49 51
47 52 51
36 48 53
48 50 53
52 54 51
52 55 54
53 56 36
57 36 56
55 58 54
55 59 58
58 59 60
58 60 61
61 60 62
61 62 63
54 58 64
64 58 61
65 61 63
64 61 65
65 63 66
54 64 67
51 54 67
68 64 65
67 64 68
69 65 66
68 65 69
69 66 70
51 67 71
50 51 71
67 68 72
71 67 72
73 68 69
72 68 73
74 69 70
73 69 74
74 70 75
76 50 71
50 76 53
71 72 77
76 71 77
72 73 78
77 72 78
79 73 74
78 73 79
80 74 75
79 74 80
80 75 81
82 80 81
79 80 82
82 81 83
76 77 84
77 78 84
85 53 76
76 84 85
78 79 86
84 78 86
79 82 87
86 79 87
88 82 83
87 82 88
88 83 89
90 88 89
90 89 91
87 88 92
92 88 90
86 87 93
93 87 92
84 86 94
94 86 93
95 90 91
95 91 96
92 90 97
97 90 95
93 92 98
98 92 97
99 95 96
99 96 100
101 95 99
97 95 101
101 99 102
103 97 101
98 97 103
104 101 102
103 101 104
104 102 105
106 93 98
94 93 106
107 98 103
106 98 107
108 104 105
108 105 109
110 103 104
110 104 108
107 103 110
111 108 109
110 108 111
111 109 112
113 94 106
107 113 106
107 110 114
107 114 113
110 111 115
110 115 114
116 111 112
116 112 117
118 115 111
118 111 116
119 116 117
119 117 120
121 116 119
121 118 116
122 118 121
115 118 123
115 123 114
122 123 118
114 123 124
114 124 113
125 123 122
125 124 123
113 124 126
124 125 127
124 127 126
113 126 128
113 128 94
84 94 128
84 128 85
126 85 128
126 129 85
127 129 126
85 129 53
53 129 56
127 56 129
130 56 127
130 57 56
130 131 57
125 132 127
130 127 132
125 133 132
133 125 122
130 134 131
135 130 132
130 135 134
131 134 136
131 136 137
138 137 136
138 139 137
140 139 138
140 141 139
142 140 138
142 138 143
143 138 136
143 136 144
144 136 134
144 134 145
145 134 135
145 135 146
146 135 147
146 147 148
135 132 147
149 148 147
150 147 132
149 147 150
151 149 150
150 132 133
151 150 152
152 150 133
153 151 152
152 133 154
133 122 154
153 152 155
155 152 154
156 153 155
157 154 122
158 157 122
159 157 158
156 155 160
161 156 160
161 160 162
155 154 163
157 163 154
160 155 163
159 164 157
164 163 157
165 164 159
165 166 164
162 160 167
160 163 167
164 167 163
166 167 164
162 167 168
166 168 167
169 170 171
172 173 174
175 176 177
178 179 176
178 180 179
181 178 176
182 181 176
182 183 181
184 183 182
181 185 178
186 181 183
185 181 186
185 187 178
187 188 178
187 189 180
185 186 190
185 191 187
191 185 190
191 192 187
193 189 187
192 193 187
191 190 194
192 191 194
186 195 190
190 195 196
190 196 194
186 197 195
198 194 196
197 186 199
197 199 200
186 183 199
201 200 199
183 201 199
201 202 200
203 202 201
204 203 201
204 205 203
183 206 201
206 204 201
184 206 183
204 206 184
198 207 194
207 192 194
207 198 208
192 207 208
198 209 208
208 209 210
211 192 208
211 193 192
208 210 212
212 211 208
212 210 213
212 213 214
214 213 215
214 215 216
216 215 217
216 217 218
219 216 218
219 220 216
220 214 216
220 219 221
222 212 214
220 222 214
212 223 211
222 223 212
223 224 211
211 224 193
220 221 225
220 225 222
222 226 223
223 226 224
225 227 222
222 227 226
221 228 225
225 228 227
224 229 193
226 230 224
224 230 229
227 231 226
226 231 230
228 232 227
227 232 231
193 229 233
193 233 189
189 233 234
189 234 235
234 236 235
230 231 237
229 230 238
230 237 238
233 229 239
229 238 239
231 232 240
231 240 237
234 233 241
233 239 241
238 242 239
238 243 242
237 243 238
239 242 244
239 244 241
237 245 243
240 245 237
241 244 246
240 247 245
241 246 248
234 241 248
248 246 249
250 247 240
250 251 247
232 250 240
248 249 252
252 249 253
254 234 248
254 248 252
255 254 252
252 253 256
255 252 256
256 253 257
234 254 258
258 254 255
234 258 236
236 258 255
259 251 250
259 260 251
261 259 250
261 262 259
232 261 250
263 262 261
228 261 232
263 261 228
264 263 228
221 264 228
265 264 221
264 265 266
267 265 221
221 268 267
269 268 221
270 267 268
271 270 268
271 272 270
268 273 271
269 274 268
274 269 275
268 276 273
268 274 276
274 277 276
274 275 278
274 278 277
279 278 275
279 280 278
277 278 280
277 280 281
282 283 273
282 284 283
284 285 283
284 286 285
284 287 286
287 288 286
289 282 273
289 273 290
291 284 282
291 287 284
287 292 288
292 293 288
292 294 293
295 292 287
291 295 287
296 294 292
295 296 292
296 297 294
298 297 296
298 299 297
300 296 295
300 298 296
301 299 298
301 302 299
303 291 282
303 282 289
304 295 291
304 300 295
305 298 300
305 301 298
306 302 301
306 307 302
308 305 300
308 300 304
309 301 305
309 306 301
309 305 308
310 304 291
310 291 303
311 307 306
311 312 307
313 304 310
313 308 304
308 313 314
303 315 310
315 313 310
309 308 316
308 314 316
317 306 309
317 311 306
318 312 311
318 319 312
320 309 316
320 317 309
321 311 317
321 318 311
317 320 322
317 322 321
323 321 322
324 320 316
314 324 316
320 324 325
326 319 318
326 327 319
328 318 321
328 326 318
329 327 326
329 330 327
331 328 321
323 331 321
332 326 328
332 328 331
332 331 323
332 329 326
333 330 329
333 334 330
332 323 335
323 336 335
337 329 332
337 333 329
337 332 335
338 334 333
338 339 334
340 339 338
340 341 339
342 341 340
342 343 341
344 343 342
344 345 343
346 333 337
346 347 333
348 347 346
348 349 347
350 349 348
351 350 348
350 352 349
353 348 346
351 348 353
337 354 346
353 346 354
355 353 354
337 356 354
337 335 356
356 357 354
335 357 356
357 355 354
335 358 357
359 352 350
359 360 352
361 351 353
355 361 353
357 362 355
363 362 357
363 364 362
365 364 363
366 365 358
362 367 355
364 367 362
368 359 350
369 350 351
369 368 350
368 370 359
359 370 360
368 371 370
370 372 360
368 373 371
368 369 373
372 374 360
374 372 375
374 375 376
369 377 373
369 378 377
378 369 351
379 377 378
379 378 351
379 380 377
351 381 379
381 380 379
381 382 380
361 381 351
361 382 381
361 383 382
355 383 361
355 384 383
367 384 355
367 385 384
386 385 367
386 387 385
364 386 367
388 387 386
386 364 389
365 389 364
388 386 390
386 389 390
391 388 390
391 392 388
393 390 389
393 389 365
393 391 390
394 392 391
394 395 392
396 395 394
397 391 393
397 394 391
393 365 398
365 325 398
365 399 325
324 393 398
324 397 393
324 398 400
314 397 324
397 314 394
401 396 394
314 401 394
402 396 401
314 402 401
396 402 403
313 402 314
402 404 403
315 402 313
402 315 404
315 405 404
315 406 405
303 406 315
406 407 405
289 406 303
406 408 407
289 408 406
408 409 407
290 408 289
408 410 409
290 410 408
411 412 413
411 414 412
415 414 411
414 416 412
415 417 414
418 417 415
418 419 417
420 419 418
414 421 416
417 422 414
422 421 414
422 417 423
421 422 423
417 419 424
417 424 423
419 420 425
419 425 424
416 421 426
416 426 427
421 423 428
424 428 423
421 428 426
427 426 429
427 429 430
429 431 430
426 428 432
426 432 429
429 433 431
432 433 429
433 434 431
428 424 435
428 435 432
433 436 434
436 437 434
432 438 433
438 436 433
439 438 432
439 432 435
424 440 435
424 425 440
438 441 436
439 441 438
436 442 437
441 442 436
443 439 435
443 435 440
425 444 440
444 443 440
439 445 441
443 445 439
437 442 446
437 446 447
441 448 442
445 448 441
447 446 449
447 449 450
446 451 449
442 452 446
446 452 451
442 448 452
452 453 451
452 454 453
448 454 452
454 455 453
445 456 448
448 456 454
454 457 455
456 457 454
457 458 455
459 456 445
443 459 445
456 460 457
459 460 456
457 461 458
460 461 457
461 462 458
463 459 443
444 463 443
464 460 459
463 464 459
460 465 461
464 465 460
461 466 462
466 467 462
466 468 467
469 466 461
468 466 469
469 461 465
468 469 470
471 469 465
471 470 469
471 465 464
471 472 470
473 471 464
472 471 473
473 464 463
472 473 474
475 473 463
474 473 475
475 463 444
476 474 475
476 477 474
477 478 474
479 478 477
479 477 476
479 480 478
480 481 478
480 482 481
482 483 481
484 475 444
485 476 475
485 475 484
484 444 486
425 486 444
420 486 425
420 487 486
484 486 487
488 485 484
488 484 489
490 488 489
490 491 488
491 490 492
491 492 493
494 493 492
494 495 493
496 497 485
497 476 485
498 497 496
498 496 499
500 498 499
500 501 498
497 502 476
498 502 497
479 476 502
501 503 498
498 503 502
501 504 503
505 503 504
506 479 502
506 502 503
505 506 503
506 480 479
505 507 506
506 507 480
505 508 507
507 482 480
508 509 507
507 509 482
508 510 509
509 511 482
482 511 483
510 512 509
509 512 511
510 513 512
512 513 514
512 514 515
511 512 515
511 515 516
483 511 516
483 516 517
518 519 520
518 520 521
521 520 522
521 522 523
523 522 524
523 524 525
525 524 526
525 526 527
527 526 528
527 528 529
529 528 530
529 530 531
531 530 532
531 532 533
533 532 534
533 534 535
535 534 536
535 536 537
537 536 538
537 538 539
540 541 542
540 543 541
544 543 540
544 545 543
546 545 544
546 547 545
548 547 546
548 549 547
550 549 548
550 551 549
552 551 550
552 553 551
554 553 552
554 555 553
556 557 558
556 558 559
559 558 560
559 560 561
561 560 562
561 562 563
564 565 566
564 566 567
566 568 567
568 569 567
568 570 569
568 571 570
569 570 572
567 573 564
567 569 573
569 572 574
575 574 572
576 569 574
576 574 575
576 573 569
576 575 577
577 575 578
577 578 579
579 578 580
579 580 581
577 582 576
577 583 582
579 583 577
576 582 584
576 584 573
579 585 583
573 584 586
587 585 579
579 581 587
587 588 585
587 589 588
590 587 581
587 590 589
590 581 591
590 592 589
590 591 593
590 594 592
594 590 593
594 595 592
594 593 596
594 597 595
597 594 596
597 598 595
597 596 599
596 600 599
601 599 600
601 597 599
601 600 602
597 603 598
601 603 597
603 604 598
605 601 602
605 603 601
603 606 604
606 607 604
605 602 608
608 602 609
610 605 608
611 605 610
611 612 605
605 612 603
612 606 603
606 613 607
614 607 613
614 615 607
614 616 615
606 617 613
606 612 617
617 614 613
618 617 612
618 612 619
618 620 617
617 620 614
618 621 620
622 620 621
622 623 620
623 614 620
614 623 624
623 622 625
614 626 616
614 624 626
627 616 626
623 625 628
624 623 628
628 625 629
630 628 629
627 626 631
631 626 624
631 632 627
631 633 632
630 634 628
624 628 634
635 634 630
636 633 631
631 624 636
636 637 633
624 634 638
624 638 636
637 636 638
635 638 634
637 638 639
639 638 635
639 635 640
639 640 641
642 643 644
645 644 643
645 646 644
647 648 649
647 650 648
651 650 647
651 652 650
653 652 651
653 654 652
655 654 653
655 257 654
256 257 655
656 256 655
656 255 256
657 656 655
657 655 658
255 656 659
657 659 656
660 657 658
660 658 661
662 660 661
662 661 663
660 664 657
657 664 659
255 659 665
236 255 665
665 666 236
659 666 665
659 184 666
664 184 659
664 204 184
660 667 664
667 204 664
662 667 660
667 668 204
204 668 205
668 669 205
670 668 667
662 670 667
668 671 669
670 671 668
671 672 669
671 673 672
673 674 672
675 673 671
673 675 674
675 671 670
676 674 675
670 677 675
676 675 677
662 677 670
678 676 677
678 677 679
662 679 677
679 680 678
679 662 681
679 681 680
681 662 663
681 663 682
681 682 680
682 683 680
682 684 683
685 683 684
685 686 683
687 688 689
687 690 688
691 690 687
691 692 690
693 692 691
693 691 694
695 693 694
695 696 693
695 697 696
695 698 697
695 699 698
698 699 700
698 700 701
698 701 702
698 702 703
698 703 704
698 705 697
698 704 706
698 706 705
706 704 707
706 707 708
709 706 708
706 709 705
705 709 710
711 712 713
711 713 714
714 713 715
716 711 714
716 717 711
714 715 718
718 715 719
720 717 716
720 721 717
722 716 714
722 714 718
718 723 722
718 719 724
718 724 723
725 724 719
723 724 725
725 719 726
727 716 722
727 720 716
721 720 728
721 728 729
730 729 728
730 731 729
730 732 731
720 733 728
720 727 733
730 728 733
734 733 727
730 733 735
735 733 734
722 736 727
734 727 736
722 723 736
730 737 732
586 732 737
586 737 738
573 586 738
573 738 564
738 737 739
738 739 564
739 737 730
739 740 564
739 741 740
739 730 742
742 741 739
742 743 741
730 735 742
735 743 742
735 744 743
745 744 735
745 735 746
747 745 746
735 734 746
734 747 746
734 748 747
749 748 734
749 734 736
749 736 723
749 723 750
723 751 750
751 752 750
723 725 751
725 752 751
725 753 752
754 753 725
725 726 754
726 755 754
756 757 758
757 759 758
757 760 759
759 760 761
759 761 762
762 761 763
762 763 764
763 765 764
763 766 765
766 767 765
766 768 767
768 769 767
768 770 769
770 771 769
770 772 771
772 773 771
772 774 773
773 774 775
773 775 776
775 777 776
775 778 777
779 777 778
779 780 777
779 781 780
779 782 781
783 781 782
783 784 781
784 783 785
784 785 786
787 786 785
787 788 786
788 787 789
788 789 790
791 790 789
791 792 790
793 792 791
793 794 792
795 794 793
795 796 794
796 795 797
796 797 798
798 797 799
798 799 800
801 802 803
803 802 804
803 804 805
806 805 804
806 807 805
807 806 808
807 808 809
809 808 810
809 810 811
811 810 812
811 812 813
813 812 814
813 814 815
816 817 818
816 818 819
819 818 820
819 820 821
821 820 822
823 824 825
823 825 826
825 827 826
825 828 827
829 830 831
829 831 832
832 831 833
832 833 834
834 833 835
834 835 836
836 835 837
836 837 838
838 837 839
838 839 840
840 839 841
840 841 842
842 841 843
842 843 844
844 843 845
844 845 846
846 847 848
846 848 849
850 851 852
850 853 851
854 853 850
854 855 853
854 856 855
857 855 856
858 856 854
857 856 858
859 858 854
857 858 859
860 859 854
860 861 859
861 857 859
862 861 860
863 857 861
862 863 861
863 864 857
865 863 862
866 864 863
865 866 863
866 867 864
868 866 865
869 867 866
868 869 866
869 870 867
871 869 868
872 870 869
871 872 869
872 873 870
872 871 874
871 875 874
874 876 872
873 872 876
873 876 877
878 879 880
878 880 881
882 883 884
882 884 885
885 884 886
885 886 887
887 886 888
887 888 889
889 888 890
889 890 891
891 890 892
891 892 893
893 892 894
893 894 895
895 894 896
895 896 897
897 896 898
897 898 899
900 898 901
900 901 902
903 904 905
903 905 906
907 908 909
907 910 908
910 911 908
910 912 911
912 913 911
912 914 913
913 914 915
913 915 916
915 917 916
915 918 917
917 918 919
917 919 920
919 921 920
919 922 921
923 921 922
923 922 924
924 922 925
926 927 928
929 927 926
929 926 930
931 932 933
934 933 935
936 932 937
938 936 939
940 936 938
940 941 936
942 941 940
942 943 941
938 944 940
940 944 942
945 943 942
945 946 943
947 946 945
947 948 946
949 948 947
949 950 948
951 950 949
951 952 950
953 952 951
953 954 952
955 954 953
955 956 954
957 956 955
942 958 945
945 959 947
945 958 959
947 960 949
947 959 960
949 961 951
949 960 961
951 962 953
951 961 962
963 955 953
963 953 962
957 955 964
964 955 963
942 965 958
942 944 965
966 957 964
966 967 957
968 967 966
968 969 967
970 969 968
970 971 969
972 971 970
972 970 973
973 970 974
974 970 968
973 974 975
974 976 975
977 968 966
974 968 977
978 966 964
977 966 978
974 979 976
977 979 974
976 979 980
976 980 981
977 982 979
980 979 982
978 982 977
980 982 983
983 982 984
982 985 984
978 985 982
985 986 984
987 986 985
978 987 985
987 988 986
989 988 987
978 990 987
978 964 990
964 963 990
990 991 987
990 963 991
989 987 991
991 963 962
989 991 992
991 962 992
989 992 993
992 962 961
993 992 994
992 961 994
993 994 995
994 961 960
996 995 994
994 960 996
996 997 995
996 960 959
998 997 996
996 959 998
998 999 997
998 959 958
1000 999 998
998 958 1000
1000 1001 999
1000 958 965
1002 1001 1000
1000 965 1002
1002 1003 1001
1002 1004 1003
1003 1004 1005
1004 1006 1005
1004 1007 1006
1007 1008 1006
1007 1009 1008
1010 1008 1009
1010 1009 1011
1011 1009 1012
1012 1009 1007
1011 1012 1013
1012 1014 1013
1015 1007 1004
1012 1007 1015
1016 1004 1002
1015 1004 1016
1012 1017 1014
1015 1017 1012
1002 1018 1016
1002 965 1018
1016 1019 1015
1016 1018 1019
1015 1019 1017
1018 965 1020
1019 1018 1020
965 944 1020
1019 1020 1021
1017 1019 1021
944 1021 1020
1014 1017 1022
1017 1021 1022
1014 1022 1023
944 1024 1021
1024 1022 1021
938 1024 944
1025 1023 1022
1024 1025 1022
1025 1026 1023
1027 1026 1025
1028 1024 938
1028 1025 1024
1027 1025 1028
1029 1028 938
1030 1027 1028
935 1028 1029
935 1030 1028
1031 1032 1033
1031 1034 1032
1034 1035 1032
1036 1034 1031
1036 1031 1037
1038 1036 1037
1034 1039 1035
1039 1040 1035
1041 1034 1036
1041 1039 1034
1038 1042 1036
1042 1041 1036
1039 1043 1040
1043 1044 1040
1045 1039 1041
1045 1043 1039
1046 1044 1043
1046 1043 1045
1047 1045 1041
1042 1047 1041
1048 1042 1038
1048 1038 1049
1050 1048 1049
1051 1044 1046
1051 1052 1044
1053 1046 1045
1047 1053 1045
1054 1047 1042
1054 1042 1048
1050 1055 1048
1056 1055 1050
1057 1053 1047
1057 1047 1054
1058 1046 1053
1058 1053 1057
1048 1055 1059
1048 1059 1054
1056 1060 1055
1059 1055 1060
1061 1060 1056
1054 1062 1057
1054 1059 1062
1057 1062 1058
1063 1046 1058
1063 1051 1046
1061 1064 1060
1065 1064 1061
1065 1066 1064
1067 1064 1066
1060 1064 1067
1067 1066 1068
1059 1060 1069
1060 1067 1069
1062 1059 1069
1070 1067 1068
1069 1067 1070
1070 1068 1071
1072 1070 1071
1062 1069 1073
1069 1070 1073
1074 1070 1072
1073 1070 1074
1074 1062 1073
1074 1072 1075
1058 1062 1074
1074 1075 1076
1058 1074 1076
1076 1075 1077
1058 1076 1063
1076 1077 1078
1063 1076 1078
1078 1077 1079
1063 1078 1080
1080 1051 1063
1078 1079 1081
1080 1078 1081
1081 1079 1082
1080 1083 1051
1083 1052 1051
1083 1084 1052
1080 1081 1085
1085 1083 1080
1086 1084 1083
1085 1086 1083
1086 1087 1084
1081 1082 1088
1085 1081 1088
1089 1086 1085
1085 1088 1089
1090 1087 1086
1089 1090 1086
1090 1091 1087
1092 1088 1082
1092 1089 1088
1092 1082 1093
1094 1090 1089
1092 1094 1089
1095 1091 1090
1094 1095 1090
1095 1096 1091
1097 1096 1095
1098 1092 1093
1098 1093 1099
1092 1100 1094
1092 1098 1100
1094 1101 1095
1094 1100 1101
1097 1095 1101
1102 1098 1099
1102 1099 1103
1104 1098 1102
1105 1102 1103
1106 1098 1104
1106 1100 1098
1101 1100 1106
1101 1106 1107
1108 1101 1107
1108 1097 1101
1108 1109 1097
1097 1109 1110
1105 1103 1111
1112 1105 1111
1112 1113 1105
1114 1112 1111
1114 1111 1115
1116 1113 1112
1116 1117 1113
1118 1116 1112
1114 1118 1112
1119 1117 1116
1118 1119 1116
1119 1120 1117
1119 1121 1120
1115 1122 1114
1115 1123 1122
1124 1121 1119
1124 1125 1121
1123 1126 1122
1123 1127 1126
1128 1122 1126
1122 1129 1114
1129 1118 1114
1128 1130 1122
1122 1130 1129
1131 1130 1128
1118 1132 1119
1132 1124 1119
1133 1118 1129
1130 1133 1129
1133 1132 1118
1131 1134 1130
1130 1134 1133
1135 1134 1131
1136 1132 1133
1134 1136 1133
1135 1137 1134
1134 1137 1136
1138 1137 1135
1138 1139 1137
1137 1139 1140
1137 1140 1136
1136 1141 1132
1140 1141 1136
1132 1141 1124
1141 1140 1124
1140 1142 1124
1142 1125 1124
1125 1142 1143
1144 1145 1146
1144 1146 1147
1148 1147 1146
1148 1149 1147
1150 1149 1148
1150 1151 1149
1152 1151 1150
1152 1153 1151
1154 1153 1152
1154 1155 1153
1156 1155 1154
1156 1157 1155
1158 1157 1156
1158 1159 1157
1160 1159 1158
1160 1161 1159
1162 1163 1164
1162 1164 1165
1165 1164 1166
1165 1166 1167
1167 1166 1168
1167 1168 1169
1169 1168 1170
1169 1170 1171
1171 1170 1172
1171 1172 1173
1173 1172 1174
1173 1174 1175
1175 1174 1176
1175 1176 1177
1177 1176 1178
1177 1178 1179
1180 1181 1182
1180 1183 1181
1181 1183 1184
1181 1184 1185
1185 1184 1186
1185 1186 1187
1188 1189 1190
1188 1190 1191
1191 1190 1192
1191 1192 1193
1194 1195 1196
1194 1197 1195
1198 1197 1194
1198 1199 1197
1200 1199 1198
1200 1201 1199
1202 1201 1200
1202 1203 1201
1204 1203 1202
1204 1205 1203
1206 1205 1204
1206 1204 1207
1208 1209 1210
1208 1210 1211
1212 1213 1214
1212 1214 1215
1215 1214 1216
1217 1212 1215
1217 1218 1212
1219 1218 1217
1215 1216 1220
1220 1216 1221
1222 1217 1215
1222 1215 1220
1219 1217 1223
1223 1217 1222
1220 1221 1224
1224 1221 1225
1226 1222 1220
1226 1220 1224
1227 1224 1225
1227 1226 1224
1228 1222 1226
1223 1222 1228
1229 1219 1223
1229 1230 1219
1231 1230 1229
1232 1227 1225
1232 1225 1233
1234 1226 1227
1228 1226 1234
1235 1223 1228
1235 1229 1223
1231 1229 1236
1237 1231 1236
1238 1228 1234
1238 1235 1228
1239 1234 1227
1239 1238 1234
1229 1235 1240
1229 1240 1236
1237 1236 1241
1240 1241 1236
1242 1237 1241
1235 1238 1243
1235 1243 1240
1238 1239 1243
1244 1239 1227
1244 1227 1232
1242 1241 1245
1246 1242 1245
1246 1245 1247
1248 1247 1245
1241 1248 1245
1248 1249 1247
1240 1250 1241
1241 1250 1248
1243 1250 1240
1251 1249 1248
1250 1251 1248
1251 1252 1249
1253 1252 1251
1243 1254 1250
1250 1254 1251
1255 1253 1251
1254 1255 1251
1255 1254 1243
1255 1256 1253
1239 1255 1243
1255 1257 1256
1239 1257 1255
1257 1258 1256
1239 1244 1257
1257 1259 1258
1244 1259 1257
1259 1260 1258
1244 1261 1259
1261 1244 1232
1259 1262 1260
1261 1262 1259
1262 1263 1260
1261 1232 1264
1264 1232 1233
1264 1233 1265
1261 1266 1262
1266 1261 1264
1267 1264 1265
1266 1264 1267
1267 1265 1268
1262 1269 1263
1266 1269 1262
1270 1266 1267
1266 1270 1269
1271 1267 1268
1270 1267 1271
1271 1268 1272
1273 1263 1269
1273 1269 1270
1273 1274 1263
1275 1270 1271
1273 1270 1275
1276 1271 1272
1275 1271 1276
1276 1272 1277
1278 1276 1277
1279 1274 1273
1279 1280 1274
1273 1275 1281
1273 1281 1279
1275 1276 1282
1275 1282 1281
1278 1282 1276
1283 1280 1279
1283 1284 1280
1285 1283 1279
1286 1284 1283
1287 1285 1279
1287 1279 1281
1282 1287 1281
1282 1288 1287
1289 1288 1282
1289 1282 1278
1289 1278 1290
1278 1291 1290
1286 1292 1284
1293 1292 1286
1293 1286 1294
1295 1292 1293
1295 1296 1292
1297 1293 1294
1297 1294 1298
1299 1293 1297
1295 1293 1299
1300 1297 1298
1299 1297 1300
1300 1298 1301
1296 1295 1302
1296 1302 1303
1295 1299 1304
1302 1295 1304
1299 1300 1305
1304 1299 1305
1306 1300 1301
1305 1300 1306
1306 1301 1307
1303 1302 1308
1303 1308 1309
1310 1308 1302
1310 1302 1311
1302 1304 1311
1312 1310 1311
1304 1305 1313
1311 1304 1313
1312 1311 1314
1311 1313 1314
1315 1312 1314
1316 1306 1307
1307 1317 1316
1318 1306 1316
1305 1306 1319
1313 1305 1319
1319 1306 1318
1313 1319 1320
1314 1313 1320
1320 1319 1318
1315 1314 1321
1314 1320 1321
1321 1320 1318
1322 1315 1321
1321 1318 1323
1322 1321 1323
1324 1325 1326
1324 1327 1325
1328 1325 1327
1328 1327 1329
1330 1328 1329
1330 1329 1331
1332 1330 1331
1332 1331 1333
1334 1332 1333
1334 1333 1335
1336 1334 1335
1336 1335 1337
1338 1336 1337
1338 1337 1339
1340 1338 1339
1340 1339 1341
1342 1343 1344
1342 1345 1343
1345 1346 1343
1345 1347 1346
1347 1348 1346
1347 1349 1348
1349 1350 1348
1349 1351 1350
1351 1352 1350
1351 1353 1352
1353 1354 1352
1353 1355 1354
1355 1356 1354
1355 1357 1356
1357 1358 1356
1357 1359 1358
1360 1361 1362
1363 1362 1364
1365 1363 1364
1366 1363 1365
1367 1366 1365
1367 1365 1368
1369 1367 1368
1369 1368 1370
1366 1367 1371
1367 1369 1371
1372 1369 1370
1372 1370 1373
1374 1372 1373
1374 1373 1375
1376 1374 1375
1376 1375 1377
1378 1376 1377
1378 1377 1379
1380 1378 1379
1380 1379 1381
1382 1380 1381
1382 1381 1383
1384 1382 1383
1369 1372 1385
1372 1374 1386
1372 1386 1385
1374 1376 1387
1374 1387 1386
1376 1378 1388
1376 1388 1387
1378 1380 1389
1378 1389 1388
1390 1380 1382
1390 1389 1380
1384 1391 1382
1391 1390 1382
1369 1385 1392
1369 1392 1371
1393 1391 1384
1393 1384 1394
1395 1393 1394
1395 1394 1396
1397 1395 1396
1397 1396 1398
1399 1397 1398
1399 1400 1397
1400 1401 1397
1401 1395 1397
1400 1402 1401
1401 1402 1403
1404 1393 1395
1401 1404 1395
1405 1391 1393
1404 1405 1393
1401 1403 1406
1404 1401 1406
1403 1407 1406
1403 1408 1407
1404 1406 1409
1407 1409 1406
1405 1404 1409
1407 1410 1409
1410 1411 1409
1409 1411 1412
1405 1409 1412
1412 1411 1413
1414 1412 1413
1405 1412 1414
1414 1413 1415
1416 1414 1415
1405 1414 1417
1405 1417 1391
1391 1417 1390
1417 1414 1418
1417 1418 1390
1416 1418 1414
1418 1389 1390
1416 1419 1418
1418 1419 1389
1416 1420 1419
1419 1388 1389
1420 1421 1419
1419 1421 1388
1420 1422 1421
1421 1387 1388
1423 1421 1422
1421 1423 1387
1423 1422 1424
1423 1386 1387
1425 1423 1424
1423 1425 1386
1425 1424 1426
1425 1385 1386
1427 1425 1426
1425 1427 1385
1427 1426 1428
1427 1392 1385
1429 1427 1428
1427 1429 1392
1429 1428 1430
1429 1430 1431
1430 1432 1431
1431 1432 1433
1431 1433 1434
1434 1433 1435
1434 1435 1436
1437 1436 1435
1437 1438 1436
1438 1439 1436
1439 1434 1436
1438 1440 1439
1439 1440 1441
1442 1431 1434
1439 1442 1434
1443 1429 1431
1442 1443 1431
1439 1441 1444
1442 1439 1444
1429 1443 1445
1429 1445 1392
1443 1442 1446
1443 1446 1445
1442 1444 1446
1445 1447 1392
1446 1447 1445
1392 1447 1371
1446 1448 1447
1444 1448 1446
1371 1447 1448
1441 1449 1444
1444 1449 1448
1441 1450 1449
1371 1448 1451
1451 1448 1449
1366 1371 1451
1452 1449 1450
1451 1449 1452
1452 1450 1453
1454 1452 1453
1455 1366 1451
1455 1451 1452
1454 1455 1452
1456 1366 1455
1457 1455 1454
1361 1456 1455
1361 1455 1457
1458 1459 1460
1458 1460 1461
1460 1462 1461
1460 1463 1462
1463 1464 1462
1463 1465 1464
1466 1467 1468
1466 1469 1467
1469 1470 1467
1469 1471 1470
1472 1473 1474
1472 1474 1475
1476 1472 1475
1476 1475 1477
1478 1476 1477
1478 1477 1479
1480 1478 1479
1480 1479 1481
1482 1480 1481
1482 1481 1483
1484 1482 1483
1484 1485 1482
1486 1487 1488
1486 1488 1489
1490 1491 1492
1490 1492 1493
1490 1493 1494
1490 1494 1495
1495 1494 1496
1495 1496 1497
1497 1496 1498
1497 1498 1499
1499 1498 1500
1499 1500 1501
1501 1500 1502
1501 1502 1503
1503 1502 1504
1503 1504 1505
1505 1504 1506
1505 1506 1507
1507 1506 1508
1507 1508 1509
1509 1508 1510
1509 1510 1511
1511 1510 1512
1511 1512 1513
1513 1512 1514
1513 1514 1515
1515 1514 1516
1515 1516 1517
1518 1517 1516
1518 1519 1517
1520 1521 1522
1520 1522 1523
1524 1520 1523
1523 1522 1525
1524 1523 1526
1527 1524 1526
1523 1525 1528
1526 1523 1528
1529 1528 1525
1529 1525 1530
1526 1528 1531
1531 1528 1529
1527 1526 1532
1532 1526 1531
1533 1529 1530
1533 1530 1534
1535 1527 1532
1535 1536 1527
1537 1535 1532
1537 1532 1538
1532 1531 1538
1539 1537 1538
1539 1538 1540
1531 1540 1538
1541 1539 1540
1531 1529 1542
1531 1542 1540
1542 1529 1533
1541 1540 1543
1543 1540 1542
1544 1541 1543
1544 1543 1545
1546 1544 1545
1546 1545 1547
1548 1546 1547
1548 1547 1549
1550 1548 1549
1550 1549 1551
1552 1550 1551
1543 1542 1553
1542 1533 1553
1554 1543 1553
1553 1533 1555
1555 1533 1534
1555 1534 1556
1554 1553 1557
1553 1555 1557
1558 1554 1557
1559 1555 1556
1557 1555 1559
1559 1556 1560
1558 1557 1561
1557 1559 1561
1562 1558 1561
1563 1559 1560
1563 1561 1559
1563 1560 1564
1562 1561 1565
1563 1565 1561
1551 1562 1565
1566 1563 1564
1566 1565 1563
1566 1564 1567
1551 1565 1568
1566 1568 1565
1569 1566 1567
1569 1568 1566
1569 1567 1570
1571 1569 1570
1572 1551 1568
1552 1551 1572
1573 1552 1572
1571 1574 1569
1575 1574 1571
1569 1576 1568
1572 1568 1576
1574 1576 1569
1573 1572 1577
1578 1573 1577
1572 1576 1579
1574 1579 1576
1572 1579 1577
1575 1580 1574
1580 1579 1574
1581 1580 1575
1581 1582 1580
1583 1580 1582
1580 1584 1579
1577 1579 1584
1583 1584 1580
1578 1577 1585
1577 1584 1585
1585 1584 1583
1586 1578 1585
1585 1583 1587
1586 1585 1587
1588 1589 1590
1591 1589 1588
1591 1592 1589
1593 1592 1591
1593 1594 1592
1595 1594 1593
1596 1597 1598
1596 1599 1597
1600 1599 1596
1599 1601 1597
1600 1602 1599
1603 1602 1600
1599 1604 1601
1602 1604 1599
1605 1601 1604
1605 1606 1601
1602 1607 1604
1607 1605 1604
1603 1608 1602
1608 1607 1602
1609 1606 1605
1609 1610 1606
1611 1608 1603
1611 1603 1612
1613 1608 1611
1613 1614 1608
1608 1614 1607
1615 1614 1613
1615 1616 1614
1607 1614 1616
1617 1616 1615
1607 1618 1605
1607 1616 1618
1618 1609 1605
1617 1619 1616
1619 1618 1616
1620 1619 1617
1620 1621 1619
1622 1621 1620
1622 1623 1621
1624 1623 1622
1624 1625 1623
1626 1625 1624
1626 1627 1625
1628 1627 1626
1619 1629 1618
1618 1629 1609
1630 1629 1619
1629 1631 1609
1631 1610 1609
1631 1632 1610
1630 1633 1629
1629 1633 1631
1634 1633 1630
1635 1632 1631
1633 1635 1631
1635 1636 1632
1634 1637 1633
1633 1637 1635
1638 1637 1634
1639 1636 1635
1639 1635 1637
1639 1640 1636
1638 1641 1637
1639 1637 1641
1627 1641 1638
1642 1640 1639
1642 1639 1641
1642 1643 1640
1627 1644 1641
1642 1641 1644
1645 1643 1642
1645 1642 1644
1645 1646 1643
1647 1646 1645
1648 1644 1627
1628 1648 1627
1649 1648 1628
1647 1645 1650
1651 1647 1650
1645 1644 1652
1648 1652 1644
1650 1645 1652
1649 1653 1648
1654 1653 1649
1648 1655 1652
1650 1652 1655
1648 1653 1655
1651 1650 1656
1656 1650 1655
1657 1651 1656
1657 1656 1658
1659 1658 1656
1656 1655 1660
1653 1660 1655
1659 1656 1660
1654 1661 1653
1653 1661 1660
1661 1659 1660
1662 1661 1654
1661 1663 1659
1662 1663 1661
1664 1665 1666
1667 1664 1666
1667 1666 1668
1669 1667 1668
1669 1668 1670
1671 1669 1670
1672 1673 1674
1673 1672 1675
1673 1675 1676
1676 1675 1677
1676 1677 1678
1678 1677 1679
1678 1679 1680
1679 1681 1680
1679 1682 1681
1681 1682 1683
1681 1683 1684
1683 1685 1684
1683 1686 1685
1686 1687 1685
1686 1688 1687
1689 1690 1691
1691 1692 1689
1691 1693 1692
1693 1694 1692
1693 1695 1694
1695 1696 1694
1695 1697 1696
1696 1697 1698
1696 1698 1699
1698 1700 1699
1698 1701 1700
1700 1701 1702
1700 1702 1703
1703 1702 1704
1703 1704 1705
