byte offset: 0
first index: 600
index count: 13242
topology: trianglelist
format: DXGI_FORMAT_R16_UINT

122 123 124
125 126 127
128 129 130
128 130 131
132 128 131
132 133 128
133 132 134
135 136 137
138 136 135
138 135 139
140 138 139
140 139 141
142 143 144
142 145 143
146 145 142
146 142 147
147 148 146
149 150 151
152 149 151
152 153 149
154 153 152
154 155 153
156 157 158
156 159 157
159 160 157
159 161 160
161 159 156
162 161 156
162 163 161
162 164 163
165 164 162
162 156 166
166 156 167
166 167 168
166 168 169
165 162 170
166 170 162
171 165 170
166 169 172
166 172 170
171 170 173
172 173 170
174 171 173
175 172 169
172 175 173
175 169 176
174 173 177
175 177 173
177 178 174
176 179 175
175 179 177
176 180 179
177 181 178
181 177 179
180 182 179
181 179 182
180 183 182
184 178 181
184 181 182
184 185 178
184 182 186
183 186 182
183 187 186
188 187 189
188 189 190
191 190 189
192 188 190
192 193 185
191 194 190
195 194 191
192 190 196
192 196 193
194 196 190
193 196 197
194 197 196
193 197 198
195 199 194
197 194 199
200 199 195
198 197 201
197 199 201
198 201 202
200 203 199
203 201 199
204 202 201
203 204 201
204 205 202
206 203 200
206 204 203
206 200 207
208 206 207
209 205 204
206 209 204
209 210 205
211 210 209
208 212 206
212 209 206
211 209 213
212 213 209
214 211 213
208 214 215
208 215 212
212 215 213
214 213 215
216 217 218
216 219 217
219 220 217
219 221 220
221 219 216
222 221 216
223 222 216
223 224 222
222 225 221
225 226 221
225 227 226
228 227 225
228 225 222
228 229 227
228 230 229
231 222 224
228 222 231
231 224 232
233 231 232
228 234 230
234 228 231
234 235 230
233 236 231
234 231 236
234 237 235
237 234 236
238 235 237
239 236 233
237 236 239
239 233 240
238 237 241
239 241 237
241 242 238
243 239 240
239 243 241
243 240 244
243 244 245
241 246 242
243 246 241
243 247 246
243 245 247
245 248 249
245 249 250
249 248 251
252 250 249
242 252 253
252 249 253
242 253 254
249 251 255
253 249 255
256 255 251
257 254 253
253 255 257
257 258 254
256 259 255
259 257 255
258 257 260
259 260 257
258 260 261
262 259 256
262 260 259
262 256 263
262 263 264
261 260 265
262 265 260
261 265 266
267 266 265
262 264 268
265 262 268
268 264 269
267 265 270
265 268 270
270 271 267
270 272 271
272 270 268
273 271 272
268 269 274
272 268 274
269 273 275
273 272 275
272 274 275
269 275 274
276 277 278
279 277 276
279 280 277
280 279 281
280 281 282
282 281 283
282 283 284
284 283 285
284 285 286
285 287 286
285 288 287
288 289 287
288 290 289
291 289 290
291 290 292
293 291 292
293 292 294
295 293 294
295 296 293
295 297 296
295 298 297
299 297 298
299 300 297
300 299 301
300 301 302
302 301 303
302 303 304
303 305 304
306 307 308
309 306 308
309 308 310
310 311 309
310 312 311
312 313 311
312 314 313
314 315 313
314 316 315
315 316 317
315 317 318
318 317 319
318 319 320
321 320 319
321 322 320
323 322 321
323 324 322
325 324 323
325 323 326
325 326 327
325 327 328
329 328 327
329 327 330
330 331 329
330 332 331
332 333 331
332 334 333
333 334 335
336 337 338
336 338 339
339 340 336
341 339 338
339 342 340
342 343 340
341 344 339
342 339 344
345 344 341
345 341 346
345 346 347
345 347 348
345 348 349
345 350 344
342 344 350
345 349 351
345 351 350
351 349 352
342 350 353
353 350 351
351 352 354
353 351 354
354 352 355
342 353 356
342 356 343
354 355 357
358 357 355
359 353 354
353 359 356
359 354 357
360 343 356
359 360 356
358 361 357
362 361 358
357 363 359
360 359 363
343 360 364
343 364 365
362 366 361
366 362 367
361 368 357
357 368 363
365 364 369
365 369 370
370 369 371
372 371 369
364 373 369
372 369 373
374 364 360
364 374 373
372 373 375
372 375 376
377 376 375
377 375 378
373 379 375
378 375 379
373 374 379
378 379 380
374 360 381
379 374 381
360 363 381
380 379 382
379 381 382
380 382 383
381 384 382
383 382 384
381 363 384
383 384 385
363 386 384
385 384 386
363 368 386
385 386 387
386 368 388
361 388 368
387 386 389
386 388 389
387 389 390
391 390 389
392 388 361
366 392 361
388 393 389
391 389 393
388 392 393
394 391 393
392 394 393
394 395 391
396 395 394
366 397 392
392 397 394
397 366 398
366 367 398
398 367 399
394 397 400
397 398 400
398 399 401
400 398 401
402 401 399
396 394 403
394 400 403
402 404 401
405 404 402
400 401 406
403 400 406
404 406 401
396 403 407
403 406 407
396 407 408
409 408 407
404 410 406
410 407 406
405 411 404
411 410 404
409 407 412
410 412 407
409 412 413
409 413 414
415 412 410
415 413 412
411 415 410
414 413 416
416 413 415
414 416 417
418 411 405
418 405 419
420 418 419
421 415 411
421 411 418
416 415 421
420 422 418
422 421 418
422 420 423
422 423 424
422 425 421
425 422 424
425 416 421
425 424 426
425 427 416
426 427 425
427 417 416
426 428 427
427 429 417
429 427 428
429 430 417
429 428 431
429 432 430
429 431 433
429 433 432
434 435 436
434 436 437
438 434 437
439 437 436
440 439 436
440 436 441
440 441 442
443 442 441
443 441 444
443 444 445
446 445 444
447 445 446
448 447 446
449 447 448
450 449 448
450 451 449
440 452 439
451 450 453
451 453 454
439 452 455
453 456 454
439 455 457
458 457 455
453 459 456
460 456 459
461 439 457
439 461 437
458 462 457
463 462 458
461 457 464
464 457 462
465 437 461
465 461 464
463 466 462
467 466 463
468 459 453
469 468 453
469 470 468
471 468 470
471 470 472
468 473 459
473 468 471
472 474 471
472 475 474
476 471 474
476 477 471
473 471 477
477 476 478
478 476 479
473 480 459
460 459 480
481 460 480
473 477 482
477 478 482
473 483 480
473 482 483
481 480 484
483 484 480
483 482 485
478 485 482
486 481 484
486 487 481
483 488 484
483 485 488
489 486 484
489 484 488
490 487 486
490 491 487
492 486 489
492 490 486
493 489 488
492 489 493
491 490 494
491 494 495
490 492 496
490 496 494
495 494 497
495 497 498
494 499 497
494 496 499
496 500 499
501 496 492
492 493 501
496 502 500
501 502 496
502 503 500
502 504 503
501 504 502
504 505 503
493 506 501
501 506 504
504 507 505
506 507 504
507 508 505
493 509 506
488 509 493
488 485 509
506 510 507
510 506 509
507 511 508
510 511 507
512 508 511
512 513 508
510 509 514
514 509 485
514 511 510
514 485 515
478 515 485
514 516 511
515 516 514
515 478 516
516 512 511
478 479 516
479 517 516
516 517 512
479 518 517
519 517 518
519 520 517
520 512 517
513 512 521
522 513 521
512 523 521
520 523 512
522 521 524
521 523 524
522 524 525
524 526 525
520 519 527
528 527 519
529 523 520
523 529 524
520 527 529
524 530 526
530 524 529
531 526 530
531 532 526
531 533 532
530 529 534
527 534 529
531 530 534
535 533 531
536 533 535
537 536 535
538 536 537
538 537 539
531 534 540
535 531 540
527 541 534
534 541 540
542 535 540
537 535 542
543 542 540
543 540 541
543 537 542
539 537 544
539 544 545
537 543 546
546 543 541
537 546 544
547 541 527
546 541 547
528 547 527
548 545 544
548 549 545
544 546 550
547 550 546
544 550 548
551 547 528
547 551 550
551 528 552
553 551 552
553 554 551
554 550 551
555 554 553
548 556 549
549 556 557
548 550 558
554 558 550
548 558 556
555 559 554
559 558 554
559 555 560
556 558 561
559 561 558
559 560 562
562 561 559
562 560 563
556 564 557
556 561 564
562 565 561
564 561 565
562 563 566
566 565 562
566 563 567
568 557 564
564 565 568
568 569 557
566 570 565
570 568 565
571 569 568
570 571 568
571 572 569
566 567 573
570 566 573
571 570 574
570 573 574
575 574 573
576 572 571
571 574 576
575 576 574
576 577 572
578 573 567
575 573 578
578 567 579
580 578 579
577 576 581
575 581 576
582 577 581
580 583 578
583 575 578
584 583 580
585 582 581
585 581 575
582 585 586
582 586 587
585 575 588
583 588 575
585 588 586
584 589 583
589 588 583
589 584 590
589 591 588
588 591 586
589 590 592
591 589 592
593 592 590
591 592 594
594 586 591
593 595 592
595 594 592
596 595 593
587 586 597
597 598 587
597 599 598
597 586 600
594 600 586
601 597 600
596 602 595
602 596 603
595 604 594
600 594 604
602 604 595
601 600 605
600 604 605
601 605 606
602 603 607
607 603 608
602 609 604
605 604 609
607 609 602
606 605 610
605 609 610
606 610 611
607 612 609
610 609 612
611 610 613
610 612 613
611 613 614
615 612 607
607 608 615
613 612 616
615 616 612
614 613 617
613 616 617
614 617 618
619 618 617
619 620 618
619 621 620
622 617 616
622 619 617
619 623 621
622 623 619
623 624 621
616 615 625
616 625 622
615 608 626
615 626 625
627 625 626
608 628 626
627 626 628
608 629 628
630 628 629
622 631 623
631 622 625
623 632 624
632 623 631
633 624 632
627 634 625
631 625 634
631 634 635
627 635 634
633 632 636
633 636 637
632 631 638
631 635 638
632 638 639
632 639 636
640 637 636
640 641 637
642 638 635
642 639 638
636 639 643
636 643 640
641 640 644
641 644 645
627 646 635
646 642 635
647 643 639
647 639 642
640 643 648
640 648 644
645 644 649
645 649 650
643 647 651
643 651 648
644 648 652
644 652 649
653 650 649
653 654 650
648 651 655
648 655 652
656 651 647
655 651 656
657 647 642
656 647 657
649 652 658
649 658 653
654 653 659
654 659 660
652 655 661
652 661 658
653 658 662
653 662 659
660 659 663
660 663 664
665 664 663
658 661 666
658 666 662
667 661 655
666 661 667
659 662 668
659 668 663
665 663 669
669 670 665
671 669 663
671 663 668
669 672 670
672 669 671
672 673 670
662 674 668
662 666 674
672 675 673
675 676 673
677 668 674
677 671 668
678 671 677
672 671 679
679 675 672
678 679 671
666 680 674
680 677 674
675 681 676
682 676 681
679 683 675
683 681 675
682 681 684
685 682 684
686 683 679
686 679 678
683 687 681
684 681 687
686 687 683
666 688 680
666 667 688
685 684 689
690 689 684
684 687 690
690 691 689
690 687 692
686 692 687
693 692 686
694 692 693
690 692 694
694 691 690
694 695 691
696 695 694
694 693 696
696 697 695
697 696 698
697 698 699
698 700 699
701 698 696
701 696 693
698 702 700
701 702 698
703 700 702
693 686 704
678 704 686
705 693 704
705 704 678
703 702 706
701 707 702
706 702 707
708 703 706
708 709 703
708 710 709
708 711 710
712 710 711
713 708 706
713 711 708
706 707 714
713 706 714
714 715 713
701 716 707
714 707 716
714 717 715
714 716 717
701 718 716
718 701 693
718 693 719
705 719 693
716 718 720
719 720 718
721 717 716
716 720 721
715 717 722
721 722 717
723 719 705
719 724 720
723 724 719
721 720 725
725 720 724
722 721 726
721 725 726
723 705 727
705 678 727
678 728 727
678 677 728
680 728 677
728 729 727
723 727 729
680 730 728
728 730 729
680 731 730
688 731 680
688 732 731
667 732 688
729 733 723
734 729 730
729 734 733
723 733 735
724 723 735
731 736 730
734 730 736
734 737 733
735 733 737
734 738 737
738 734 736
735 737 739
738 736 740
741 735 739
742 724 735
741 742 735
725 724 742
742 741 743
742 743 725
725 743 726
744 740 736
744 745 740
731 744 736
744 746 745
731 747 744
744 747 746
731 732 747
747 732 748
667 748 732
746 747 749
747 748 749
748 667 750
667 655 750
655 656 750
748 750 751
656 751 750
751 749 748
656 752 751
657 752 656
751 753 749
754 751 752
753 751 754
657 755 752
754 752 755
756 749 753
746 749 756
757 746 756
746 757 758
759 746 758
759 758 760
760 761 759
760 762 761
761 762 763
761 763 764
763 765 764
763 766 765
765 766 767
766 768 767
768 769 767
768 743 769
768 770 743
770 726 743
771 770 768
771 768 772
773 770 771
773 774 770
770 774 726
774 773 775
776 726 774
722 726 776
774 775 777
776 774 777
775 778 777
778 776 777
775 779 778
780 722 776
715 722 780
780 776 781
778 781 776
779 782 778
779 783 782
784 780 781
715 780 784
785 781 778
785 778 782
784 781 785
783 786 782
783 787 786
788 785 782
788 782 786
785 789 784
785 788 789
715 784 790
789 790 784
791 786 787
791 787 792
793 788 786
793 789 788
793 786 791
794 715 790
794 713 715
795 791 792
795 792 796
789 797 790
797 794 790
793 798 789
798 797 789
799 793 791
799 791 795
796 800 795
796 801 800
802 798 793
802 793 799
795 803 799
795 800 803
803 802 799
798 804 797
802 804 798
801 805 800
801 806 805
807 803 800
807 800 805
803 807 808
805 809 807
806 810 805
805 810 809
806 811 810
810 812 809
803 808 813
803 813 802
814 813 808
811 815 810
810 815 812
811 816 815
817 812 815
816 818 815
817 815 818
816 819 818
818 819 820
818 820 821
817 818 822
818 821 822
817 822 823
824 822 821
630 823 822
630 822 824
630 824 825
630 825 826
826 825 827
630 826 628
826 827 828
829 628 826
627 628 829
826 828 830
829 826 830
830 828 831
832 830 831
833 627 829
830 833 829
833 646 627
830 834 833
834 830 835
836 646 833
646 836 642
657 642 836
836 755 657
836 833 837
834 837 833
836 837 755
834 838 837
834 839 838
838 839 840
841 755 837
838 841 837
838 840 841
842 841 840
754 755 841
842 843 841
843 754 841
844 843 842
845 754 843
844 845 843
845 753 754
756 845 844
756 753 845
846 847 848
846 849 847
850 849 846
850 851 849
852 851 850
852 853 851
854 853 852
854 855 853
855 854 856
855 856 857
858 857 856
858 859 857
859 858 860
859 860 861
861 860 862
861 862 863
862 864 863
862 865 864
866 864 865
866 865 867
867 868 866
868 869 866
866 869 870
866 870 871
872 871 870
872 870 873
872 873 874
872 874 875
876 875 874
876 877 875
876 878 877
876 879 878
879 880 878
879 881 880
881 882 880
881 883 882
882 883 884
882 884 885
886 885 884
886 887 885
888 887 886
888 886 889
890 891 892
890 893 891
894 893 890
891 893 895
891 895 896
895 897 896
895 898 897
897 898 899
893 900 895
898 895 900
894 901 893
893 901 900
902 901 894
902 894 903
904 902 903
904 903 905
904 905 906
904 906 907
901 908 900
901 902 908
908 898 900
902 909 908
902 904 909
908 910 898
909 910 908
911 899 898
911 898 910
912 899 911
912 913 899
912 914 913
912 915 914
915 916 914
915 917 916
918 916 917
918 917 919
920 915 912
920 917 915
919 917 921
920 921 917
919 921 922
923 912 911
912 923 920
910 924 911
923 911 924
925 921 920
920 923 925
922 921 926
925 926 921
922 926 927
927 926 928
928 926 925
927 928 929
929 928 930
928 931 930
925 923 932
928 925 932
932 923 933
923 924 933
934 928 932
932 933 934
935 931 928
934 935 928
931 935 936
936 935 934
937 934 933
936 934 937
931 936 938
931 938 939
939 938 940
940 938 936
939 940 941
942 941 940
940 936 943
943 936 937
942 940 944
944 940 943
942 944 945
943 945 944
942 945 946
937 933 947
943 937 948
948 937 947
945 943 949
949 943 948
946 945 950
945 949 950
946 950 951
951 950 949
952 946 951
953 947 933
953 933 924
948 947 954
954 947 953
949 948 955
954 955 948
952 951 956
957 952 956
951 949 958
958 949 955
956 951 958
957 956 959
959 956 960
956 958 960
961 960 958
962 954 953
954 962 955
963 962 953
955 962 963
963 953 924
958 955 964
955 963 964
961 958 964
963 924 965
964 963 965
964 965 961
910 965 924
965 910 909
965 909 961
904 961 909
904 966 961
907 966 904
907 967 966
968 967 907
967 969 966
968 969 967
968 957 969
970 971 972
972 973 970
972 974 973
974 975 973
974 976 975
976 977 975
976 978 977
978 979 977
978 980 979
980 981 979
979 981 982
982 981 983
982 983 984
984 983 985
986 987 988
989 988 987
989 987 990
991 989 990
991 992 989
992 991 993
992 993 994
995 994 993
995 996 994
996 995 997
996 997 998
997 999 998
1000 1001 1002
1003 1000 1002
1002 1004 1003
1005 1000 1003
1006 1003 1004
1007 1005 1003
1006 1007 1003
1007 1008 1005
1009 1007 1006
1008 1007 1010
1009 1010 1007
1008 1010 1011
1009 1012 1010
1012 1011 1010
1009 1013 1012
1012 1014 1011
1012 1013 1015
1016 1014 1012
1012 1015 1016
1015 1017 1016
1015 1018 1017
1016 1019 1014
1017 1019 1016
1017 1020 1019
1017 1018 1021
1022 1017 1021
1023 1021 1018
1023 1024 1021
1024 1022 1021
1024 1023 1025
1024 1025 1026
1026 1025 1027
1028 1024 1026
1024 1028 1022
1028 1026 1029
1029 1026 1027
1022 1028 1030
1028 1029 1031
1017 1032 1020
1022 1033 1017
1017 1033 1032
1020 1032 1034
1020 1034 1035
1034 1036 1035
1034 1037 1036
1037 1038 1036
1039 1029 1027
1031 1029 1040
1029 1039 1040
1039 1027 1041
1027 1042 1041
1041 1043 1039
1039 1043 1040
1042 1044 1041
1045 1044 1042
1041 1044 1046
1047 1031 1040
1047 1048 1031
1047 1040 1049
1040 1043 1049
1047 1050 1048
1051 1049 1043
1051 1043 1052
1051 1052 1046
1053 1048 1050
1051 1046 1054
1055 1054 1046
1053 1030 1048
1055 1046 1056
1046 1044 1056
1056 1057 1055
1053 1058 1030
1058 1022 1030
1053 1059 1058
1059 1022 1058
1053 1060 1059
1059 1033 1022
1059 1060 1061
1033 1059 1062
1059 1061 1062
1033 1062 1032
1063 1062 1061
1064 1032 1062
1063 1064 1062
1064 1034 1032
1065 1064 1063
1065 1034 1064
1065 1037 1034
1066 1037 1065
1066 1067 1037
1068 1067 1066
1037 1067 1038
1068 1069 1067
1069 1038 1067
1070 1069 1068
1069 1071 1038
1071 1069 1070
1072 1073 1074
1073 1075 1074
1073 1076 1075
1076 1073 1077
1078 1077 1073
1079 1078 1073
1079 1080 1078
1079 1081 1080
1079 1082 1081
1083 1081 1082
1082 1084 1083
1082 1085 1084
1086 1084 1085
1086 1085 1087
1088 1089 1090
1088 1090 1091
1091 1090 1092
1093 1088 1091
1094 1088 1093
1091 1092 1095
1095 1092 1096
1097 1094 1093
1098 1094 1097
1093 1091 1099
1099 1091 1095
1097 1093 1099
1095 1096 1100
1100 1096 1101
1102 1099 1095
1097 1099 1102
1102 1095 1100
1098 1097 1103
1103 1097 1102
1103 1104 1098
1100 1101 1105
1105 1101 1106
1102 1100 1107
1103 1102 1107
1107 1100 1105
1103 1108 1104
1108 1109 1104
1110 1103 1107
1107 1105 1110
1110 1108 1103
1105 1106 1111
1111 1110 1105
1111 1106 1112
1111 1112 1113
1113 1112 1114
1108 1110 1115
1111 1115 1110
1108 1116 1109
1108 1115 1116
1117 1109 1116
1117 1116 1115
1117 1118 1109
1119 1115 1111
1113 1119 1111
1117 1115 1119
1118 1117 1120
1118 1120 1121
1117 1119 1122
1113 1122 1119
1117 1122 1120
1123 1121 1120
1123 1124 1121
1125 1120 1122
1125 1122 1113
1125 1123 1120
1124 1123 1126
1124 1126 1127
1123 1125 1128
1113 1128 1125
1123 1128 1126
1127 1126 1129
1129 1126 1128
1127 1129 1130
1131 1130 1129
1131 1129 1114
1113 1114 1132
1113 1132 1128
1129 1128 1132
1132 1114 1129
1133 1134 1135
1133 1136 1134
1137 1136 1133
1136 1138 1134
1137 1139 1136
1140 1139 1137
1136 1141 1138
1139 1141 1136
1141 1142 1138
1140 1143 1139
1144 1143 1140
1139 1145 1141
1143 1145 1139
1141 1146 1142
1145 1146 1141
1146 1147 1142
1144 1148 1143
1149 1148 1144
1143 1150 1145
1148 1150 1143
1145 1151 1146
1150 1151 1145
1146 1152 1147
1151 1152 1146
1152 1153 1147
1154 1153 1152
1151 1154 1152
1155 1153 1154
1156 1153 1155
1157 1154 1151
1150 1157 1151
1157 1155 1154
1149 1158 1148
1159 1158 1149
1148 1160 1150
1160 1157 1150
1158 1160 1148
1161 1155 1157
1160 1161 1157
1161 1156 1155
1159 1162 1158
1163 1162 1159
1158 1164 1160
1164 1161 1160
1162 1164 1158
1165 1156 1161
1164 1165 1161
1163 1166 1162
1167 1166 1163
1162 1168 1164
1168 1165 1164
1166 1168 1162
1165 1169 1156
1169 1153 1156
1167 1170 1166
1171 1170 1167
1166 1172 1168
1170 1172 1166
1168 1173 1165
1173 1169 1165
1172 1173 1168
1171 1174 1170
1175 1174 1171
1173 1176 1169
1176 1153 1169
1170 1177 1172
1174 1177 1170
1172 1178 1173
1178 1176 1173
1177 1178 1172
1175 1179 1174
1180 1179 1175
1178 1181 1176
1181 1153 1176
1174 1182 1177
1179 1182 1174
1177 1183 1178
1183 1181 1178
1182 1183 1177
1180 1184 1179
1185 1184 1180
1185 1186 1184
1183 1187 1181
1187 1153 1181
1179 1188 1182
1184 1188 1179
1182 1189 1183
1189 1187 1183
1188 1189 1182
1190 1153 1187
1189 1190 1187
1184 1191 1188
1186 1191 1184
1188 1192 1189
1192 1190 1189
1191 1192 1188
1193 1153 1190
1192 1193 1190
1194 1153 1193
1195 1153 1194
1196 1193 1192
1191 1196 1192
1196 1194 1193
1186 1197 1191
1197 1196 1191
1198 1194 1196
1198 1195 1194
1197 1198 1196
1199 1197 1186
1200 1199 1186
1201 1198 1197
1199 1201 1197
1202 1195 1198
1201 1202 1198
1203 1153 1195
1202 1203 1195
1204 1201 1199
1205 1202 1201
1204 1205 1201
1206 1205 1204
1207 1204 1199
1207 1199 1208
1209 1204 1207
1209 1206 1204
1210 1206 1209
1206 1210 1211
1212 1206 1211
1213 1203 1202
1205 1213 1202
1214 1206 1212
1215 1214 1212
1215 1216 1214
1206 1217 1205
1214 1217 1206
1217 1213 1205
1213 1218 1203
1218 1153 1203
1214 1219 1217
1216 1219 1214
1217 1220 1213
1220 1218 1213
1219 1220 1217
1220 1221 1218
1221 1153 1218
1219 1222 1220
1222 1221 1220
1216 1223 1219
1223 1222 1219
1222 1224 1221
1224 1153 1221
1225 1224 1222
1223 1225 1222
1226 1153 1224
1225 1226 1224
1227 1153 1226
1228 1153 1227
1229 1153 1228
1230 1226 1225
1230 1227 1226
1231 1225 1223
1231 1230 1225
1232 1223 1216
1232 1231 1223
1233 1228 1227
1233 1227 1230
1234 1232 1216
1234 1216 1235
1236 1232 1234
1237 1232 1236
1237 1238 1232
1238 1231 1232
1239 1238 1237
1240 1230 1231
1238 1240 1231
1240 1233 1230
1239 1241 1238
1241 1240 1238
1242 1241 1239
1243 1228 1233
1243 1229 1228
1244 1233 1240
1241 1244 1240
1244 1243 1233
1242 1245 1241
1245 1244 1241
1246 1245 1242
1247 1243 1244
1245 1247 1244
1246 1248 1245
1248 1247 1245
1249 1248 1246
1250 1229 1243
1247 1250 1243
1249 1251 1248
1252 1251 1249
1248 1253 1247
1253 1250 1247
1251 1253 1248
1250 1254 1229
1254 1153 1229
1252 1255 1251
1256 1255 1252
1251 1257 1253
1255 1257 1251
1253 1258 1250
1258 1254 1250
1257 1258 1253
1256 1259 1255
1260 1259 1256
1258 1261 1254
1261 1153 1254
1255 1262 1257
1259 1262 1255
1257 1263 1258
1263 1261 1258
1262 1263 1257
1260 1264 1259
1265 1264 1260
1265 1266 1264
1263 1267 1261
1267 1153 1261
1259 1268 1262
1264 1268 1259
1266 1269 1264
1264 1269 1268
1266 1270 1269
1262 1271 1263
1271 1267 1263
1268 1271 1262
1270 1272 1269
1270 1273 1272
1269 1274 1268
1268 1274 1271
1269 1272 1274
1271 1275 1267
1274 1275 1271
1275 1153 1267
1274 1276 1275
1272 1276 1274
1276 1153 1275
1273 1277 1272
1272 1277 1276
1277 1153 1276
1273 1278 1277
1278 1153 1277
1279 1280 1281
1282 1280 1279
1282 1279 1283
1282 1283 1284
1284 1283 1285
1282 1284 1286
1284 1285 1287
1286 1284 1288
1288 1284 1287
1286 1288 1289
1288 1287 1290
1289 1288 1291
1291 1288 1290
1289 1291 1292
1291 1290 1293
1292 1291 1294
1294 1291 1293
1292 1294 1295
1294 1293 1296
1295 1294 1297
1297 1294 1296
1298 1299 1300
1298 1301 1299
1301 1298 1302
1303 1299 1301
1301 1302 1304
1304 1302 1305
1303 1301 1306
1304 1306 1301
1307 1303 1306
1307 1308 1303
1307 1309 1308
1307 1310 1309
1307 1311 1310
1307 1306 1312
1304 1312 1306
1307 1313 1311
1307 1312 1313
1313 1314 1311
1304 1315 1312
1315 1313 1312
1313 1316 1314
1315 1316 1313
1316 1317 1314
1304 1318 1315
1304 1305 1318
1316 1319 1317
1320 1317 1319
1321 1316 1315
1315 1318 1321
1321 1319 1316
1322 1318 1305
1321 1318 1322
1320 1319 1323
1324 1320 1323
1319 1321 1325
1322 1325 1321
1305 1326 1322
1305 1327 1326
1324 1323 1328
1328 1329 1324
1323 1319 1330
1319 1325 1330
1327 1331 1326
1327 1332 1331
1332 1333 1331
1334 1331 1333
1326 1331 1335
1334 1335 1331
1336 1322 1326
1326 1335 1336
1334 1337 1335
1334 1338 1337
1339 1337 1338
1339 1340 1337
1335 1337 1341
1340 1341 1337
1335 1341 1336
1340 1342 1341
1336 1343 1322
1341 1343 1336
1322 1343 1325
1342 1344 1341
1341 1344 1343
1342 1345 1344
1343 1344 1346
1345 1346 1344
1343 1346 1325
1345 1347 1346
1325 1346 1348
1347 1348 1346
1325 1348 1330
1347 1349 1348
1348 1350 1330
1323 1330 1350
1349 1351 1348
1348 1351 1350
1349 1352 1351
1353 1351 1352
1350 1351 1353
1353 1352 1354
1323 1350 1355
1350 1353 1355
1328 1323 1355
1356 1353 1354
1356 1354 1357
1358 1356 1357
1353 1359 1355
1328 1355 1359
1353 1356 1359
1359 1360 1328
1328 1360 1329
1360 1361 1329
1356 1362 1359
1359 1362 1360
1360 1363 1361
1362 1363 1360
1364 1361 1363
1358 1365 1356
1356 1365 1362
1364 1363 1366
1367 1364 1366
1362 1368 1363
1365 1368 1362
1366 1363 1368
1358 1369 1365
1365 1369 1368
1358 1370 1369
1371 1369 1370
1366 1368 1372
1372 1368 1369
1367 1366 1373
1373 1366 1372
1371 1374 1369
1372 1369 1374
1371 1375 1374
1371 1376 1375
1377 1372 1374
1377 1374 1375
1373 1372 1377
1376 1378 1375
1378 1377 1375
1376 1379 1378
1380 1367 1373
1380 1381 1367
1382 1381 1380
1383 1373 1377
1383 1380 1373
1378 1383 1377
1382 1380 1384
1384 1380 1383
1384 1385 1382
1384 1386 1385
1384 1383 1387
1387 1386 1384
1387 1383 1378
1387 1388 1386
1387 1378 1389
1388 1387 1389
1389 1378 1379
1388 1389 1390
1389 1379 1391
1391 1390 1389
1391 1379 1392
1391 1393 1390
1391 1392 1394
1391 1395 1393
1391 1394 1395
1396 1397 1398
1396 1399 1397
1400 1399 1396
1401 1397 1399
1402 1397 1401
1402 1403 1397
1402 1404 1403
1405 1403 1404
1405 1406 1403
1405 1407 1406
1408 1406 1407
1409 1408 1407
1410 1408 1409
1411 1410 1409
1412 1410 1411
1412 1411 1413
1402 1401 1414
1413 1415 1412
1413 1416 1415
1401 1417 1414
1415 1416 1418
1401 1419 1417
1420 1417 1419
1415 1418 1421
1422 1421 1418
1423 1419 1401
1401 1399 1423
1420 1419 1424
1425 1420 1424
1423 1426 1419
1426 1424 1419
1427 1423 1399
1427 1426 1423
1425 1424 1428
1429 1425 1428
1430 1415 1421
1431 1415 1430
1431 1430 1432
1433 1432 1430
1433 1434 1432
1430 1421 1435
1435 1433 1430
1434 1433 1436
1434 1436 1437
1438 1436 1433
1438 1433 1439
1435 1439 1433
1439 1440 1438
1440 1441 1438
1435 1421 1442
1422 1442 1421
1443 1442 1422
1435 1444 1439
1439 1444 1440
1435 1442 1445
1435 1445 1444
1443 1446 1442
1445 1442 1446
1445 1447 1444
1440 1444 1447
1448 1446 1443
1448 1443 1449
1445 1446 1450
1445 1450 1447
1451 1446 1448
1451 1450 1446
1452 1448 1449
1452 1449 1453
1454 1451 1448
1454 1448 1452
1455 1450 1451
1454 1455 1451
1453 1456 1452
1453 1457 1456
1452 1458 1454
1452 1456 1458
1457 1459 1456
1457 1460 1459
1456 1459 1461
1456 1461 1458
1458 1461 1462
1463 1454 1458
1454 1463 1455
1458 1462 1464
1463 1458 1464
1464 1462 1465
1464 1465 1466
1463 1464 1466
1466 1465 1467
1455 1463 1468
1463 1466 1468
1466 1467 1469
1468 1466 1469
1469 1467 1470
1455 1468 1471
1450 1455 1471
1450 1471 1447
1468 1469 1472
1472 1471 1468
1469 1470 1473
1472 1469 1473
1474 1473 1470
1474 1470 1475
1472 1476 1471
1476 1447 1471
1476 1472 1473
1476 1477 1447
1440 1447 1477
1476 1473 1478
1477 1476 1478
1477 1478 1440
1478 1473 1474
1440 1478 1441
1441 1478 1479
1478 1474 1479
1441 1479 1480
1481 1480 1479
1481 1479 1482
1482 1479 1474
1483 1474 1475
1484 1483 1475
1483 1485 1474
1482 1474 1485
1484 1486 1483
1486 1485 1483
1484 1487 1486
1486 1487 1488
1482 1489 1481
1490 1481 1489
1491 1482 1485
1485 1486 1491
1482 1491 1489
1486 1488 1492
1492 1491 1486
1493 1492 1488
1493 1488 1494
1493 1494 1495
1492 1496 1491
1489 1491 1496
1493 1496 1492
1493 1495 1497
1497 1495 1498
1493 1499 1496
1499 1493 1497
1489 1496 1500
1499 1500 1496
1501 1497 1498
1499 1497 1501
1501 1498 1502
1503 1502 1498
1503 1504 1502
1505 1499 1501
1505 1500 1499
1505 1501 1502
1489 1500 1506
1490 1489 1506
1507 1500 1505
1502 1507 1505
1507 1506 1500
1504 1508 1502
1502 1508 1507
1504 1509 1508
1510 1490 1506
1510 1511 1490
1512 1511 1510
1506 1507 1513
1508 1513 1507
1506 1513 1510
1514 1508 1509
1508 1514 1513
1514 1509 1515
1512 1510 1516
1516 1510 1513
1517 1512 1516
1514 1518 1513
1516 1513 1518
1514 1515 1519
1514 1519 1518
1515 1520 1519
1517 1516 1521
1521 1516 1518
1521 1522 1517
1519 1523 1518
1521 1518 1523
1521 1524 1522
1524 1521 1523
1524 1525 1522
1519 1520 1526
1519 1526 1523
1524 1523 1527
1526 1527 1523
1524 1528 1525
1528 1524 1527
1528 1529 1525
1530 1526 1520
1526 1530 1527
1530 1520 1531
1528 1532 1529
1533 1529 1532
1528 1527 1534
1534 1527 1530
1534 1532 1528
1535 1530 1531
1534 1530 1535
1535 1531 1536
1533 1532 1537
1538 1533 1537
1534 1539 1532
1535 1539 1534
1537 1532 1539
1540 1535 1536
1535 1540 1539
1540 1536 1541
1538 1537 1542
1543 1538 1542
1537 1539 1544
1544 1539 1540
1542 1537 1544
1545 1540 1541
1544 1540 1545
1545 1541 1546
1543 1542 1547
1547 1548 1543
1542 1544 1549
1547 1542 1549
1550 1544 1545
1550 1545 1546
1550 1549 1544
1546 1551 1550
1550 1551 1549
1546 1552 1551
1547 1553 1548
1554 1548 1553
1547 1549 1555
1551 1555 1549
1555 1553 1547
1554 1553 1556
1557 1554 1556
1555 1558 1553
1558 1555 1551
1556 1553 1558
1552 1559 1551
1559 1552 1560
1559 1560 1561
1559 1562 1551
1558 1551 1562
1563 1562 1559
1557 1556 1564
1564 1565 1557
1556 1558 1566
1562 1566 1558
1564 1556 1566
1563 1567 1562
1562 1567 1566
1563 1568 1567
1564 1569 1565
1569 1570 1565
1564 1566 1571
1567 1571 1566
1569 1564 1571
1568 1572 1567
1567 1572 1571
1568 1573 1572
1569 1571 1574
1572 1574 1571
1573 1575 1572
1572 1575 1574
1573 1576 1575
1577 1569 1574
1569 1577 1570
1576 1578 1575
1576 1579 1578
1575 1580 1574
1577 1574 1580
1575 1578 1580
1581 1578 1579
1581 1579 1582
1581 1582 1583
1584 1580 1578
1584 1578 1581
1581 1583 1585
1584 1581 1585
1585 1583 1586
1580 1587 1577
1580 1584 1587
1577 1588 1570
1577 1587 1588
1589 1588 1587
1570 1588 1590
1589 1590 1588
1570 1590 1591
1592 1591 1590
1584 1585 1593
1593 1587 1584
1585 1586 1594
1594 1593 1585
1595 1594 1586
1589 1587 1596
1593 1596 1587
1593 1597 1596
1589 1596 1597
1595 1598 1594
1595 1599 1598
1594 1600 1593
1593 1600 1597
1594 1601 1600
1594 1598 1601
1602 1598 1599
1602 1599 1603
1604 1597 1600
1604 1600 1601
1598 1605 1601
1598 1602 1605
1603 1606 1602
1603 1607 1606
1589 1597 1608
1608 1597 1604
1609 1604 1601
1609 1601 1605
1602 1610 1605
1602 1606 1610
1607 1611 1606
1607 1612 1611
1605 1613 1609
1605 1610 1613
1606 1614 1610
1606 1611 1614
1615 1611 1612
1615 1612 1616
1610 1617 1613
1610 1614 1617
1618 1609 1613
1617 1618 1613
1619 1604 1609
1618 1619 1609
1611 1620 1614
1611 1615 1620
1616 1621 1615
1616 1622 1621
1614 1623 1617
1614 1620 1623
1615 1624 1620
1615 1621 1624
1622 1625 1621
1622 1626 1625
1627 1625 1626
1620 1628 1623
1620 1624 1628
1629 1617 1623
1628 1629 1623
1621 1630 1624
1621 1625 1630
1627 1631 1625
1631 1627 1632
1633 1625 1631
1633 1630 1625
1631 1632 1634
1634 1633 1631
1634 1632 1635
1624 1630 1636
1624 1636 1628
1634 1635 1637
1637 1635 1638
1639 1636 1630
1639 1630 1633
1640 1639 1633
1634 1641 1633
1641 1634 1637
1640 1633 1641
1628 1636 1642
1642 1636 1639
1637 1638 1643
1644 1643 1638
1641 1637 1645
1645 1637 1643
1644 1646 1643
685 1646 1644
685 1647 1646
1648 1641 1645
1648 1640 1641
1645 1643 1649
1646 1649 1643
1648 1645 1649
1650 1646 1647
1646 1650 1649
1650 1647 1651
1650 1652 1649
1648 1649 1652
1653 1648 1652
1654 1653 1652
1650 1654 1652
1654 1650 1651
1654 1651 1655
1656 1654 1655
1654 1656 1653
1656 1655 1657
1657 1658 1656
1657 1659 1658
1658 1659 1660
1661 1656 1658
1661 1653 1656
1658 1660 1662
1661 1658 1662
1663 1662 1660
1653 1664 1648
1640 1648 1664
1665 1664 1653
1665 1640 1664
1663 1666 1662
1661 1662 1667
1666 1667 1662
1668 1666 1663
1668 1663 1669
1668 1669 1670
1668 1670 1671
1672 1671 1670
1673 1666 1668
1673 1668 1671
1666 1674 1667
1673 1674 1666
1674 1673 1675
1661 1667 1676
1674 1676 1667
1674 1675 1677
1674 1677 1676
1661 1676 1678
1678 1653 1661
1678 1679 1653
1665 1653 1679
1676 1680 1678
1679 1678 1680
1681 1676 1677
1676 1681 1680
1675 1682 1677
1681 1677 1682
1673 1671 1683
1684 1675 1673
1684 1673 1683
1683 1671 1685
1672 1685 1671
1686 1685 1672
1686 1672 1687
1687 1688 1686
1687 1689 1688
1690 1688 1689
1691 1685 1686
1688 1691 1686
1683 1685 1692
1691 1692 1685
1690 1693 1688
1690 1694 1693
1688 1695 1691
1693 1695 1688
1684 1683 1696
1692 1696 1683
1697 1692 1691
1697 1691 1695
1692 1698 1696
1697 1698 1692
1694 1699 1693
1693 1700 1695
1693 1699 1700
1697 1695 1701
1701 1695 1700
1699 1694 1702
1694 1703 1702
1699 1704 1700
1704 1699 1702
1705 1702 1703
1705 1703 1706
1705 1706 1707
1708 1702 1705
1708 1704 1702
1707 1709 1705
1708 1705 1709
1707 1710 1709
1711 1700 1704
1701 1700 1711
1712 1701 1711
1713 1711 1704
1713 1704 1708
1713 1712 1711
1710 1714 1709
1710 1715 1714
1714 1715 1716
1709 1717 1708
1713 1708 1717
1709 1714 1717
1716 1718 1714
1719 1718 1716
1720 1717 1714
1713 1717 1720
1720 1714 1718
1719 1721 1718
1720 1718 1721
1713 1720 1722
1713 1722 1712
1723 1712 1722
1722 1724 1723
1722 1720 1724
1720 1721 1724
1719 1725 1721
1725 1724 1721
1719 1726 1725
1725 1726 1727
1725 1727 1728
1728 1727 1729
1725 1730 1724
1730 1725 1728
1728 1729 1731
1732 1731 1729
1724 1730 1733
1724 1733 1723
1730 1728 1734
1734 1728 1731
1734 1733 1730
1732 1735 1731
1735 1732 1736
1734 1731 1737
1735 1737 1731
1734 1738 1733
1737 1738 1734
1735 1736 1739
1739 1736 1740
1739 1740 1741
1742 1735 1739
1735 1742 1737
1743 1739 1741
1742 1739 1743
1743 1741 1744
1737 1742 1745
1743 1745 1742
1744 1746 1743
1743 1746 1745
1744 1429 1746
1429 1428 1746
1737 1745 1747
1737 1747 1738
1746 1748 1745
1746 1428 1748
1745 1748 1747
1747 1749 1738
1747 1748 1749
1428 1750 1748
1750 1749 1748
1428 1424 1750
1426 1750 1424
1426 1751 1750
1750 1751 1749
1738 1749 1752
1738 1752 1733
1733 1752 1723
1753 1752 1749
1753 1749 1751
1752 1753 1723
1426 1754 1751
1427 1754 1426
1755 1753 1751
1755 1751 1754
1723 1753 1756
1756 1753 1755
1757 1756 1755
1758 1755 1754
1758 1754 1427
1757 1755 1758
1759 1723 1756
1757 1759 1756
1427 1760 1758
1758 1760 1757
1759 1761 1723
1723 1761 1712
1427 1762 1760
1427 1399 1762
1400 1762 1399
1760 1762 1400
1760 1400 1763
1764 1760 1763
1757 1760 1764
1765 1757 1764
1765 1766 1757
1757 1766 1759
1767 1766 1765
1759 1766 1767
1767 1765 1768
1769 1761 1759
1759 1767 1769
1768 1770 1767
1770 1769 1767
1768 1771 1770
1769 1772 1761
1712 1761 1772
1712 1772 1773
1712 1773 1701
1769 1774 1772
1773 1772 1774
1701 1773 1775
1773 1774 1775
1701 1775 1697
1775 1698 1697
1769 1776 1774
1770 1776 1769
1771 1777 1770
1771 1778 1777
1775 1774 1779
1776 1779 1774
1770 1780 1776
1770 1777 1780
1776 1780 1779
1781 1777 1778
1781 1780 1777
1781 1778 1782
1775 1783 1698
1775 1779 1783
1779 1780 1784
1781 1784 1780
1785 1781 1782
1785 1784 1781
1785 1782 1786
1787 1785 1786
1788 1698 1783
1788 1696 1698
1789 1783 1779
1779 1784 1789
1789 1788 1783
1785 1790 1784
1790 1789 1784
1787 1791 1785
1790 1785 1791
1792 1696 1788
1792 1684 1696
1788 1789 1793
1790 1793 1789
1788 1793 1792
1787 1794 1791
1787 1795 1794
1790 1791 1796
1796 1793 1790
1794 1796 1791
1792 1793 1797
1796 1797 1793
1798 1684 1792
1792 1797 1798
1799 1794 1795
1799 1795 1800
1794 1801 1796
1801 1797 1796
1799 1801 1794
1798 1802 1684
1684 1802 1675
1803 1798 1797
1801 1803 1797
1804 1802 1798
1803 1804 1798
1675 1802 1805
1804 1805 1802
1801 1806 1803
1806 1804 1803
1799 1807 1801
1801 1807 1806
1675 1805 1808
1675 1808 1682
1809 1805 1804
1805 1810 1808
1805 1809 1810
1808 1811 1682
1808 1810 1811
1806 1812 1804
1809 1804 1812
1809 1813 1810
1813 1811 1810
1812 1814 1809
1809 1814 1813
1806 1815 1812
1812 1815 1814
1807 1816 1806
1806 1816 1815
1682 1811 1817
1682 1817 1681
1807 1818 1816
1818 1807 1799
1681 1817 1819
1681 1819 1680
1818 1799 1820
1800 1820 1799
1800 1821 1820
1821 1800 1822
1821 1822 1823
1823 1822 1824
1823 1824 1825
1826 1825 1824
1818 1827 1816
1818 1828 1827
1828 1818 1820
1816 1827 1829
1828 1820 1830
1830 1820 1821
1816 1829 1815
1830 1821 1831
1831 1821 1823
1832 1815 1829
1831 1823 1833
1833 1823 1825
1832 1814 1815
1834 1814 1832
1834 1813 1814
1833 1825 1835
1836 1813 1834
1835 1825 1837
1835 1837 1838
1837 1839 1838
1826 1837 1825
1837 1840 1839
1826 1841 1837
1837 1841 1840
1826 1842 1841
1843 1840 1841
1592 1841 1842
1592 1843 1841
1592 1844 1843
1592 1845 1844
1845 1846 1844
1592 1590 1845
1845 1847 1846
1848 1845 1590
1589 1848 1590
1845 1849 1847
1848 1849 1845
1849 1850 1847
1850 1849 1851
1852 1848 1589
1852 1589 1608
1848 1853 1849
1848 1852 1853
1853 1854 1849
1855 1852 1608
1608 1604 1855
1619 1855 1604
1853 1852 1856
1855 1856 1852
1855 1619 1857
1855 1857 1856
1853 1856 1858
1853 1858 1859
1858 1860 1859
1858 1856 1861
1858 1861 1860
1856 1857 1861
1862 1860 1861
1619 1863 1857
1619 1618 1863
1862 1861 1864
1865 1862 1864
1866 1861 1857
1866 1857 1863
1861 1866 1864
1618 1867 1863
1866 1863 1867
1865 1864 1868
1869 1865 1868
1864 1866 1870
1864 1870 1868
1870 1866 1867
1869 1868 1870
1869 1870 1871
1867 1871 1870
1618 1872 1867
1617 1872 1618
1629 1872 1617
1873 1867 1872
1867 1873 1871
1873 1872 1629
1874 1869 1871
1875 1869 1874
1874 1876 1875
1877 1871 1873
1874 1871 1877
1878 1876 1874
1878 1879 1876
1879 1878 1880
1879 1880 1881
1880 1882 1881
1880 1883 1882
1882 1883 1884
1882 1884 1885
1884 1886 1885
1885 1886 1887
1887 1886 1888
1887 1888 1889
1890 1874 1877
1890 1891 1874
1890 1892 1891
1890 1893 1892
1894 1892 1893
1895 1890 1877
1895 1893 1890
1894 1893 1896
1896 1897 1894
1895 1877 1898
1877 1873 1898
1629 1898 1873
1629 1899 1898
1899 1895 1898
1628 1899 1629
1628 1642 1899
1899 1642 1895
1895 1900 1893
1642 1900 1895
1896 1893 1900
1642 1901 1900
1642 1639 1901
1640 1901 1639
1896 1900 1902
1901 1902 1900
1640 1903 1901
1901 1903 1902
1665 1903 1640
1904 1903 1665
1904 1902 1903
1904 1665 1679
1902 1905 1896
1902 1904 1905
1896 1905 1897
1906 1897 1905
1904 1906 1905
1906 1907 1897
1908 1907 1906
1904 1679 1909
1909 1906 1904
1679 1680 1909
1908 1906 1910
1910 1906 1909
1910 1909 1680
1910 1680 1819
1910 1889 1908
1910 1819 1889
1817 1889 1819
1911 1889 1817
1887 1889 1911
1912 1887 1911
1912 1913 1887
1914 1912 1911
1911 1817 1915
1914 1911 1915
1811 1915 1817
1915 1836 1914
1811 1916 1915
1915 1916 1836
1813 1916 1811
1836 1916 1813
1917 1918 1919
1917 1919 1920
1921 1917 1920
1921 1920 1922
1923 1921 1922
1923 1922 1924
1925 1923 1924
1925 1924 1926
1926 1927 1925
1926 1928 1927
1929 1927 1928
1929 1928 1930
1930 1931 1929
1930 1932 1931
1932 1933 1931
1932 1934 1933
1933 1934 1935
1933 1935 1936
1937 1936 1935
1937 1938 1936
1938 1937 1939
1939 1937 1940
1937 1941 1940
1937 1942 1941
1943 1941 1942
1943 1944 1941
1943 1945 1944
1943 1946 1945
1947 1945 1946
1947 1946 1948
1947 1948 1949
1947 1949 1950
1950 1949 1951
1950 1951 1952
1952 1951 1953
1952 1953 1954
1953 1955 1954
1953 1956 1955
1957 1955 1956
1957 1956 1958
1959 1957 1958
1959 1960 1957
1961 1962 1963
1961 1963 1964
1965 1961 1964
1963 1966 1964
1963 1967 1966
1966 1967 1968
1966 1968 1969
1968 1970 1969
1964 1966 1971
1969 1971 1966
1965 1964 1972
1964 1971 1972
1973 1965 1972
1973 1974 1965
1975 1974 1973
1975 1976 1974
1975 1977 1976
1975 1978 1977
1972 1971 1979
1972 1979 1973
1979 1971 1969
1973 1979 1980
1973 1980 1975
1979 1969 1981
1980 1979 1981
1982 1969 1970
1982 1981 1969
1983 1982 1970
1983 1970 1984
1983 1984 1985
1983 1985 1986
1986 1985 1987
1986 1987 1988
1989 1988 1987
1989 1990 1988
1991 1983 1986
1991 1986 1988
1990 1992 1988
1991 1988 1992
1990 1993 1992
1994 1982 1983
1983 1991 1994
1981 1982 1995
1994 1995 1982
1993 1996 1992
1993 1997 1996
1997 1998 1996
1997 1999 1998
1999 2000 1998
1998 2000 2001
2002 1991 1992
2002 1992 1996
1991 2002 1994
1998 2002 1996
2002 2003 1994
1998 2003 2002
2003 2004 1994
1994 2004 1995
2005 2003 1998
2003 2005 2004
2006 1998 2001
2005 1998 2006
2001 2007 2006
2007 2005 2006
2008 2004 2005
2007 2008 2005
2001 2009 2007
2001 2010 2009
2010 2011 2009
2011 2007 2009
2010 2012 2011
2013 2011 2012
2011 2014 2007
2014 2008 2007
2013 2015 2011
2015 2014 2011
2013 2016 2015
2014 2015 2016
2013 2017 2016
2008 2018 2004
2014 2019 2008
2019 2018 2008
2016 2020 2014
2020 2019 2014
2017 2021 2016
2016 2021 2020
2017 2022 2021
2022 2020 2021
2023 2022 2017
2024 2004 2018
2024 1995 2004
2019 2025 2018
2025 2024 2018
2020 2026 2019
2025 2019 2026
2023 2027 2022
2028 2027 2023
2022 2029 2020
2029 2026 2020
2027 2029 2022
2028 2030 2027
2030 2031 2027
2027 2031 2029
2032 2029 2031
2033 2024 2025
2025 2026 2033
2034 2024 2033
2026 2034 2033
2034 1995 2024
2029 2035 2026
2026 2035 2034
2032 2035 2029
2034 2036 1995
2035 2036 2034
2035 2032 2036
1981 1995 2036
2036 1980 1981
2036 2032 1980
1975 1980 2032
1975 2032 2037
1978 1975 2037
1978 2037 2038
2039 1978 2038
2038 2037 2040
2039 2038 2040
2039 2040 2028
2041 2042 2043
2042 2041 2044
2042 2044 2045
2045 2044 2046
2045 2046 2047
2047 2046 2048
2047 2048 2049
2049 2048 2050
2049 2050 2051
2050 2052 2051
2050 2053 2052
2053 2054 2052
2053 2055 2054
2056 2054 2055
2057 2058 2059
2060 2059 2058
2060 2061 2059
2062 2061 2060
2062 2060 2063
2063 2064 2062
2063 2065 2064
2066 2064 2065
2066 2065 2067
2067 2068 2066
2067 2069 2068
2068 2069 2070
2071 2072 2073
2074 2072 2071
2072 2074 2075
2076 2074 2071
2077 2075 2074
2078 2074 2076
2077 2074 2078
2078 2076 2079
2080 2077 2078
2079 2081 2078
2080 2078 2081
2079 2082 2081
2080 2081 2083
2083 2081 2082
2080 2083 2084
2083 2082 2085
2083 2086 2084
2087 2083 2085
2083 2087 2086
2086 2087 2088
2086 2088 2089
2087 2085 2090
2088 2087 2090
2088 2090 2091
2092 2089 2088
2093 2089 2092
2088 2091 2094
2091 2095 2094
2096 2094 2095
2091 2097 2095
2095 2097 2098
2088 2094 2099
2099 2094 2096
2100 2092 2088
2100 2088 2099
2095 2098 2101
2101 2098 2102
2093 2092 2103
2104 2093 2103
2104 2105 2093
2106 2105 2104
2092 2107 2103
2107 2104 2103
2092 2100 2107
2107 2108 2104
2106 2104 2108
2100 2109 2107
2107 2110 2108
2111 2100 2099
2109 2100 2111
2111 2099 2112
2099 2096 2112
2113 2109 2111
2113 2111 2112
2113 2114 2109
2113 2112 2115
2096 2115 2112
2113 2116 2114
2096 2117 2115
2118 2114 2116
2118 2110 2114
2119 2117 2096
2118 2120 2110
2120 2108 2110
2118 2121 2120
2119 2096 2122
2096 2095 2122
2123 2119 2122
2123 2122 2095
2123 2095 2101
2124 2123 2101
2124 2101 2125
2126 2124 2125
2101 2102 2125
2126 2125 2127
2127 2125 2102
2128 2126 2127
2127 2102 2129
2129 2128 2127
2121 2130 2120
2131 2130 2121
2131 2132 2130
2131 2133 2132
2131 2134 2133
2135 2133 2134
2120 2130 2136
2108 2120 2136
2106 2108 2136
2137 2136 2130
2136 2137 2106
2137 2138 2106
2137 2139 2138
2137 2133 2139
2140 2138 2139
2135 2141 2133
2141 2139 2133
2141 2135 2142
2140 2139 2143
2139 2141 2143
2144 2140 2143
2141 2142 2145
2143 2141 2145
2142 2146 2145
2144 2143 2147
2143 2145 2147
2144 2147 2148
2147 2145 2148
2144 2148 2149
2148 2150 2149
2146 2151 2145
2151 2148 2145
2148 2152 2150
2153 2150 2152
2151 2146 2154
2146 2155 2154
2154 2155 2156
2148 2151 2157
2148 2157 2152
2151 2154 2157
2153 2152 2158
2159 2153 2158
2157 2160 2152
2154 2160 2157
2158 2152 2160
2154 2156 2161
2160 2154 2161
2161 2156 2162
2158 2160 2163
2160 2161 2164
2159 2158 2165
2165 2158 2163
2166 2159 2165
2165 2163 2167
2161 2162 2168
2164 2161 2168
2169 2168 2162
2164 2168 2170
2166 2165 2171
2171 2165 2167
2171 2172 2166
2171 2167 2173
2173 2172 2171
2169 2174 2168
2174 2170 2168
2169 2175 2174
2174 2176 2170
2175 2176 2174
2177 2178 2179
2179 2178 2180
2179 2180 2181
2181 2182 2179
2183 2179 2182
2184 2179 2183
2184 2183 2185
2184 2185 2186
2184 2186 2187
2188 2187 2186
2187 2188 2189
2187 2189 2190
2191 2190 2189
2191 2192 2190
2193 2194 2195
2193 2196 2194
2196 2197 2194
2198 2196 2193
2199 2198 2193
2196 2200 2197
2200 2201 2197
2202 2198 2199
2203 2202 2199
2198 2204 2196
2204 2200 2196
2202 2204 2198
2200 2205 2201
2205 2206 2201
2207 2200 2204
2202 2207 2204
2207 2205 2200
2203 2208 2202
2208 2207 2202
2208 2203 2209
2205 2210 2206
2210 2211 2206
2207 2212 2205
2208 2212 2207
2212 2210 2205
2208 2209 2213
2213 2209 2214
2215 2212 2208
2212 2215 2210
2215 2208 2213
2210 2216 2211
2216 2210 2215
2216 2217 2211
2216 2218 2217
2218 2219 2217
2213 2220 2215
2216 2215 2220
2213 2214 2221
2213 2221 2220
2222 2221 2214
2222 2220 2221
2222 2214 2223
2224 2216 2220
2218 2216 2224
2222 2224 2220
2223 2225 2222
2223 2226 2225
2222 2227 2224
2218 2224 2227
2222 2225 2227
2228 2225 2226
2228 2226 2229
2230 2227 2225
2230 2218 2227
2230 2225 2228
2229 2231 2228
2229 2232 2231
2228 2233 2230
2218 2230 2233
2228 2231 2233
2232 2234 2231
2234 2233 2231
2232 2235 2234
2236 2234 2235
2236 2219 2234
2218 2237 2219
2218 2233 2237
2234 2237 2233
2237 2234 2219
2238 2239 2240
2238 2240 2241
2242 2238 2241
2241 2240 2243
2242 2241 2244
2245 2242 2244
2241 2243 2246
2244 2241 2246
2246 2243 2247
2245 2244 2248
2249 2245 2248
2244 2246 2250
2248 2244 2250
2246 2247 2251
2250 2246 2251
2251 2247 2252
2249 2248 2253
2254 2249 2253
2248 2250 2255
2253 2248 2255
2250 2251 2256
2255 2250 2256
2251 2252 2257
2256 2251 2257
2257 2252 2258
2259 2257 2258
2256 2257 2259
2260 2259 2258
2261 2260 2258
2262 2256 2259
2255 2256 2262
2262 2259 2260
2254 2253 2263
2264 2254 2263
2253 2255 2265
2265 2255 2262
2263 2253 2265
2266 2262 2260
2265 2262 2266
2266 2260 2261
2264 2263 2267
2268 2264 2267
2263 2265 2269
2269 2265 2266
2267 2263 2269
2270 2266 2261
2269 2266 2270
2268 2267 2271
2272 2268 2271
2267 2269 2273
2273 2269 2270
2271 2267 2273
2270 2261 2274
2274 2261 2258
2272 2271 2275
2276 2272 2275
2271 2273 2277
2275 2271 2277
2273 2270 2278
2278 2270 2274
2277 2273 2278
2276 2275 2279
2280 2276 2279
2278 2274 2281
2281 2274 2258
2275 2277 2282
2279 2275 2282
2277 2278 2283
2283 2278 2281
2282 2277 2283
2280 2279 2284
2285 2280 2284
2283 2281 2286
2286 2281 2258
2279 2282 2287
2284 2279 2287
2282 2283 2288
2288 2283 2286
2287 2282 2288
2285 2284 2289
2290 2285 2289
2290 2289 2291
2288 2286 2292
2292 2286 2258
2284 2287 2293
2289 2284 2293
2287 2288 2294
2294 2288 2292
2293 2287 2294
2295 2292 2258
2294 2292 2295
2289 2293 2296
2291 2289 2296
2293 2294 2297
2297 2294 2295
2296 2293 2297
2298 2295 2258
2297 2295 2298
2299 2298 2258
2300 2299 2258
2301 2297 2298
2296 2297 2301
2301 2298 2299
2291 2296 2302
2302 2296 2301
2303 2301 2299
2303 2299 2300
2302 2301 2303
2304 2291 2302
2305 2291 2304
2306 2302 2303
2304 2302 2306
2307 2303 2300
2306 2303 2307
2308 2300 2258
2307 2300 2308
2309 2304 2306
2310 2306 2307
2309 2306 2310
2311 2309 2310
2312 2304 2309
2312 2313 2304
2314 2312 2309
2314 2309 2311
2315 2314 2311
2311 2316 2315
2317 2316 2311
2318 2307 2308
2310 2307 2318
2319 2317 2311
2320 2317 2319
2320 2319 2321
2311 2310 2322
2319 2311 2322
2322 2310 2318
2318 2308 2323
2323 2308 2258
2319 2322 2324
2321 2319 2324
2322 2318 2325
2325 2318 2323
2324 2322 2325
2325 2323 2326
2326 2323 2258
2324 2325 2327
2327 2325 2326
2321 2324 2328
2328 2324 2327
2327 2326 2329
2329 2326 2258
2330 2327 2329
2328 2327 2330
2331 2329 2258
2330 2329 2331
2332 2331 2258
2333 2332 2258
2334 2333 2258
2335 2330 2331
2335 2331 2332
2336 2328 2330
2336 2330 2335
2337 2321 2328
2337 2328 2336
2338 2332 2333
2338 2335 2332
2339 2321 2337
2339 2340 2321
2341 2339 2337
2342 2341 2337
2342 2337 2343
2343 2337 2336
2344 2342 2343
2345 2336 2335
2343 2336 2345
2345 2335 2338
2344 2343 2346
2346 2343 2345
2347 2344 2346
2348 2338 2333
2348 2333 2334
2349 2345 2338
2346 2345 2349
2349 2338 2348
2347 2346 2350
2350 2346 2349
2351 2347 2350
2352 2349 2348
2350 2349 2352
2351 2350 2353
2353 2350 2352
2354 2351 2353
2355 2348 2334
2352 2348 2355
2354 2353 2356
2357 2354 2356
2353 2352 2358
2358 2352 2355
2356 2353 2358
2355 2334 2359
2359 2334 2258
2357 2356 2360
2361 2357 2360
2356 2358 2362
2360 2356 2362
2358 2355 2363
2363 2355 2359
2362 2358 2363
2361 2360 2364
2365 2361 2364
2363 2359 2366
2366 2359 2258
2360 2362 2367
2364 2360 2367
2362 2363 2368
2368 2363 2366
2367 2362 2368
2365 2364 2369
2370 2365 2369
2370 2369 2371
2368 2366 2372
2372 2366 2258
2364 2367 2373
2369 2364 2373
2371 2369 2374
2369 2373 2374
2371 2374 2375
2367 2368 2376
2376 2368 2372
2373 2367 2376
2374 2373 2377
2373 2376 2377
2375 2374 2378
2374 2377 2378
2375 2378 2379
2376 2372 2380
2377 2376 2380
2380 2372 2258
2377 2380 2381
2378 2377 2381
2381 2380 2258
2379 2378 2382
2378 2381 2382
2382 2381 2258
2379 2382 2383
2383 2382 2258
2384 2385 2386
2387 2384 2386
2387 2388 2384
2387 2389 2388
2389 2390 2388
2387 2391 2389
2389 2392 2390
2391 2393 2389
2393 2392 2389
2391 2394 2393
2393 2395 2392
2394 2396 2393
2396 2395 2393
2394 2397 2396
2396 2398 2395
2397 2399 2396
2399 2398 2396
2397 2400 2399
2399 2401 2398
2400 2402 2399
2402 2401 2399
2403 2404 2405
2403 2405 2406
2407 2406 2405
2407 2408 2406
2406 2408 2409
2403 2406 2410
2406 2409 2410
2403 2410 2411
2410 2409 2412
2411 2410 2413
2410 2412 2413
2411 2413 2414
2413 2412 2415
2414 2413 2416
2413 2415 2416
2414 2416 2417
2416 2415 2418
2417 2416 2418
2419 2420 2421
2419 2422 2420
2423 2420 2422
2423 2422 2424
2422 2425 2424
2419 2426 2422
2422 2426 2425
2419 2427 2426
2426 2428 2425
2427 2429 2426
2426 2429 2428
2427 2430 2429
2429 2431 2428
2430 2432 2429
2429 2432 2431
2430 2433 2432
2432 2434 2431
2433 2434 2432
2435 2436 2437
2435 2437 2438
2438 2437 2439
2438 2439 2440
2440 2439 2441
2440 2441 2442
2442 2441 2443
2442 2443 2444
2444 2443 2445
2444 2445 2446
2446 2445 2447
2446 2447 2448
2448 2447 2449
2448 2449 2450
2450 2449 2451
2450 2451 2452
2452 2451 2453
2452 2453 2454
2454 2453 2455
2454 2455 2456
2456 2455 2457
2456 2457 2458
2458 2457 2459
2458 2459 2460
2460 2459 2461
2460 2461 2462
2462 2461 2463
2462 2463 2464
2464 2463 2465
2464 2465 2466
2466 2465 2467
2466 2467 2468
2468 2467 2469
2468 2469 2470
2470 2469 2471
2470 2471 2472
2472 2471 2473
2472 2473 2474
2474 2473 2475
2474 2475 2476
2477 2478 2479
2477 2479 2480
2480 2479 2481
2480 2481 2482
2482 2481 2483
2482 2483 2484
2484 2483 2485
2484 2485 2486
2486 2485 2487
2486 2487 2488
2488 2487 2489
2488 2489 2490
2490 2489 2491
2490 2491 2492
2492 2491 2493
2492 2493 2494
2494 2493 2495
2494 2495 2496
2496 2495 2497
2496 2497 2498
2498 2497 2499
2498 2499 2500
2500 2499 2501
2500 2501 2502
2502 2501 2503
2502 2503 2504
2504 2503 2505
2504 2505 2506
2506 2505 2507
2506 2507 2508
2508 2507 2509
2508 2509 2510
2510 2509 2511
2510 2511 2512
2512 2511 2513
2512 2513 2514
2514 2513 2515
2514 2515 2516
2516 2515 2517
2516 2517 2518
2519 2520 2521
2519 2522 2520
2523 2522 2519
2523 2524 2522
2525 2524 2523
2525 2526 2524
2527 2526 2525
2527 2528 2526
2529 2528 2527
2529 2530 2528
2531 2530 2529
2531 2532 2530
2533 2532 2531
2533 2534 2532
2535 2534 2533
2535 2536 2534
2537 2536 2535
2537 2538 2536
2539 2538 2537
2539 2540 2538
2541 2540 2539
2541 2542 2540
2543 2542 2541
2543 2544 2542
2545 2544 2543
2545 2546 2544
2547 2546 2545
2547 2548 2546
2549 2548 2547
2549 2550 2548
2551 2550 2549
2551 2552 2550
2553 2552 2551
2553 2554 2552
2555 2554 2553
2555 2556 2554
2557 2556 2555
2557 2558 2556
2559 2558 2557
2559 2560 2558
2561 2562 2563
2561 2564 2562
2565 2564 2561
2565 2566 2564
2567 2566 2565
2567 2568 2566
2569 2568 2567
2569 2570 2568
2571 2570 2569
2571 2572 2570
2573 2572 2571
2573 2574 2572
2575 2574 2573
2575 2576 2574
2577 2576 2575
2577 2578 2576
2579 2578 2577
2579 2580 2578
2581 2580 2579
2581 2582 2580
2583 2582 2581
2583 2584 2582
2585 2584 2583
2585 2586 2584
2587 2586 2585
2587 2588 2586
2589 2588 2587
2589 2590 2588
2591 2590 2589
2591 2592 2590
2593 2592 2591
2593 2594 2592
2595 2594 2593
2595 2596 2594
2597 2596 2595
2597 2598 2596
2599 2598 2597
2599 2600 2598
2601 2600 2599
2601 2602 2600
2603 2604 2605
2606 2603 2605
2603 2607 2604
2607 2608 2604
2607 2609 2608
2609 2610 2608
2609 2611 2610
2609 2612 2611
2613 2609 2607
2609 2613 2612
2613 2607 2603
2614 2612 2613
2614 2613 2615
2615 2613 2603
2616 2614 2615
2606 2617 2603
2615 2603 2617
2618 2617 2606
2618 2619 2617
2619 2615 2617
2619 2618 2620
2616 2615 2621
2619 2621 2615
2619 2620 2622
2622 2621 2619
2623 2622 2620
2624 2616 2621
2622 2624 2621
2624 2625 2616
2623 2626 2622
2626 2624 2622
2625 2624 2627
2626 2627 2624
2627 2626 2623
2625 2627 2628
2627 2623 2629
2629 2628 2627
2629 2630 2628
2631 2632 2630
2631 2633 2632
2634 2632 2633
2635 2633 2631
2635 2631 2636
2634 2633 2637
2635 2637 2633
2637 2638 2634
2639 2635 2636
2635 2639 2637
2639 2636 2640
2637 2641 2638
2641 2637 2639
2641 2642 2638
2640 2643 2639
2641 2639 2643
2640 2644 2643
2645 2643 2644
2641 2646 2642
2643 2646 2641
2645 2647 2643
2643 2647 2646
2647 2645 2648
2647 2648 2649
2646 2647 2649
2649 2648 2650
2651 2642 2646
2646 2649 2651
2651 2652 2642
2649 2650 2653
2651 2649 2653
2654 2653 2650
2652 2651 2655
2651 2653 2655
2654 2655 2653
2652 2655 2656
2654 2656 2655
2654 2610 2656
2657 2658 2659
2660 2659 2658
2657 2661 2658
2662 2661 2657
2662 2663 2661
2663 2662 2664
2663 2664 2665
2663 2665 2666
2661 2663 2667
2663 2666 2667
2661 2667 2658
2668 2667 2666
2668 2669 2667
2658 2667 2669
2670 2669 2668
2660 2658 2671
2658 2669 2671
2671 2672 2660
2671 2673 2672
2669 2673 2671
2673 2674 2672
2670 2675 2669
2669 2675 2673
2673 2676 2674
2676 2673 2675
2677 2674 2676
2678 2675 2670
2676 2675 2678
2678 2670 2679
2677 2676 2680
2680 2676 2678
2681 2678 2679
2680 2678 2681
2677 2680 2681
2681 2679 2682
2677 2681 2683
2683 2681 2682
2683 2682 2684
2685 2684 2686
2685 2686 2687
2688 2687 2686
2689 2685 2687
2689 2690 2685
2688 2691 2687
2689 2687 2691
2692 2691 2688
2690 2689 2693
2689 2691 2693
2690 2693 2694
2692 2695 2691
2695 2693 2691
2696 2695 2692
2697 2694 2693
2695 2697 2693
2697 2698 2694
2699 2698 2697
2696 2700 2695
2697 2695 2700
2699 2697 2701
2697 2700 2701
2702 2699 2701
2702 2701 2703
2703 2701 2700
2704 2702 2703
2696 2705 2700
2703 2700 2705
2696 2706 2705
2704 2703 2707
2705 2707 2703
2708 2704 2707
2709 2705 2706
2705 2709 2707
2708 2707 2709
2709 2706 2710
2710 2708 2709
2710 2664 2708
2711 2712 2713
2711 2714 2712
2711 2715 2714
2715 2716 2714
2711 2713 2717
2711 2718 2715
2718 2711 2717
2713 2719 2717
2713 2720 2719
2719 2721 2717
2721 2718 2717
2720 2722 2719
2721 2719 2722
2720 2723 2722
2723 2724 2722
2723 2725 2724
2726 2721 2722
2724 2726 2722
2727 2724 2725
2726 2724 2727
2727 2725 2728
2729 2727 2728
2721 2730 2718
2726 2730 2721
2718 2730 2731
2732 2730 2726
2732 2726 2727
2731 2730 2733
2718 2731 2715
2729 2734 2727
2734 2732 2727
2729 2735 2734
2732 2734 2735
2729 2736 2735
2731 2737 2715
2715 2737 2716
2737 2731 2738
2716 2737 2738
2731 2733 2738
2716 2738 2739
2738 2740 2739
2738 2741 2740
2733 2741 2738
2742 2740 2741
2742 2741 2743
2741 2733 2743
2744 2742 2743
2736 2745 2735
2736 2746 2745
2733 2747 2743
2733 2730 2747
2744 2743 2748
2747 2748 2743
2749 2744 2748
2749 2748 2750
2748 2747 2750
2751 2749 2750
2745 2752 2735
2752 2732 2735
2752 2730 2732
2753 2745 2746
2752 2745 2753
2753 2746 2754
2747 2755 2750
2747 2730 2755
2751 2750 2756
2755 2756 2750
2757 2751 2756
2757 2756 2758
2756 2755 2758
2759 2757 2758
2760 2752 2753
2760 2730 2752
2761 2753 2754
2761 2760 2753
2761 2754 2762
2763 2761 2762
2760 2761 2763
2763 2762 2764
2755 2730 2765
2755 2765 2758
2759 2758 2766
2765 2766 2758
2767 2759 2766
2768 2730 2760
2768 2760 2763
2765 2730 2769
2770 2730 2768
2771 2763 2764
2771 2768 2763
2771 2764 2772
2767 2766 2773
2766 2765 2773
2765 2769 2773
2774 2767 2773
2768 2771 2775
2772 2775 2771
2770 2768 2775
2772 2776 2775
2774 2773 2777
2769 2777 2773
2778 2774 2777
2776 2779 2775
2779 2770 2775
2776 2780 2779
2778 2777 2781
2777 2769 2781
2782 2778 2781
2783 2779 2780
2770 2779 2783
2783 2780 2784
2785 2783 2784
2769 2786 2781
2769 2730 2786
2782 2781 2787
2786 2787 2781
2787 2788 2782
2787 2789 2788
2787 2786 2789
2789 2790 2788
2791 2770 2783
2791 2730 2770
2785 2792 2783
2792 2791 2783
2793 2792 2785
2791 2792 2793
2793 2785 2794
2795 2793 2794
2786 2796 2789
2786 2730 2796
2789 2797 2790
2796 2797 2789
2798 2790 2797
2798 2797 2799
2797 2796 2799
2800 2798 2799
2801 2791 2793
2801 2730 2791
2795 2802 2793
2802 2801 2793
2803 2802 2795
2801 2802 2803
2803 2795 2804
2805 2803 2804
2796 2730 2806
2796 2806 2799
2800 2799 2807
2806 2807 2799
2808 2800 2807
2809 2730 2801
2809 2801 2803
2806 2730 2809
2808 2807 2810
2807 2806 2810
2805 2808 2810
2806 2809 2810
2805 2811 2803
2811 2809 2803
2805 2810 2811
2809 2811 2810
2812 2813 2814
2815 2813 2812
2812 2814 2816
2814 2817 2816
2814 2818 2817
2819 2817 2818
2819 2818 2820
2821 2819 2820
2816 2817 2822
2817 2819 2822
2812 2816 2823
2816 2822 2823
2815 2812 2824
2824 2812 2823
2825 2815 2824
2825 2826 2815
2824 2823 2827
2825 2824 2827
2826 2825 2828
2828 2825 2827
2826 2828 2829
2828 2830 2829
2822 2831 2823
2823 2831 2827
2832 2831 2822
2819 2832 2822
2827 2831 2833
2828 2827 2833
2834 2831 2832
2828 2835 2830
2835 2828 2833
2836 2830 2835
2836 2835 2837
2837 2835 2833
2838 2836 2837
2819 2839 2832
2821 2839 2819
2839 2840 2832
2821 2840 2839
2840 2834 2832
2821 2841 2840
2841 2842 2840
2840 2842 2834
2841 2843 2842
2844 2842 2843
2842 2844 2834
2844 2843 2845
2846 2844 2845
2837 2833 2847
2833 2831 2847
2844 2848 2834
2848 2831 2834
2846 2849 2844
2844 2849 2848
2850 2849 2846
2849 2850 2848
2850 2846 2851
2850 2852 2848
2852 2831 2848
2853 2850 2851
2850 2853 2852
2853 2851 2854
2853 2854 2855
2853 2856 2852
2853 2855 2856
2856 2857 2852
2857 2831 2852
2855 2858 2856
2856 2858 2857
2855 2859 2858
2859 2860 2858
2858 2860 2857
2859 2861 2860
2862 2831 2857
2860 2862 2857
2861 2863 2860
2860 2863 2862
2861 2864 2863
2865 2863 2864
2863 2865 2862
2865 2864 2866
2867 2865 2866
2868 2831 2862
2865 2868 2862
2869 2831 2868
2870 2831 2869
2867 2871 2865
2865 2871 2868
2872 2871 2867
2871 2872 2868
2872 2869 2868
2872 2867 2873
2874 2872 2873
2872 2875 2869
2874 2875 2872
2875 2876 2869
2876 2875 2874
2876 2870 2869
2876 2874 2877
2878 2876 2877
2878 2879 2876
2876 2879 2870
2880 2879 2878
2879 2880 2870
2880 2878 2881
2882 2880 2881
2880 2883 2870
2883 2831 2870
2882 2884 2880
2880 2884 2883
2885 2884 2882
2884 2885 2883
2885 2882 2886
2887 2885 2886
2885 2888 2883
2888 2831 2883
2887 2889 2885
2885 2889 2888
2889 2887 2890
2889 2891 2888
2889 2890 2891
2891 2892 2888
2892 2831 2888
2890 2893 2891
2891 2893 2892
2890 2894 2893
2895 2893 2894
2893 2895 2892
2895 2894 2896
2897 2895 2896
2895 2898 2892
2898 2831 2892
2897 2899 2895
2895 2899 2898
2900 2899 2897
2899 2900 2898
2900 2897 2901
2902 2900 2901
2903 2831 2898
2900 2903 2898
2902 2904 2900
2900 2904 2903
2902 2905 2904
2904 2905 2903
2902 2906 2905
2907 2831 2903
2905 2907 2903
2847 2831 2907
2906 2908 2905
2905 2908 2907
2906 2909 2908
2908 2910 2907
2909 2910 2908
2910 2847 2907
2909 2911 2910
2910 2912 2847
2911 2912 2910
2912 2837 2847
2911 2838 2912
2838 2837 2912
2913 2914 2915
2913 2916 2914
2913 2915 2917
2913 2918 2916
2913 2917 2919
2913 2920 2918
2913 2919 2921
2913 2922 2920
2913 2921 2923
2913 2924 2922
2913 2923 2925
2913 2925 2924
2926 2927 2928
2926 2929 2927
2926 2928 2930
2926 2931 2929
2926 2930 2932
2926 2933 2931
2926 2932 2934
2926 2935 2933
2926 2934 2936
2926 2937 2935
2926 2936 2938
2926 2938 2937
2939 2940 2941
2942 2941 2940
2940 2939 2943
2942 2940 2944
2943 2945 2940
2945 2944 2940
2945 2943 2946
2945 2947 2944
2946 2948 2945
2947 2945 2948
2949 2948 2946
2947 2948 2950
2951 2948 2949
2950 2948 2951
2951 2949 2952
2950 2951 2953
2951 2952 2954
2953 2951 2954
2955 2956 2957
2956 2958 2957
2957 2958 2959
2957 2959 2960
2957 2960 2961
2955 2957 2962
2957 2961 2962
2955 2962 2963
2962 2961 2964
2963 2962 2965
2962 2964 2965
2963 2965 2966
2965 2964 2967
2966 2965 2968
2965 2967 2968
2966 2968 2969
2970 2968 2967
2970 2969 2968
2971 2972 2973
2971 2973 2974
2971 2975 2972
2971 2976 2975
2971 2974 2977
2971 2978 2976
2971 2977 2979
2971 2979 2978
2980 2978 2979
2979 2977 2981
2980 2979 2982
2979 2981 2982
2982 2983 2980
2984 2982 2981
2982 2984 2983
2984 2981 2985
2983 2984 2986
2984 2985 2986
2987 2988 2989
2990 2987 2989
2987 2991 2988
2991 2992 2988
2991 2993 2992
2994 2992 2993
2994 2993 2995
2995 2996 2994
2995 2997 2996
2997 2998 2996
2997 2999 2998
3000 2999 2997
3000 3001 2999
3002 2997 2995
3002 3000 2997
2995 2993 3003
2995 3003 3002
3004 2993 2991
3004 3003 2993
3001 3000 3005
3001 3005 467
467 3005 466
3000 3002 3006
3000 3006 3005
3003 3006 3002
3005 3007 466
3005 3006 3007
3003 3008 3006
3006 3008 3007
466 3007 3009
466 3009 462
464 462 3009
3003 3010 3008
3003 3004 3010
3008 3011 3007
3009 3007 3011
3008 3010 3011
464 3009 3012
3009 3011 3012
464 3012 3013
465 464 3013
3004 3014 3010
3010 3015 3011
3010 3014 3015
3014 3016 3015
3015 3016 3017
3017 3011 3015
3017 3012 3011
3018 3013 3012
3018 3012 3017
3004 3019 3014
3019 3004 2991
3019 2991 2987
3020 3014 3019
2987 3020 3019
3020 3016 3014
3021 465 3013
3021 3013 3018
3022 3021 3018
3023 3018 3017
3016 3023 3017
3022 3018 3023
465 3021 3024
3021 3022 3024
2987 3025 3020
2990 3025 2987
2990 3026 3025
2990 3027 3026
3028 3020 3025
3028 3025 3026
3027 3029 3026
3028 3026 3029
3029 3027 3030
3031 3029 3030
3031 3032 3029
3033 3032 3031
465 3024 3034
465 3034 437
438 437 3034
3024 438 3034
3024 3035 438
3036 3035 3024
3022 3036 3024
3037 3036 3022
3032 3038 3029
3028 3029 3038
3033 3039 3032
3039 3033 3040
3039 3040 3041
3032 3042 3038
3042 3032 3039
3039 3041 3043
3042 3039 3043
3044 3043 3041
3045 3028 3038
3045 3038 3042
3042 3043 3046
3045 3042 3046
3047 3043 3044
3046 3043 3047
3044 3048 3047
3049 3048 3044
3047 3050 3046
3048 3050 3047
3049 3051 3048
3049 3052 3051
3053 3051 3052
3045 3054 3028
3045 3055 3054
3054 3020 3028
3054 3016 3020
3016 3054 3055
3045 3046 3056
3056 3046 3050
3045 3056 3055
3048 3057 3050
3048 3051 3057
3058 3056 3050
3055 3056 3058
3058 3050 3057
3053 3059 3051
3059 3053 712
3051 3060 3057
3051 3059 3060
3059 712 3061
3060 3059 3061
712 711 3061
3062 3057 3060
3062 3058 3057
3063 3061 711
713 3063 711
794 3063 713
3060 3061 3064
3063 3064 3061
3062 3060 3064
794 3065 3063
3064 3063 3065
3062 3064 3066
3064 3065 3066
3058 3062 3067
3067 3062 3066
3068 3065 794
797 3068 794
3068 797 804
3069 3066 3065
3068 3069 3065
3068 804 3070
3069 3068 3070
3069 3071 3066
3067 3066 3071
3072 3071 3069
3069 3070 3072
3073 3070 804
802 3073 804
813 3073 802
3073 3074 3070
3074 3072 3070
813 3075 3073
3074 3073 3075
814 3075 813
814 3076 3075
3074 3075 3076
814 3077 3076
3076 3077 3078
3072 3079 3071
3067 3071 3079
3074 3080 3072
3076 3080 3074
3079 3072 3080
3076 3078 3081
3076 3081 3080
3081 3078 3082
3081 3083 3080
3079 3080 3083
3081 3082 3084
3081 3084 3083
3085 3084 3082
3085 3086 3084
3086 3083 3084
3087 3086 3085
3088 3079 3083
3086 3088 3083
3067 3079 3089
3088 3089 3079
3087 3090 3086
3090 3087 3037
3086 3091 3088
3091 3089 3088
3086 3090 3091
3092 3067 3089
3058 3067 3092
3055 3058 3092
3092 3089 3093
3055 3092 3093
3091 3093 3089
3055 3093 3094
3091 3094 3093
3016 3055 3094
3091 3095 3094
3095 3016 3094
3095 3091 3090
3095 3023 3016
3022 3023 3095
3090 3037 3096
3037 3022 3096
3095 3090 3096
3022 3095 3096
3097 3098 3099
3099 3098 3100
3098 3101 3100
3097 3102 3098
3098 3102 3101
3097 3103 3102
3104 3101 3102
3105 3102 3103
3104 3102 3105
3105 3103 3106
3107 3104 3105
3108 3105 3106
3107 3105 3108
3108 3106 3109
3110 3108 3109
3111 3108 3110
3108 3112 3107
3112 3108 3111
3113 3112 3111
3114 3111 3110
3111 3114 3113
1057 3114 3110
1056 3114 1057
3112 3115 3107
3113 3115 3112
3116 3114 1056
3113 3114 3116
3116 1056 3117
3117 1056 1044
1045 3117 1044
3118 3117 1045
3118 3116 3117
3118 3113 3116
3118 3119 3113
3113 3119 3120
3113 3120 3115
3121 3115 3120
3122 3107 3115
3121 3122 3115
3122 3123 3107
3124 3122 3121
3125 3123 3122
3124 3125 3122
3125 3126 3123
3127 3125 3124
3128 3126 3125
3127 3128 3125
3128 3129 3126
3128 3127 3130
3129 3128 3130
3131 3132 3133
3134 3133 3132
3133 3135 3131
3134 3136 3133
3135 3133 3137
3137 3133 3136
3137 3138 3135
3137 3136 3139
3138 3137 3140
3139 3140 3137
3141 3138 3140
3139 3142 3140
3143 3141 3140
3142 3143 3140
3143 3144 3141
3142 3145 3143
3143 3146 3144
3145 3146 3143
3147 3148 3149
3149 3148 3150
3148 3151 3150
3148 3152 3151
3148 3153 3152
3147 3154 3148
3148 3154 3153
3147 3155 3154
3154 3156 3153
3155 3157 3154
3154 3157 3156
3155 3158 3157
3157 3159 3156
3158 3160 3157
3157 3160 3159
3158 3161 3160
3162 3159 3160
3162 3160 3161
3163 3164 3165
3163 3166 3164
3163 3165 3167
3163 3167 3168
3163 3169 3166
3163 3168 3170
3163 3171 3169
3163 3170 3171
3172 3171 3170
3171 3173 3169
3172 3174 3171
3171 3174 3173
3174 3172 3175
3176 3173 3174
3174 3175 3176
3176 3177 3173
3175 3178 3176
3176 3178 3177
