byte offset: 0
first index: 0
index count: 20052
topology: trianglelist
format: DXGI_FORMAT_R16_UINT

0 1 2
3 4 5
6 7 8
9 10 11
12 13 14
15 16 17
18 19 20
21 22 23
24 25 26
27 28 29
30 31 32
33 34 35
36 37 38
39 40 41
42 43 44
45 46 47
48 49 50
51 52 53
54 55 56
57 58 59
60 61 62
63 64 65
66 67 68
69 70 71
72 73 74
75 76 77
78 79 80
81 82 83
84 85 86
87 88 89
90 91 92
93 94 95
96 97 98
99 100 101
102 103 104
105 106 107
108 109 110
111 112 113
114 115 116
117 118 119
120 121 122
123 124 125
126 127 128
129 130 131
132 133 134
135 136 137
138 139 140
141 142 143
144 145 146
147 148 149
150 151 152
153 154 155
156 157 158
159 160 161
162 163 164
165 166 167
168 169 170
171 172 173
174 175 176
177 178 179
180 181 182
182 183 180
184 183 182
185 183 184
186 185 184
186 184 187
188 186 187
188 189 186
190 189 188
190 188 191
190 191 192
193 194 195
194 193 196
193 197 196
198 196 197
199 198 197
200 197 193
199 197 200
201 199 200
200 202 201
201 202 203
201 203 204
204 203 205
204 205 206
206 205 207
206 207 208
209 208 207
207 210 209
211 208 209
212 209 210
211 209 212
213 214 215
213 215 216
216 215 217
218 213 216
216 217 219
218 216 220
220 216 219
220 221 218
219 222 220
220 222 221
219 223 222
224 221 222
225 222 223
224 222 225
225 223 226
227 224 225
228 225 226
227 225 228
228 226 229
230 227 228
231 228 229
230 228 231
231 229 232
233 230 231
234 231 232
233 231 234
234 232 235
234 236 233
235 236 234
237 238 239
237 239 240
241 242 243
244 241 243
245 241 244
245 246 241
245 247 246
248 247 245
249 246 247
250 247 248
250 249 247
250 251 249
250 248 252
250 253 251
254 250 252
250 254 253
254 252 255
254 255 256
253 254 257
257 254 256
258 253 257
257 259 258
257 256 260
259 257 260
259 261 258
260 262 259
259 263 261
262 264 259
263 259 265
265 259 264
266 267 268
266 268 269
270 266 269
270 271 266
272 271 270
272 270 273
274 272 273
274 273 275
276 274 275
276 275 277
278 276 277
278 277 279
280 278 279
280 279 281
280 281 282
282 283 280
284 285 286
287 285 284
287 284 288
287 288 289
288 290 289
291 290 288
292 293 294
295 293 292
292 296 295
295 296 297
298 299 300
298 300 301
302 298 301
302 301 303
304 302 303
304 305 302
306 305 304
306 304 307
308 306 307
308 307 309
310 308 309
310 309 311
312 310 311
312 311 313
303 314 315
303 315 316
317 315 314
314 318 317
319 317 318
316 320 303
316 321 320
322 320 321
322 321 323
324 322 323
324 323 325
326 324 325
326 325 327
328 326 327
328 327 329
330 331 332
333 331 330
333 330 334
335 333 334
335 334 336
337 335 336
337 338 335
339 338 337
340 338 339
341 342 343
344 341 343
345 344 343
345 343 346
345 346 347
348 345 347
349 347 346
350 348 347
350 347 349
350 351 348
350 349 352
352 349 353
354 352 353
354 355 352
350 352 355
356 355 354
357 351 350
350 355 357
357 358 351
359 358 357
360 359 357
357 355 360
359 360 361
360 362 361
361 362 363
362 364 363
365 364 362
366 365 362
355 367 360
356 367 355
360 367 362
368 367 356
367 368 362
362 368 366
368 356 369
366 368 369
370 366 369
371 372 373
371 374 372
375 374 371
375 371 376
377 375 376
377 378 375
379 378 377
379 380 378
381 380 379
381 382 380
383 382 381
383 384 382
385 384 383
385 386 384
385 387 386
387 385 388
389 390 391
392 389 391
392 393 389
392 394 393
393 394 395
396 393 395
397 398 399
397 399 400
400 401 397
400 402 401
403 400 399
403 404 400
405 404 403
405 406 404
407 406 405
407 405 408
409 407 408
409 410 407
411 410 409
411 412 410
413 412 411
413 414 412
415 414 413
415 416 414
412 417 410
412 418 417
414 418 412
410 417 419
414 420 418
421 420 414
421 422 420
410 419 423
424 423 419
424 425 423
425 424 426
425 426 427
428 427 426
427 428 429
430 429 428
431 432 433
431 433 434
435 431 434
433 436 434
435 434 437
434 436 437
438 435 437
438 437 439
437 436 439
440 438 439
439 436 441
440 439 441
442 441 436
442 440 441
443 444 445
443 445 446
447 448 449
447 450 448
450 451 448
450 452 451
453 454 455
453 455 456
457 458 459
458 457 460
461 458 460
462 461 460
463 461 462
463 464 461
465 464 463
465 463 466
467 465 466
467 468 465
467 469 468
470 471 472
471 470 473
471 473 474
473 475 474
475 476 474
477 471 474
476 477 474
477 476 478
478 479 477
478 480 479
478 481 480
481 482 480
481 483 482
483 484 482
483 485 484
486 484 485
484 486 487
488 486 485
489 487 486
488 489 486
490 491 492
490 493 491
494 493 490
494 490 495
496 493 494
493 497 491
496 497 493
491 497 498
498 497 496
491 498 499
498 496 500
498 501 499
502 498 500
498 503 501
502 503 498
503 504 501
505 503 502
503 506 504
505 506 503
506 507 504
508 506 505
506 509 507
508 509 506
509 510 507
511 509 508
509 512 510
511 512 509
510 512 513
513 512 511
514 515 516
514 516 517
518 519 520
518 520 521
522 518 521
520 523 521
522 521 524
521 523 524
525 522 524
525 524 526
524 523 526
527 525 526
526 523 528
527 526 528
529 528 523
529 527 528
530 531 532
530 532 533
534 535 536
534 537 535
537 538 535
537 539 538
539 540 538
539 541 540
542 543 544
544 543 545
545 546 544
547 546 545
548 547 545
549 547 548
548 550 549
551 552 553
552 551 554
554 555 552
556 554 551
557 554 556
558 554 557
559 558 557
560 558 559
561 562 563
561 564 562
565 564 561
565 566 564
567 568 569
568 570 569
569 570 571
572 573 574
572 574 575
575 574 576
575 576 577
577 576 578
577 578 579
579 578 580
581 582 583
581 584 582
585 584 581
582 584 586
585 587 584
584 587 586
588 587 585
588 589 587
587 589 586
590 589 588
589 591 586
590 591 589
592 586 591
592 591 590
593 594 595
593 595 596
597 598 599
597 599 600
600 599 601
600 601 602
602 601 603
602 603 604
605 606 607
605 608 606
609 608 605
606 608 610
609 611 608
608 611 610
612 611 609
612 613 611
611 613 610
614 613 612
613 615 610
614 615 613
616 610 615
616 615 614
617 618 619
617 619 620
621 622 623
621 623 624
624 623 625
624 625 626
627 628 629
627 629 630
631 632 633
633 634 631
635 634 633
636 634 635
637 636 635
637 635 638
639 637 638
639 640 637
641 640 639
641 639 642
641 642 643
644 645 646
645 644 647
644 648 647
649 647 648
649 648 650
651 648 644
650 648 651
652 650 651
651 653 652
652 653 654
652 654 655
655 654 656
655 656 657
657 656 658
657 658 659
660 659 658
658 661 660
662 659 660
663 660 661
662 660 663
664 665 666
664 666 667
667 666 668
669 664 667
667 668 670
669 667 671
671 667 670
671 672 669
670 673 671
671 673 672
670 674 673
675 672 673
676 673 674
675 673 676
676 674 677
678 675 676
679 676 677
678 676 679
679 677 680
681 678 679
682 679 680
681 679 682
682 680 683
684 681 682
685 682 683
684 682 685
685 683 686
685 687 684
686 687 685
688 689 690
688 690 691
692 693 694
694 693 695
694 695 696
695 697 696
695 698 697
697 698 699
697 699 700
700 699 701
702 700 701
703 702 701
702 703 704
705 704 703
706 704 705
707 708 709
708 710 709
708 711 710
710 711 712
710 712 713
712 714 713
712 715 714
715 716 714
717 716 715
718 716 717
717 719 718
720 718 719
721 720 719
722 723 724
724 723 725
724 725 726
725 727 726
725 728 727
728 729 727
728 730 729
731 729 730
729 731 732
731 733 732
733 731 734
732 733 735
735 736 732
733 737 735
734 738 733
738 734 739
740 738 739
741 737 733
738 741 733
741 742 737
741 743 742
744 743 741
738 745 741
741 745 744
745 738 740
744 745 746
740 746 745
744 746 747
746 748 747
748 746 749
740 749 746
749 750 748
750 749 751
751 752 750
753 752 751
751 749 754
754 753 751
749 740 754
753 754 755
755 754 740
753 755 756
755 757 756
755 758 757
759 758 755
760 758 759
759 755 761
755 762 761
762 755 740
739 762 740
762 739 763
763 739 764
765 766 767
767 766 768
768 766 769
768 769 770
769 771 770
770 771 772
771 773 772
771 774 773
773 774 775
773 775 776
776 775 777
776 777 778
778 777 779
778 779 780
781 780 779
781 779 782
781 782 783
783 782 784
785 786 787
785 787 788
789 785 788
789 788 790
791 789 790
791 792 789
793 792 791
793 791 794
795 793 794
795 796 793
797 796 795
797 795 798
799 797 798
799 798 800
801 799 800
801 800 802
803 801 802
803 802 804
805 803 804
805 804 806
807 805 806
807 806 808
809 810 811
809 811 812
811 813 812
811 814 813
814 815 813
814 816 815
816 817 815
816 818 817
818 819 817
818 820 819
820 821 819
820 822 821
822 823 821
822 824 823
824 825 823
824 826 825
826 827 825
826 828 827
829 830 831
830 832 831
831 832 833
833 834 831
833 835 834
835 836 834
835 837 836
837 838 836
837 839 838
840 841 842
842 841 843
844 842 843
844 843 845
843 846 845
846 847 845
846 848 847
849 848 846
849 850 848
849 851 850
849 852 851
853 852 849
854 852 853
853 855 854
855 856 854
854 856 857
858 857 856
858 856 859
860 861 862
863 860 862
864 863 862
865 863 864
866 865 864
867 865 866
867 866 868
869 867 868
869 868 870
871 869 870
871 870 872
873 871 872
873 872 874
875 873 874
875 874 876
877 875 876
878 879 880
880 881 878
881 882 878
882 883 878
884 878 883
885 884 883
886 887 888
887 889 888
890 891 892
893 891 890
893 894 891
891 894 895
896 895 894
896 894 897
898 896 897
898 897 899
900 898 899
900 899 901
901 902 900
901 903 902
904 902 903
904 905 902
906 905 904
905 906 907
908 909 910
908 910 911
912 913 914
912 915 913
915 916 913
917 913 916
916 918 917
918 919 917
917 919 920
920 919 921
921 922 920
923 922 921
922 924 920
923 925 922
925 924 922
923 926 925
927 924 925
926 928 925
929 927 925
929 925 928
930 931 932
931 933 932
931 934 933
934 935 933
934 936 935
936 937 935
938 935 937
939 937 936
940 937 939
937 940 941
942 943 944
943 942 945
945 942 946
946 942 947
948 946 947
947 949 948
949 950 948
949 951 950
952 953 954
954 953 955
956 955 953
956 953 957
957 958 956
957 959 958
960 961 962
960 963 961
964 963 960
964 960 965
966 967 968
968 967 969
969 970 968
971 970 969
971 972 970
972 971 973
974 972 973
975 974 973
976 977 978
977 976 979
979 980 977
981 979 976
979 982 980
980 982 983
983 982 984
984 985 983
984 986 985
984 982 987
979 987 982
987 979 988
979 981 988
988 989 987
988 981 990
989 988 990
990 981 991
992 989 990
991 992 990
989 992 993
994 992 991
992 995 993
994 995 992
996 995 994
997 998 999
1000 998 997
997 1001 1000
1002 1003 1004
1002 1004 1005
1006 1002 1005
1006 1005 1007
1005 1008 1007
1008 1009 1007
1010 1011 1012
1011 1013 1012
1011 1014 1013
1013 1014 1015
1013 1015 1016
1016 1015 1017
1016 1017 1018
1017 1019 1018
1019 1017 1020
1020 1021 1019
1021 1022 1019
1023 1021 1020
1023 1020 1024
1025 1021 1023
1026 1022 1021
1022 1026 1027
1027 1026 1028
1029 1021 1025
1021 1029 1026
1025 1030 1029
1030 1031 1029
1031 1032 1029
1026 1029 1033
1029 1032 1033
1026 1033 1028
1033 1032 1034
1033 1034 1035
1028 1033 1035
1035 1034 1036
1035 1036 1037
1037 1028 1035
1038 1037 1036
1038 1039 1037
1038 1040 1039
1041 1039 1040
1037 1039 1042
1042 1039 1041
1028 1037 1042
1043 1042 1041
1028 1042 1043
1043 1041 1044
1043 1044 1045
1043 1045 1046
1047 1043 1046
1048 1047 1046
1047 1049 1043
1043 1049 1050
1050 1028 1043
1028 1050 1027
1027 1050 1051
1027 1051 1052
1053 1054 1055
1053 1056 1054
1054 1056 1057
1056 1058 1057
1058 1059 1057
1060 1059 1058
1059 1060 1061
1059 1061 1062
1061 1063 1062
1061 1064 1063
1064 1065 1063
1064 1066 1065
1066 1067 1065
1066 1068 1067
1069 1067 1068
1069 1070 1067
1069 1071 1070
1071 1072 1070
1073 1074 1075
1073 1076 1074
1077 1076 1073
1077 1078 1076
1079 1078 1077
1079 1080 1078
1079 1081 1080
1079 1082 1081
1083 1081 1082
1083 1084 1081
1083 1085 1084
1083 1086 1085
1086 1087 1085
1086 1088 1087
1089 1087 1088
1089 1090 1087
1091 1090 1089
1091 1092 1090
1093 1092 1091
1093 1094 1092
1095 1094 1093
1095 1096 1094
1097 1098 1099
1099 1098 1100
1100 1098 1101
1101 1098 1102
1101 1102 1103
1103 1102 1104
1103 1104 1105
1105 1104 1106
1105 1106 1107
1108 1109 1110
1108 1111 1109
1112 1111 1108
1112 1113 1111
1114 1113 1112
1114 1115 1113
1116 1115 1114
1116 1117 1115
1118 1117 1116
1118 1119 1117
1120 1119 1118
1120 1121 1119
1122 1121 1120
1122 1123 1121
1124 1123 1122
1124 1125 1123
1125 1124 1126
1125 1126 1127
1128 1129 1130
1129 1131 1130
1132 1131 1129
1132 1133 1131
1131 1133 1134
1134 1133 1135
1136 1134 1135
1137 1134 1136
1137 1136 1138
1137 1138 1139
1137 1139 1140
1141 1137 1140
1142 1141 1140
1141 1142 1143
1142 1144 1143
1142 1145 1144
1146 1144 1145
1146 1147 1144
1148 1149 1150
1151 1148 1150
1152 1148 1151
1153 1152 1151
1154 1152 1153
1155 1154 1153
1155 1156 1154
1157 1156 1155
1157 1158 1156
1159 1158 1157
1159 1160 1158
1161 1160 1159
1161 1162 1160
1163 1162 1161
1163 1164 1162
1165 1164 1163
1166 1167 1168
1169 1166 1168
1169 1168 1170
1171 1169 1170
1169 1171 1172
1172 1173 1169
1174 1175 1176
1175 1177 1176
1178 1179 1180
1180 1181 1178
1182 1181 1180
1180 1183 1182
1184 1182 1183
1184 1185 1182
1186 1185 1184
1186 1187 1185
1188 1187 1186
1188 1189 1187
1189 1188 1190
1189 1190 1191
1191 1190 1192
1191 1192 1193
1192 1194 1193
1192 1195 1194
1196 1197 1198
1196 1198 1199
1200 1201 1202
1203 1200 1202
1204 1203 1202
1204 1202 1205
1204 1205 1206
1206 1205 1207
1205 1208 1207
1208 1209 1207
1210 1209 1208
1210 1211 1209
1212 1210 1208
1211 1210 1213
1210 1212 1213
1211 1213 1214
1213 1212 1215
1214 1213 1216
1217 1213 1215
1217 1216 1213
1218 1219 1220
1220 1219 1221
1220 1221 1222
1222 1221 1223
1222 1223 1224
1224 1223 1225
1225 1223 1226
1227 1224 1225
1225 1228 1227
1229 1228 1225
1230 1231 1232
1231 1230 1233
1233 1234 1231
1234 1235 1231
1236 1235 1234
1235 1236 1237
1237 1236 1238
1237 1238 1239
1240 1241 1242
1242 1241 1243
1244 1242 1243
1244 1245 1242
1245 1244 1246
1245 1246 1247
1248 1249 1250
1248 1250 1251
1252 1248 1251
1252 1253 1248
1254 1255 1256
1257 1254 1256
1256 1258 1257
1259 1257 1258
1259 1258 1260
1260 1261 1259
1262 1261 1260
1263 1261 1262
1264 1265 1266
1265 1264 1267
1267 1264 1268
1267 1269 1265
1267 1268 1270
1268 1271 1270
1271 1272 1270
1272 1271 1273
1272 1273 1274
1272 1275 1270
1275 1267 1270
1267 1275 1276
1269 1267 1276
1277 1276 1275
1278 1269 1276
1276 1277 1278
1279 1269 1278
1277 1280 1278
1278 1280 1279
1280 1277 1281
1279 1280 1282
1280 1281 1283
1280 1283 1282
1282 1283 1284
1285 1286 1287
1288 1285 1287
1285 1288 1289
1290 1291 1292
1293 1290 1292
1294 1290 1293
1294 1293 1295
1295 1293 1296
1295 1296 1297
1298 1299 1300
1299 1301 1300
1301 1299 1302
1303 1301 1302
1304 1301 1303
1305 1304 1303
1304 1305 1306
1307 1308 1309
1309 1310 1307
1310 1309 1311
1312 1307 1310
1313 1312 1310
1314 1313 1310
1315 1313 1314
1316 1315 1314
1317 1318 1319
1317 1319 1320
1321 1317 1320
1321 1320 1322
1323 1324 1325
1325 1324 1326
1324 1327 1326
1328 1329 1330
1328 1331 1329
1331 1332 1329
1331 1333 1332
1333 1334 1332
1333 1335 1334
1335 1336 1334
1337 1338 1339
1339 1338 1340
1339 1340 1341
1340 1342 1341
1340 1343 1342
1342 1343 1344
1342 1344 1345
1345 1344 1346
1347 1345 1346
1348 1347 1346
1347 1348 1349
1350 1349 1348
1351 1349 1350
1352 1353 1354
1353 1355 1354
1353 1356 1355
1355 1356 1357
1355 1357 1358
1357 1359 1358
1357 1360 1359
1360 1361 1359
1362 1361 1360
1363 1361 1362
1362 1364 1363
1365 1363 1364
1366 1365 1364
1367 1368 1369
1369 1368 1370
1369 1370 1371
1370 1372 1371
1370 1373 1372
1373 1374 1372
1373 1375 1374
1376 1374 1375
1374 1376 1377
1376 1378 1377
1378 1376 1379
1377 1378 1380
1380 1381 1377
1378 1382 1380
1379 1383 1378
1383 1379 1384
1385 1383 1384
1386 1382 1378
1383 1386 1378
1386 1387 1382
1386 1388 1387
1389 1388 1386
1383 1390 1386
1386 1390 1389
1390 1383 1385
1389 1390 1391
1385 1391 1390
1389 1391 1392
1391 1393 1392
1393 1391 1394
1385 1394 1391
1394 1395 1393
1395 1394 1396
1396 1397 1395
1398 1397 1396
1396 1394 1399
1399 1398 1396
1394 1385 1399
1398 1399 1400
1400 1399 1385
1398 1400 1401
1400 1402 1401
1400 1403 1402
1404 1403 1400
1405 1403 1404
1404 1400 1406
1400 1407 1406
1407 1400 1385
1384 1407 1385
1407 1384 1408
1408 1384 1409
1410 1411 1412
1412 1411 1413
1413 1411 1414
1413 1414 1415
1414 1416 1415
1415 1416 1417
1416 1418 1417
1416 1419 1418
1418 1419 1420
1418 1420 1421
1421 1420 1422
1421 1422 1423
1423 1422 1424
1423 1424 1425
1426 1425 1424
1426 1424 1427
1426 1427 1428
1428 1427 1429
1430 1431 1432
1430 1432 1433
1434 1430 1433
1434 1433 1435
1436 1434 1435
1436 1437 1434
1438 1437 1436
1438 1436 1439
1440 1438 1439
1440 1441 1438
1442 1441 1440
1442 1440 1443
1444 1442 1443
1444 1443 1445
1446 1444 1445
1446 1445 1447
1448 1446 1447
1448 1447 1449
1450 1448 1449
1450 1449 1451
1452 1450 1451
1452 1451 1453
1454 1455 1456
1454 1456 1457
1456 1458 1457
1456 1459 1458
1459 1460 1458
1459 1461 1460
1461 1462 1460
1461 1463 1462
1463 1464 1462
1463 1465 1464
1465 1466 1464
1465 1467 1466
1467 1468 1466
1467 1469 1468
1469 1470 1468
1469 1471 1470
1471 1472 1470
1471 1473 1472
1474 1475 1476
1475 1477 1476
1476 1477 1478
1478 1479 1476
1478 1480 1479
1480 1481 1479
1480 1482 1481
1482 1483 1481
1482 1484 1483
1485 1486 1487
1487 1486 1488
1489 1487 1488
1489 1488 1490
1488 1491 1490
1491 1492 1490
1491 1493 1492
1494 1493 1491
1494 1495 1493
1494 1496 1495
1494 1497 1496
1498 1497 1494
1499 1497 1498
1498 1500 1499
1500 1501 1499
1499 1501 1502
1503 1502 1501
1503 1501 1504
1505 1506 1507
1508 1505 1507
1509 1508 1507
1510 1508 1509
1511 1510 1509
1512 1510 1511
1512 1511 1513
1514 1512 1513
1514 1513 1515
1516 1514 1515
1516 1515 1517
1518 1516 1517
1518 1517 1519
1520 1518 1519
1520 1519 1521
1522 1520 1521
1523 1524 1525
1525 1526 1523
1526 1527 1523
1527 1528 1523
1529 1523 1528
1530 1529 1528
1531 1532 1533
1532 1534 1533
1535 1536 1537
1538 1536 1535
1538 1539 1536
1536 1539 1540
1541 1540 1539
1541 1539 1542
1543 1541 1542
1543 1542 1544
1545 1543 1544
1545 1544 1546
1546 1547 1545
1546 1548 1547
1549 1547 1548
1549 1550 1547
1551 1550 1549
1550 1551 1552
1553 1554 1555
1553 1555 1556
1557 1558 1559
1557 1560 1558
1560 1561 1558
1562 1558 1561
1561 1563 1562
1563 1564 1562
1562 1564 1565
1565 1564 1566
1566 1567 1565
1568 1567 1566
1567 1569 1565
1568 1570 1567
1570 1569 1567
1568 1571 1570
1572 1569 1570
1571 1573 1570
1574 1572 1570
1574 1570 1573
1575 1576 1577
1576 1578 1577
1576 1579 1578
1579 1580 1578
1579 1581 1580
1581 1582 1580
1583 1580 1582
1584 1582 1581
1585 1582 1584
1582 1585 1586
1587 1588 1589
1588 1587 1590
1590 1587 1591
1591 1587 1592
1593 1591 1592
1592 1594 1593
1594 1595 1593
1594 1596 1595
1597 1598 1599
1599 1598 1600
1601 1600 1598
1601 1598 1602
1602 1603 1601
1602 1604 1603
1605 1606 1607
1605 1608 1606
1609 1608 1605
1609 1605 1610
1611 1612 1613
1613 1612 1614
1614 1615 1613
1616 1615 1614
1616 1617 1615
1617 1616 1618
1619 1617 1618
1620 1619 1618
1621 1622 1623
1622 1621 1624
1624 1625 1622
1626 1624 1621
1624 1627 1625
1625 1627 1628
1628 1627 1629
1629 1630 1628
1629 1631 1630
1629 1627 1632
1624 1632 1627
1632 1624 1633
1624 1626 1633
1633 1634 1632
1633 1626 1635
1634 1633 1635
1635 1626 1636
1637 1634 1635
1636 1637 1635
1634 1637 1638
1639 1637 1636
1637 1640 1638
1639 1640 1637
1641 1640 1639
1642 1643 1644
1645 1643 1642
1642 1646 1645
1647 1648 1649
1647 1649 1650
1651 1647 1650
1651 1650 1652
1650 1653 1652
1653 1654 1652
1655 1656 1657
1656 1658 1657
1656 1659 1658
1658 1659 1660
1658 1660 1661
1661 1660 1662
1661 1662 1663
1662 1664 1663
1664 1662 1665
1665 1666 1664
1666 1667 1664
1668 1666 1665
1668 1665 1669
1670 1666 1668
1671 1667 1666
1667 1671 1672
1672 1671 1673
1674 1666 1670
1666 1674 1671
1670 1675 1674
1675 1676 1674
1676 1677 1674
1671 1674 1678
1674 1677 1678
1671 1678 1673
1678 1677 1679
1678 1679 1680
1673 1678 1680
1680 1679 1681
1680 1681 1682
1682 1673 1680
1683 1682 1681
1683 1684 1682
1683 1685 1684
1686 1684 1685
1682 1684 1687
1687 1684 1686
1673 1682 1687
1688 1687 1686
1673 1687 1688
1688 1686 1689
1688 1689 1690
1688 1690 1691
1692 1688 1691
1693 1692 1691
1692 1694 1688
1688 1694 1695
1695 1673 1688
1673 1695 1672
1672 1695 1696
1672 1696 1697
1698 1699 1700
1698 1701 1699
1699 1701 1702
1701 1703 1702
1703 1704 1702
1705 1704 1703
1704 1705 1706
1704 1706 1707
1706 1708 1707
1706 1709 1708
1709 1710 1708
1709 1711 1710
1711 1712 1710
1711 1713 1712
1714 1712 1713
1714 1715 1712
1714 1716 1715
1716 1717 1715
1718 1719 1720
1718 1721 1719
1722 1721 1718
1722 1723 1721
1724 1723 1722
1724 1725 1723
1724 1726 1725
1724 1727 1726
1728 1726 1727
1728 1729 1726
1728 1730 1729
1728 1731 1730
1731 1732 1730
1731 1733 1732
1734 1732 1733
1734 1735 1732
1736 1735 1734
1736 1737 1735
1738 1737 1736
1738 1739 1737
1740 1739 1738
1740 1741 1739
1742 1743 1744
1744 1743 1745
1745 1743 1746
1746 1743 1747
1746 1747 1748
1748 1747 1749
1748 1749 1750
1750 1749 1751
1750 1751 1752
1753 1754 1755
1753 1756 1754
1757 1756 1753
1757 1758 1756
1759 1758 1757
1759 1760 1758
1761 1760 1759
1761 1762 1760
1763 1762 1761
1763 1764 1762
1765 1764 1763
1765 1766 1764
1767 1766 1765
1767 1768 1766
1769 1768 1767
1769 1770 1768
1770 1769 1771
1770 1771 1772
1773 1774 1775
1774 1776 1775
1777 1776 1774
1777 1778 1776
1776 1778 1779
1779 1778 1780
1781 1779 1780
1782 1779 1781
1782 1781 1783
1782 1783 1784
1782 1784 1785
1786 1782 1785
1787 1786 1785
1786 1787 1788
1787 1789 1788
1787 1790 1789
1791 1789 1790
1791 1792 1789
1793 1794 1795
1796 1793 1795
1797 1793 1796
1798 1797 1796
1799 1797 1798
1800 1799 1798
1800 1801 1799
1802 1801 1800
1802 1803 1801
1804 1803 1802
1804 1805 1803
1806 1805 1804
1806 1807 1805
1808 1807 1806
1808 1809 1807
1810 1809 1808
1811 1812 1813
1814 1811 1813
1814 1813 1815
1816 1814 1815
1814 1816 1817
1817 1818 1814
1819 1820 1821
1820 1822 1821
1823 1824 1825
1825 1826 1823
1827 1826 1825
1825 1828 1827
1829 1827 1828
1829 1830 1827
1831 1830 1829
1831 1832 1830
1833 1832 1831
1833 1834 1832
1834 1833 1835
1834 1835 1836
1836 1835 1837
1836 1837 1838
1837 1839 1838
1837 1840 1839
1841 1842 1843
1841 1843 1844
1845 1846 1847
1848 1845 1847
1849 1848 1847
1849 1847 1850
1849 1850 1851
1851 1850 1852
1850 1853 1852
1853 1854 1852
1855 1854 1853
1855 1856 1854
1857 1855 1853
1856 1855 1858
1855 1857 1858
1856 1858 1859
1858 1857 1860
1859 1858 1861
1862 1858 1860
1862 1861 1858
1863 1864 1865
1865 1864 1866
1865 1866 1867
1867 1866 1868
1867 1868 1869
1869 1868 1870
1870 1868 1871
1872 1869 1870
1870 1873 1872
1874 1873 1870
1875 1876 1877
1876 1875 1878
1878 1879 1876
1879 1880 1876
1881 1880 1879
1880 1881 1882
1882 1881 1883
1882 1883 1884
1885 1886 1887
1887 1886 1888
1889 1887 1888
1889 1890 1887
1890 1889 1891
1890 1891 1892
1893 1894 1895
1893 1895 1896
1897 1893 1896
1897 1898 1893
1899 1900 1901
1902 1899 1901
1901 1903 1902
1904 1902 1903
1904 1903 1905
1905 1906 1904
1907 1906 1905
1908 1906 1907
1909 1910 1911
1910 1909 1912
1912 1909 1913
1912 1914 1910
1912 1913 1915
1913 1916 1915
1916 1917 1915
1917 1916 1918
1917 1918 1919
1917 1920 1915
1920 1912 1915
1912 1920 1921
1914 1912 1921
1922 1921 1920
1923 1914 1921
1921 1922 1923
1924 1914 1923
1922 1925 1923
1923 1925 1924
1925 1922 1926
1924 1925 1927
1925 1926 1928
1925 1928 1927
1927 1928 1929
1930 1931 1932
1933 1930 1932
1930 1933 1934
1935 1936 1937
1938 1935 1937
1939 1935 1938
1939 1938 1940
1940 1938 1941
1940 1941 1942
1943 1944 1945
1946 1943 1945
1947 1943 1946
1947 1948 1943
1947 1949 1948
1950 1949 1947
1951 1948 1949
1952 1949 1950
1952 1951 1949
1952 1953 1951
1952 1950 1954
1952 1955 1953
1956 1952 1954
1952 1956 1955
1956 1954 1957
1956 1957 1958
1955 1956 1959
1959 1956 1958
1960 1955 1959
1959 1961 1960
1959 1958 1962
1961 1959 1962
1961 1963 1960
1962 1964 1961
1961 1965 1963
1964 1966 1961
1965 1961 1967
1967 1961 1966
1968 1969 1970
1968 1970 1971
1972 1968 1971
1972 1973 1968
1974 1973 1972
1974 1972 1975
1976 1974 1975
1976 1975 1977
1978 1976 1977
1978 1977 1979
1980 1978 1979
1980 1979 1981
1982 1980 1981
1982 1981 1983
1982 1983 1984
1984 1985 1982
1986 1987 1988
1989 1987 1986
1989 1986 1990
1989 1990 1991
1990 1992 1991
1993 1992 1990
1994 1995 1996
1997 1995 1994
1994 1998 1997
1997 1998 1999
2000 2001 2002
2000 2002 2003
2004 2000 2003
2004 2003 2005
2006 2004 2005
2006 2007 2004
2008 2007 2006
2008 2006 2009
2010 2008 2009
2010 2009 2011
2012 2010 2011
2012 2011 2013
2014 2012 2013
2014 2013 2015
2005 2016 2017
2005 2017 2018
2019 2017 2016
2016 2020 2019
2021 2019 2020
2018 2022 2005
2018 2023 2022
2024 2022 2023
2024 2023 2025
2026 2024 2025
2026 2025 2027
2028 2026 2027
2028 2027 2029
2030 2028 2029
2030 2029 2031
2032 2033 2034
2035 2033 2032
2035 2032 2036
2037 2035 2036
2037 2036 2038
2039 2037 2038
2039 2040 2037
2041 2040 2039
2042 2040 2041
2043 2044 2045
2046 2043 2045
2047 2046 2045
2047 2045 2048
2047 2048 2049
2050 2047 2049
2051 2049 2048
2052 2050 2049
2052 2049 2051
2052 2053 2050
2052 2051 2054
2054 2051 2055
2056 2054 2055
2056 2057 2054
2052 2054 2057
2058 2057 2056
2059 2053 2052
2052 2057 2059
2059 2060 2053
2061 2060 2059
2062 2061 2059
2059 2057 2062
2061 2062 2063
2062 2064 2063
2063 2064 2065
2064 2066 2065
2067 2066 2064
2068 2067 2064
2057 2069 2062
2058 2069 2057
2062 2069 2064
2070 2069 2058
2069 2070 2064
2064 2070 2068
2070 2058 2071
2068 2070 2071
2072 2068 2071
2073 2074 2075
2073 2076 2074
2077 2076 2073
2077 2073 2078
2079 2077 2078
2079 2080 2077
2081 2080 2079
2081 2082 2080
2083 2082 2081
2083 2084 2082
2085 2084 2083
2085 2086 2084
2087 2086 2085
2087 2088 2086
2087 2089 2088
2089 2087 2090
2091 2092 2093
2094 2091 2093
2094 2095 2091
2094 2096 2095
2095 2096 2097
2098 2095 2097
2099 2100 2101
2099 2101 2102
2102 2103 2099
2102 2104 2103
2105 2102 2101
2105 2106 2102
2107 2106 2105
2107 2108 2106
2109 2108 2107
2109 2107 2110
2111 2109 2110
2111 2112 2109
2113 2112 2111
2113 2114 2112
2115 2114 2113
2115 2116 2114
2117 2116 2115
2117 2118 2116
2114 2119 2112
2114 2120 2119
2116 2120 2114
2112 2119 2121
2116 2122 2120
2123 2122 2116
2123 2124 2122
2112 2121 2125
2126 2125 2121
2126 2127 2125
2127 2126 2128
2127 2128 2129
2130 2129 2128
2129 2130 2131
2132 2131 2130
2133 2134 2135
2134 2136 2135
2136 2134 2137
2138 2136 2137
2139 2136 2138
2140 2139 2138
2139 2140 2141
2142 2143 2144
2144 2145 2142
2145 2144 2146
2147 2142 2145
2148 2147 2145
2149 2148 2145
2150 2148 2149
2151 2150 2149
2152 2153 2154
2152 2154 2155
2156 2152 2155
2156 2155 2157
2158 2159 2160
2160 2159 2161
2159 2162 2161
2163 2164 2165
2163 2166 2164
2166 2167 2164
2166 2168 2167
2168 2169 2167
2168 2170 2169
2170 2171 2169
2172 2173 2174
2173 2172 2175
2176 2173 2175
2177 2176 2175
2178 2176 2177
2178 2179 2176
2180 2179 2178
2180 2178 2181
2182 2180 2181
2182 2183 2180
2182 2184 2183
2185 2186 2187
2186 2185 2188
2186 2188 2189
2188 2190 2189
2190 2191 2189
2192 2186 2189
2191 2192 2189
2192 2191 2193
2193 2194 2192
2193 2195 2194
2193 2196 2195
2196 2197 2195
2196 2198 2197
2198 2199 2197
2198 2200 2199
2201 2199 2200
2199 2201 2202
2203 2201 2200
2204 2202 2201
2203 2204 2201
2205 2206 2207
2205 2208 2206
2209 2208 2205
2209 2205 2210
2211 2208 2209
2208 2212 2206
2211 2212 2208
2206 2212 2213
2213 2212 2211
2206 2213 2214
2213 2211 2215
2213 2216 2214
2217 2213 2215
2213 2218 2216
2217 2218 2213
2218 2219 2216
2220 2218 2217
2218 2221 2219
2220 2221 2218
2221 2222 2219
2223 2221 2220
2221 2224 2222
2223 2224 2221
2224 2225 2222
2226 2224 2223
2224 2227 2225
2226 2227 2224
2225 2227 2228
2228 2227 2226
2229 2230 2231
2229 2231 2232
2233 2234 2235
2235 2234 2236
2236 2237 2235
2238 2237 2236
2239 2238 2236
2240 2238 2239
2239 2241 2240
2242 2243 2244
2243 2242 2245
2245 2246 2243
2247 2245 2242
2248 2245 2247
2249 2245 2248
2250 2249 2248
2251 2249 2250
2252 2253 2254
2252 2255 2253
2256 2255 2252
2256 2257 2255
2258 2259 2260
2259 2261 2260
2260 2261 2262
2263 2264 2265
2263 2265 2266
2266 2265 2267
2266 2267 2268
2268 2267 2269
2268 2269 2270
2270 2269 2271
2272 2273 2274
2274 2275 2272
2276 2275 2274
2277 2275 2276
2278 2277 2276
2278 2276 2279
2280 2278 2279
2280 2281 2278
2282 2281 2280
2282 2280 2283
2282 2283 2284
2285 2286 2287
2286 2285 2288
2285 2289 2288
2290 2288 2289
2291 2290 2289
2292 2289 2285
2291 2289 2292
2293 2291 2292
2292 2294 2293
2293 2294 2295
2293 2295 2296
2296 2295 2297
2296 2297 2298
2298 2297 2299
2298 2299 2300
2301 2300 2299
2299 2302 2301
2303 2300 2301
2304 2301 2302
2303 2301 2304
2305 2306 2307
2305 2307 2308
2308 2307 2309
2310 2305 2308
2308 2309 2311
2310 2308 2312
2312 2308 2311
2312 2313 2310
2311 2314 2312
2312 2314 2313
2311 2315 2314
2316 2313 2314
2317 2314 2315
2316 2314 2317
2317 2315 2318
2319 2316 2317
2320 2317 2318
2319 2317 2320
2320 2318 2321
2322 2319 2320
2323 2320 2321
2322 2320 2323
2323 2321 2324
2325 2322 2323
2326 2323 2324
2325 2323 2326
2326 2324 2327
2326 2328 2325
2327 2328 2326
2329 2330 2331
2329 2331 2332
2333 2334 2335
2335 2334 2336
2335 2336 2337
2336 2338 2337
2336 2339 2338
2338 2339 2340
2338 2340 2341
2341 2340 2342
2343 2341 2342
2344 2343 2342
2343 2344 2345
2346 2345 2344
2347 2345 2346
2348 2349 2350
2349 2351 2350
2349 2352 2351
2351 2352 2353
2351 2353 2354
2353 2355 2354
2353 2356 2355
2356 2357 2355
2358 2357 2356
2359 2357 2358
2358 2360 2359
2361 2359 2360
2362 2361 2360
2363 2364 2365
2365 2364 2366
2365 2366 2367
2366 2368 2367
2366 2369 2368
2369 2370 2368
2369 2371 2370
2372 2370 2371
2370 2372 2373
2372 2374 2373
2374 2372 2375
2373 2374 2376
2376 2377 2373
2374 2378 2376
2375 2379 2374
2379 2375 2380
2381 2379 2380
2382 2378 2374
2379 2382 2374
2382 2383 2378
2382 2384 2383
2385 2384 2382
2379 2386 2382
2382 2386 2385
2386 2379 2381
2385 2386 2387
2381 2387 2386
2385 2387 2388
2387 2389 2388
2389 2387 2390
2381 2390 2387
2390 2391 2389
2391 2390 2392
2392 2393 2391
2394 2393 2392
2392 2390 2395
2395 2394 2392
2390 2381 2395
2394 2395 2396
2396 2395 2381
2394 2396 2397
2396 2398 2397
2396 2399 2398
2400 2399 2396
2401 2399 2400
2400 2396 2402
2396 2403 2402
2403 2396 2381
2380 2403 2381
2403 2380 2404
2404 2380 2405
2406 2407 2408
2408 2407 2409
2409 2407 2410
2409 2410 2411
2410 2412 2411
2411 2412 2413
2412 2414 2413
2412 2415 2414
2414 2415 2416
2414 2416 2417
2417 2416 2418
2417 2418 2419
2419 2418 2420
2419 2420 2421
2422 2421 2420
2422 2420 2423
2422 2423 2424
2424 2423 2425
2426 2427 2428
2426 2428 2429
2430 2426 2429
2430 2429 2431
2432 2430 2431
2432 2433 2430
2434 2433 2432
2434 2432 2435
2436 2434 2435
2436 2437 2434
2438 2437 2436
2438 2436 2439
2440 2438 2439
2440 2439 2441
2442 2440 2441
2442 2441 2443
2444 2442 2443
2444 2443 2445
2446 2444 2445
2446 2445 2447
2448 2446 2447
2448 2447 2449
2450 2451 2452
2450 2452 2453
2452 2454 2453
2452 2455 2454
2455 2456 2454
2455 2457 2456
2457 2458 2456
2457 2459 2458
2459 2460 2458
2459 2461 2460
2461 2462 2460
2461 2463 2462
2463 2464 2462
2463 2465 2464
2465 2466 2464
2465 2467 2466
2467 2468 2466
2467 2469 2468
2470 2471 2472
2471 2473 2472
2472 2473 2474
2474 2475 2472
2474 2476 2475
2476 2477 2475
2476 2478 2477
2478 2479 2477
2478 2480 2479
2481 2482 2483
2483 2482 2484
2485 2483 2484
2485 2484 2486
2484 2487 2486
2487 2488 2486
2487 2489 2488
2490 2489 2487
2490 2491 2489
2490 2492 2491
2490 2493 2492
2494 2493 2490
2495 2493 2494
2494 2496 2495
2496 2497 2495
2495 2497 2498
2499 2498 2497
2499 2497 2500
2501 2502 2503
2504 2501 2503
2505 2504 2503
2506 2504 2505
2507 2506 2505
2508 2506 2507
2508 2507 2509
2510 2508 2509
2510 2509 2511
2512 2510 2511
2512 2511 2513
2514 2512 2513
2514 2513 2515
2516 2514 2515
2516 2515 2517
2518 2516 2517
2519 2520 2521
2521 2522 2519
2522 2523 2519
2523 2524 2519
2525 2519 2524
2526 2525 2524
2527 2528 2529
2528 2530 2529
2531 2532 2533
2534 2532 2531
2534 2535 2532
2532 2535 2536
2537 2536 2535
2537 2535 2538
2539 2537 2538
2539 2538 2540
2541 2539 2540
2541 2540 2542
2542 2543 2541
2542 2544 2543
2545 2543 2544
2545 2546 2543
2547 2546 2545
2546 2547 2548
2549 2550 2551
2549 2551 2552
2553 2554 2555
2553 2556 2554
2556 2557 2554
2558 2554 2557
2557 2559 2558
2559 2560 2558
2558 2560 2561
2561 2560 2562
2562 2563 2561
2564 2563 2562
2563 2565 2561
2564 2566 2563
2566 2565 2563
2564 2567 2566
2568 2565 2566
2567 2569 2566
2570 2568 2566
2570 2566 2569
2571 2572 2573
2572 2574 2573
2572 2575 2574
2575 2576 2574
2575 2577 2576
2577 2578 2576
2579 2576 2578
2580 2578 2577
2581 2578 2580
2578 2581 2582
2583 2584 2585
2584 2583 2586
2586 2583 2587
2587 2583 2588
2589 2587 2588
2588 2590 2589
2590 2591 2589
2590 2592 2591
2593 2594 2595
2595 2594 2596
2597 2596 2594
2597 2594 2598
2598 2599 2597
2598 2600 2599
2601 2602 2603
2601 2604 2602
2605 2604 2601
2605 2601 2606
2607 2608 2609
2609 2608 2610
2610 2611 2609
2612 2611 2610
2612 2613 2611
2613 2612 2614
2615 2613 2614
2616 2615 2614
2617 2618 2619
2618 2617 2620
2620 2621 2618
2622 2620 2617
2620 2623 2621
2621 2623 2624
2624 2623 2625
2625 2626 2624
2625 2627 2626
2625 2623 2628
2620 2628 2623
2628 2620 2629
2620 2622 2629
2629 2630 2628
2629 2622 2631
2630 2629 2631
2631 2622 2632
2633 2630 2631
2632 2633 2631
2630 2633 2634
2635 2633 2632
2633 2636 2634
2635 2636 2633
2637 2636 2635
2638 2639 2640
2641 2639 2638
2638 2642 2641
2643 2644 2645
2643 2645 2646
2647 2643 2646
2647 2646 2648
2646 2649 2648
2649 2650 2648
2651 2652 2653
2652 2654 2653
2652 2655 2654
2654 2655 2656
2654 2656 2657
2657 2656 2658
2657 2658 2659
2658 2660 2659
2660 2658 2661
2661 2662 2660
2662 2663 2660
2664 2662 2661
2661 2665 2664
2666 2662 2664
2667 2663 2662
2663 2667 2668
2668 2667 2669
2662 2666 2670
2670 2667 2662
2666 2671 2670
2671 2672 2670
2672 2673 2670
2667 2670 2674
2670 2673 2674
2667 2674 2669
2674 2673 2675
2674 2675 2676
2669 2674 2676
2676 2675 2677
2676 2677 2678
2678 2669 2676
2679 2678 2677
2679 2680 2678
2679 2681 2680
2682 2680 2681
2678 2680 2683
2683 2680 2682
2669 2678 2683
2684 2683 2682
2669 2683 2684
2684 2682 2685
2684 2685 2686
2684 2686 2687
2688 2684 2687
2689 2688 2687
2688 2690 2684
2684 2690 2691
2691 2669 2684
2669 2691 2668
2668 2691 2692
2668 2692 2693
2694 2695 2696
2694 2697 2695
2695 2697 2698
2697 2699 2698
2699 2700 2698
2701 2700 2699
2700 2701 2702
2700 2702 2703
2702 2704 2703
2702 2705 2704
2705 2706 2704
2705 2707 2706
2707 2708 2706
2707 2709 2708
2710 2708 2709
2710 2711 2708
2710 2712 2711
2712 2713 2711
2714 2715 2716
2714 2717 2715
2718 2717 2714
2718 2719 2717
2720 2719 2718
2720 2721 2719
2720 2722 2721
2720 2723 2722
2724 2722 2723
2724 2725 2722
2724 2726 2725
2724 2727 2726
2727 2728 2726
2727 2729 2728
2730 2728 2729
2730 2731 2728
2732 2731 2730
2732 2733 2731
2734 2733 2732
2734 2735 2733
2736 2735 2734
2736 2737 2735
2738 2739 2740
2740 2739 2741
2741 2739 2742
2742 2739 2743
2742 2743 2744
2744 2743 2745
2744 2745 2746
2746 2745 2747
2746 2747 2748
2749 2750 2751
2749 2752 2750
2753 2752 2749
2753 2754 2752
2755 2754 2753
2755 2756 2754
2757 2756 2755
2757 2758 2756
2759 2758 2757
2759 2760 2758
2761 2760 2759
2761 2762 2760
2763 2762 2761
2763 2764 2762
2765 2764 2763
2765 2766 2764
2766 2765 2767
2766 2767 2768
2769 2770 2771
2770 2772 2771
2773 2772 2770
2773 2774 2772
2772 2774 2775
2775 2774 2776
2777 2775 2776
2778 2775 2777
2778 2777 2779
2778 2779 2780
2778 2780 2781
2782 2778 2781
2783 2782 2781
2782 2783 2784
2783 2785 2784
2783 2786 2785
2787 2785 2786
2787 2788 2785
2789 2790 2791
2792 2789 2791
2793 2789 2792
2794 2793 2792
2795 2793 2794
2796 2795 2794
2796 2797 2795
2798 2797 2796
2798 2799 2797
2800 2799 2798
2800 2801 2799
2802 2801 2800
2802 2803 2801
2804 2803 2802
2804 2805 2803
2806 2805 2804
2807 2808 2809
2810 2807 2809
2810 2809 2811
2812 2810 2811
2810 2812 2813
2813 2814 2810
2815 2816 2817
2816 2818 2817
2819 2820 2821
2821 2822 2819
2823 2822 2821
2821 2824 2823
2825 2823 2824
2825 2826 2823
2827 2826 2825
2827 2828 2826
2829 2828 2827
2829 2830 2828
2830 2829 2831
2830 2831 2832
2832 2831 2833
2832 2833 2834
2833 2835 2834
2833 2836 2835
2837 2838 2839
2837 2839 2840
2841 2842 2843
2844 2841 2843
2845 2844 2843
2845 2843 2846
2845 2846 2847
2847 2846 2848
2846 2849 2848
2849 2850 2848
2851 2850 2849
2851 2852 2850
2853 2851 2849
2852 2851 2854
2851 2853 2854
2852 2854 2855
2854 2853 2856
2855 2854 2857
2858 2854 2856
2858 2857 2854
2859 2860 2861
2861 2860 2862
2861 2862 2863
2863 2862 2864
2863 2864 2865
2865 2864 2866
2866 2864 2867
2868 2865 2866
2866 2869 2868
2870 2869 2866
2871 2872 2873
2872 2871 2874
2874 2875 2872
2875 2876 2872
2877 2876 2875
2876 2877 2878
2878 2877 2879
2878 2879 2880
2881 2882 2883
2883 2882 2884
2885 2883 2884
2885 2886 2883
2886 2885 2887
2886 2887 2888
2889 2890 2891
2889 2891 2892
2893 2889 2892
2893 2894 2889
2895 2896 2897
2898 2895 2897
2897 2899 2898
2900 2898 2899
2900 2899 2901
2901 2902 2900
2903 2902 2901
2904 2902 2903
2905 2906 2907
2906 2905 2908
2908 2905 2909
2908 2910 2906
2908 2909 2911
2909 2912 2911
2912 2913 2911
2913 2912 2914
2913 2914 2915
2913 2916 2911
2916 2908 2911
2908 2916 2917
2910 2908 2917
2918 2917 2916
2919 2910 2917
2917 2918 2919
2920 2910 2919
2918 2921 2919
2919 2921 2920
2921 2918 2922
2920 2921 2923
2921 2922 2924
2921 2924 2923
2923 2924 2925
2926 2927 2928
2929 2926 2928
2926 2929 2930
2931 2932 2933
2934 2931 2933
2935 2931 2934
2935 2934 2936
2936 2934 2937
2936 2937 2938
2939 2940 2941
2941 2942 2939
2943 2939 2942
2943 2944 2939
2943 2945 2944
2946 2945 2943
2947 2944 2945
2948 2945 2946
2948 2947 2945
2948 2949 2947
2948 2946 2950
2948 2951 2949
2952 2948 2950
2948 2952 2951
2952 2950 2953
2952 2953 2954
2951 2952 2955
2955 2952 2954
2956 2951 2955
2955 2957 2956
2955 2954 2958
2957 2955 2958
2957 2959 2956
2958 2960 2957
2957 2961 2959
2960 2962 2957
2961 2957 2963
2963 2957 2962
2964 2965 2966
2964 2966 2967
2968 2964 2967
2968 2969 2964
2970 2969 2968
2970 2968 2971
2972 2970 2971
2972 2971 2973
2974 2972 2973
2974 2973 2975
2976 2974 2975
2976 2975 2977
2978 2976 2977
2978 2977 2979
2978 2979 2980
2980 2981 2978
2982 2983 2984
2985 2983 2982
2985 2982 2986
2985 2986 2987
2986 2988 2987
2989 2988 2986
2990 2991 2992
2993 2991 2990
2990 2994 2993
2993 2994 2995
2996 2997 2998
2996 2998 2999
3000 2996 2999
3000 2999 3001
3002 3000 3001
3002 3003 3000
3004 3003 3002
3004 3002 3005
3006 3004 3005
3006 3005 3007
3008 3006 3007
3008 3007 3009
3010 3008 3009
3010 3009 3011
3001 3012 3013
3001 3013 3014
3015 3013 3012
3012 3016 3015
3017 3015 3016
3014 3018 3001
3014 3019 3018
3020 3018 3019
3020 3019 3021
3022 3020 3021
3022 3021 3023
3024 3022 3023
3024 3023 3025
3026 3024 3025
3026 3025 3027
3028 3029 3030
3031 3029 3028
3031 3028 3032
3033 3031 3032
3033 3032 3034
3035 3033 3034
3035 3036 3033
3037 3036 3035
3038 3036 3037
3039 3040 3041
3041 3042 3039
3043 3042 3041
3043 3041 3044
3043 3044 3045
3046 3043 3045
3047 3045 3044
3048 3046 3045
3048 3045 3047
3048 3049 3046
3048 3047 3050
3050 3047 3051
3052 3050 3051
3052 3053 3050
3048 3050 3053
3054 3053 3052
3055 3049 3048
3048 3053 3055
3055 3056 3049
3057 3056 3055
3055 3058 3057
3055 3053 3058
3057 3058 3059
3058 3060 3059
3059 3060 3061
3060 3062 3061
3063 3062 3060
3064 3063 3060
3053 3065 3058
3054 3065 3053
3058 3065 3060
3066 3065 3054
3065 3066 3060
3060 3066 3064
3066 3054 3067
3064 3066 3067
3068 3064 3067
3069 3070 3071
3069 3072 3070
3073 3072 3069
3073 3069 3074
3075 3073 3074
3075 3076 3073
3077 3076 3075
3077 3078 3076
3079 3078 3077
3079 3080 3078
3081 3080 3079
3081 3082 3080
3083 3082 3081
3083 3084 3082
3083 3085 3084
3085 3083 3086
3087 3088 3089
3090 3087 3089
3090 3091 3087
3090 3092 3091
3091 3092 3093
3094 3091 3093
3095 3096 3097
3095 3097 3098
3098 3099 3095
3098 3100 3099
3101 3098 3097
3101 3102 3098
3103 3102 3101
3103 3104 3102
3105 3104 3103
3105 3103 3106
3107 3105 3106
3107 3108 3105
3109 3108 3107
3109 3110 3108
3111 3110 3109
3111 3112 3110
3113 3112 3111
3113 3114 3112
3110 3115 3108
3110 3116 3115
3112 3116 3110
3108 3115 3117
3112 3118 3116
3119 3118 3112
3119 3120 3118
3108 3117 3121
3122 3121 3117
3122 3123 3121
3123 3122 3124
3123 3124 3125
3126 3125 3124
3125 3126 3127
3128 3127 3126
3129 3130 3131
3129 3131 3132
3133 3129 3132
3131 3134 3132
3133 3132 3135
3132 3134 3135
3136 3133 3135
3136 3135 3137
3135 3134 3137
3138 3136 3137
3137 3134 3139
3138 3137 3139
3140 3139 3134
3140 3138 3139
3141 3142 3143
3141 3143 3144
3145 3146 3147
3145 3148 3146
3148 3149 3146
3148 3150 3149
3151 3152 3153
3151 3153 3154
3155 3156 3157
3155 3157 3158
3159 3155 3158
3157 3160 3158
3159 3158 3161
3158 3160 3161
3162 3159 3161
3162 3161 3163
3161 3160 3163
3164 3162 3163
3163 3160 3165
3164 3163 3165
3166 3165 3160
3166 3164 3165
3167 3168 3169
3167 3169 3170
3171 3172 3173
3171 3174 3172
3174 3175 3172
3174 3176 3175
3176 3177 3175
3176 3178 3177
3179 3180 3181
3179 3182 3180
3183 3182 3179
3180 3182 3184
3183 3185 3182
3182 3185 3184
3186 3185 3183
3186 3187 3185
3185 3187 3184
3188 3187 3186
3187 3189 3184
3188 3189 3187
3190 3184 3189
3190 3189 3188
3191 3192 3193
3191 3193 3194
3195 3196 3197
3195 3197 3198
3198 3197 3199
3198 3199 3200
3200 3199 3201
3200 3201 3202
3203 3204 3205
3203 3206 3204
3207 3206 3203
3204 3206 3208
3207 3209 3206
3206 3209 3208
3210 3209 3207
3210 3211 3209
3209 3211 3208
3212 3211 3210
3211 3213 3208
3212 3213 3211
3214 3208 3213
3214 3213 3212
3215 3216 3217
3215 3217 3218
3219 3220 3221
3219 3221 3222
3222 3221 3223
3222 3223 3224
3225 3226 3227
3225 3227 3228
3229 3230 3231
3230 3232 3231
3232 3230 3233
3234 3232 3233
3235 3232 3234
3236 3235 3234
3235 3236 3237
3238 3239 3240
3240 3241 3238
3241 3240 3242
3243 3238 3241
3244 3243 3241
3245 3244 3241
3246 3244 3245
3247 3246 3245
3248 3249 3250
3248 3250 3251
3252 3248 3251
3252 3251 3253
3254 3255 3256
3256 3255 3257
3255 3258 3257
3259 3260 3261
3259 3262 3260
3262 3263 3260
3262 3264 3263
3264 3265 3263
3264 3266 3265
3266 3267 3265
3268 3269 3270
3269 3268 3271
3272 3269 3271
3273 3272 3271
3274 3272 3273
3274 3275 3272
3276 3275 3274
3276 3274 3277
3278 3276 3277
3278 3279 3276
3278 3280 3279
3281 3282 3283
3282 3281 3284
3282 3284 3285
3284 3286 3285
3286 3287 3285
3288 3282 3285
3287 3288 3285
3288 3287 3289
3289 3290 3288
3289 3291 3290
3289 3292 3291
3292 3293 3291
3292 3294 3293
3294 3295 3293
3294 3296 3295
3297 3295 3296
3295 3297 3298
3299 3297 3296
3300 3298 3297
3299 3300 3297
3301 3302 3303
3301 3304 3302
3305 3304 3301
3305 3301 3306
3307 3304 3305
3304 3308 3302
3307 3308 3304
3302 3308 3309
3309 3308 3307
3302 3309 3310
3309 3307 3311
3309 3312 3310
3313 3309 3311
3309 3314 3312
3313 3314 3309
3314 3315 3312
3316 3314 3313
3314 3317 3315
3316 3317 3314
3317 3318 3315
3319 3317 3316
3317 3320 3318
3319 3320 3317
3320 3321 3318
3322 3320 3319
3320 3323 3321
3322 3323 3320
3321 3323 3324
3324 3323 3322
3325 3326 3327
3325 3327 3328
3329 3330 3331
3331 3330 3332
3332 3333 3331
3334 3333 3332
3335 3334 3332
3336 3334 3335
3335 3337 3336
3338 3339 3340
3339 3338 3341
3341 3342 3339
3343 3341 3338
3344 3341 3343
3345 3341 3344
3346 3345 3344
3347 3345 3346
3348 3349 3350
3348 3351 3349
3352 3351 3348
3352 3353 3351
3354 3355 3356
3355 3357 3356
3356 3357 3358
3359 3360 3361
3359 3361 3362
3362 3361 3363
3362 3363 3364
3364 3363 3365
3364 3365 3366
3366 3365 3367
3368 3369 3370
3368 3370 3371
3372 3368 3371
3370 3373 3371
3372 3371 3374
3371 3373 3374
3375 3372 3374
3375 3374 3376
3374 3373 3376
3377 3375 3376
3376 3373 3378
3377 3376 3378
3379 3378 3373
3379 3377 3378
3380 3381 3382
3380 3382 3383
3384 3385 3386
3384 3387 3385
3387 3388 3385
3387 3389 3388
3390 3391 3392
3390 3392 3393
3394 3395 3396
3394 3396 3397
3398 3394 3397
3396 3399 3397
3398 3397 3400
3397 3399 3400
3401 3398 3400
3401 3400 3402
3400 3399 3402
3403 3401 3402
3402 3399 3404
3403 3402 3404
3405 3404 3399
3405 3403 3404
3406 3407 3408
3406 3408 3409
3410 3411 3412
3410 3413 3411
3413 3414 3411
3413 3415 3414
3415 3416 3414
3415 3417 3416
3418 3419 3420
3418 3421 3419
3422 3421 3418
3419 3421 3423
3422 3424 3421
3421 3424 3423
3425 3424 3422
3425 3426 3424
3424 3426 3423
3427 3426 3425
3426 3428 3423
3427 3428 3426
3429 3423 3428
3429 3428 3427
3430 3431 3432
3430 3432 3433
3434 3435 3436
3434 3436 3437
3437 3436 3438
3437 3438 3439
3439 3438 3440
3439 3440 3441
3442 3443 3444
3442 3445 3443
3446 3445 3442
3443 3445 3447
3446 3448 3445
3445 3448 3447
3449 3448 3446
3449 3450 3448
3448 3450 3447
3451 3450 3449
3450 3452 3447
3451 3452 3450
3453 3447 3452
3453 3452 3451
3454 3455 3456
3454 3456 3457
3458 3459 3460
3458 3460 3461
3461 3460 3462
3461 3462 3463
3464 3465 3466
3464 3466 3467
3468 3469 3470
3469 3468 3471
3472 3469 3471
3473 3472 3471
3474 3472 3473
3474 3475 3472
3476 3475 3474
3476 3474 3477
3478 3476 3477
3478 3479 3476
3478 3480 3479
3481 3482 3483
3483 3484 3481
3481 3484 3485
3486 3485 3484
3487 3485 3486
3488 3481 3485
3487 3488 3485
3489 3488 3487
3488 3489 3490
3489 3491 3490
3489 3492 3491
3492 3493 3491
3492 3494 3493
3494 3495 3493
3494 3496 3495
3497 3495 3496
3495 3497 3498
3499 3497 3496
3500 3498 3497
3499 3500 3497
3501 3502 3503
3501 3504 3502
3504 3505 3502
3506 3504 3501
3504 3507 3505
3506 3508 3504
3508 3507 3504
3508 3506 3509
3507 3508 3510
3508 3509 3510
3507 3510 3511
3512 3510 3509
3513 3511 3510
3512 3513 3510
3513 3514 3511
3515 3513 3512
3516 3514 3513
3515 3516 3513
3516 3517 3514
3518 3516 3515
3519 3517 3516
3518 3519 3516
3519 3520 3517
3521 3519 3518
3522 3520 3519
3521 3522 3519
3522 3523 3520
3522 3521 3524
3523 3522 3524
3525 3526 3527
3525 3527 3528
3529 3530 3531
3532 3530 3529
3533 3532 3529
3533 3529 3534
3533 3534 3535
3536 3533 3535
3537 3535 3534
3538 3536 3535
3538 3535 3537
3538 3537 3539
3538 3540 3536
3538 3539 3541
3542 3540 3538
3538 3541 3542
3542 3543 3540
3542 3544 3543
3541 3545 3542
3545 3544 3542
3546 3545 3541
3545 3546 3547
3545 3548 3544
3547 3548 3545
3547 3546 3549
3548 3547 3550
3547 3549 3551
3550 3547 3552
3551 3553 3547
3553 3552 3547
3554 3555 3556
3554 3557 3555
3558 3557 3554
3558 3554 3559
3560 3558 3559
3560 3561 3558
3562 3561 3560
3562 3563 3561
3564 3563 3562
3564 3565 3563
3566 3565 3564
3566 3567 3565
3568 3567 3566
3568 3569 3567
3568 3570 3569
3570 3568 3571
3572 3573 3574
3575 3572 3574
3575 3576 3572
3575 3577 3576
3576 3577 3578
3579 3576 3578
3580 3581 3582
3583 3580 3582
3580 3583 3584
3583 3585 3584
3586 3587 3588
3586 3589 3587
3590 3589 3586
3590 3591 3589
3592 3591 3590
3592 3590 3593
3594 3592 3593
3594 3595 3592
3596 3595 3594
3596 3597 3595
3598 3597 3596
3598 3599 3597
3600 3599 3598
3600 3601 3599
3591 3602 3603
3591 3603 3604
3602 3591 3605
3606 3604 3603
3604 3606 3607
3608 3607 3606
3602 3605 3609
3610 3609 3605
3610 3611 3609
3612 3611 3610
3612 3613 3611
3614 3613 3612
3614 3615 3613
3616 3615 3614
3616 3617 3615
3618 3619 3620
3621 3618 3620
3621 3622 3618
3623 3622 3621
3623 3624 3622
3625 3624 3623
3625 3623 3626
3627 3625 3626
3628 3627 3626
3629 3630 3631
3632 3630 3629
3633 3630 3632
3633 3634 3630
3633 3635 3634
3636 3635 3633
3637 3634 3635
3638 3635 3636
3638 3637 3635
3638 3636 3639
3638 3640 3637
3640 3641 3637
3642 3641 3640
3642 3640 3643
3638 3643 3640
3644 3642 3643
3645 3638 3639
3638 3645 3643
3645 3639 3646
3647 3645 3646
3648 3645 3647
3645 3648 3643
3647 3649 3648
3648 3649 3650
3649 3651 3650
3650 3651 3652
3653 3650 3652
3654 3650 3653
3643 3648 3655
3644 3643 3655
3648 3650 3655
3656 3644 3655
3655 3650 3656
3650 3654 3656
3656 3657 3644
3654 3657 3656
3658 3657 3654
3659 3660 3661
3659 3661 3662
3663 3659 3662
3663 3664 3659
3665 3664 3663
3665 3663 3666
3667 3665 3666
3667 3666 3668
3669 3667 3668
3669 3668 3670
3671 3669 3670
3671 3670 3672
3673 3671 3672
3673 3672 3674
3673 3674 3675
3675 3676 3673
3677 3678 3679
3680 3678 3677
3680 3677 3681
3680 3681 3682
3681 3683 3682
3684 3683 3681
3685 3686 3687
3685 3688 3686
3688 3685 3689
3688 3689 3690
3691 3686 3688
3691 3688 3692
3693 3691 3692
3693 3692 3694
3695 3693 3694
3695 3696 3693
3697 3696 3695
3697 3695 3698
3699 3697 3698
3699 3698 3700
3701 3699 3700
3701 3700 3702
3703 3701 3702
3703 3702 3704
3700 3698 3705
3700 3705 3706
3702 3700 3706
3698 3707 3705
3702 3706 3708
3709 3702 3708
3709 3708 3710
3698 3711 3707
3712 3707 3711
3712 3711 3713
3713 3714 3712
3713 3715 3714
3716 3714 3715
3715 3717 3716
3718 3716 3717
3719 3720 3721
3719 3722 3720
3723 3722 3719
3720 3722 3724
3723 3725 3722
3722 3725 3724
3726 3725 3723
3726 3727 3725
3725 3727 3724
3728 3727 3726
3727 3729 3724
3728 3729 3727
3730 3724 3729
3730 3729 3728
3731 3732 3733
3731 3733 3734
3735 3736 3737
3735 3737 3738
3738 3737 3739
3738 3739 3740
3741 3742 3743
3741 3743 3744
3745 3746 3747
3747 3748 3745
3749 3748 3747
3750 3748 3749
3751 3750 3749
3751 3749 3752
3753 3751 3752
3753 3754 3751
3755 3754 3753
3755 3753 3756
3755 3756 3757
3758 3759 3760
3760 3761 3758
3760 3762 3761
3761 3762 3763
3763 3762 3764
3765 3762 3760
3764 3762 3765
3765 3766 3764
3766 3765 3767
3766 3767 3768
3766 3768 3769
3769 3768 3770
3769 3770 3771
3771 3770 3772
3771 3772 3773
3774 3773 3772
3772 3775 3774
3776 3773 3774
3777 3774 3775
3776 3774 3777
3778 3779 3780
3778 3780 3781
3782 3778 3781
3782 3783 3778
3784 3782 3781
3781 3780 3785
3784 3781 3785
3780 3786 3785
3786 3784 3785
3780 3787 3786
3786 3788 3784
3786 3787 3789
3790 3788 3786
3786 3789 3791
3790 3786 3791
3791 3789 3792
3793 3790 3791
3791 3792 3794
3793 3791 3794
3794 3792 3795
3796 3793 3794
3794 3795 3797
3796 3794 3797
3797 3795 3798
3799 3796 3797
3797 3798 3800
3799 3797 3800
3798 3801 3800
3801 3799 3800
3802 3803 3804
3802 3804 3805
3806 3807 3808
3806 3809 3807
3810 3809 3806
3807 3809 3811
3810 3812 3809
3809 3812 3811
3813 3812 3810
3813 3814 3812
3812 3814 3811
3815 3814 3813
3814 3816 3811
3815 3816 3814
3817 3811 3816
3817 3816 3815
3818 3819 3820
3818 3820 3821
3822 3823 3824
3822 3824 3825
3825 3824 3826
3825 3826 3827
3827 3826 3828
3827 3828 3829
3830 3831 3832
3831 3833 3832
3833 3831 3834
3835 3833 3834
3836 3833 3835
3837 3836 3835
3836 3837 3838
3839 3840 3841
3841 3842 3839
3842 3841 3843
3844 3839 3842
3845 3844 3842
3846 3845 3842
3847 3845 3846
3848 3847 3846
3849 3850 3851
3849 3851 3852
3853 3849 3852
3853 3852 3854
3855 3856 3857
3857 3856 3858
3856 3859 3858
3860 3861 3862
3860 3863 3861
3863 3864 3861
3863 3865 3864
3865 3866 3864
3865 3867 3866
3867 3868 3866
3869 3870 3871
3869 3871 3872
3873 3869 3872
3871 3874 3872
3873 3872 3875
3872 3874 3875
3876 3873 3875
3876 3875 3877
3875 3874 3877
3878 3876 3877
3877 3874 3879
3878 3877 3879
3880 3879 3874
3880 3878 3879
3881 3882 3883
3881 3883 3884
3885 3886 3887
3885 3888 3886
3888 3889 3886
3888 3890 3889
3890 3891 3889
3890 3892 3891
3893 3894 3895
3893 3895 3896
3897 3893 3896
3895 3898 3896
3897 3896 3899
3896 3898 3899
3900 3897 3899
3900 3899 3901
3899 3898 3901
3902 3900 3901
3901 3898 3903
3902 3901 3903
3904 3903 3898
3904 3902 3903
3905 3906 3907
3905 3907 3908
3909 3910 3911
3909 3912 3910
3912 3913 3910
3912 3914 3913
3915 3916 3917
3915 3917 3918
3919 3920 3921
3920 3919 3922
3923 3920 3922
3924 3923 3922
3925 3923 3924
3925 3926 3923
3927 3926 3925
3927 3925 3928
3929 3927 3928
3929 3930 3927
3929 3931 3930
3932 3933 3934
3934 3935 3932
3932 3935 3936
3937 3936 3935
3937 3938 3936
3939 3932 3936
3938 3939 3936
3940 3939 3938
3939 3940 3941
3940 3942 3941
3940 3943 3942
3943 3944 3942
3943 3945 3944
3945 3946 3944
3945 3947 3946
3948 3946 3947
3946 3948 3949
3950 3948 3947
3951 3949 3948
3950 3951 3948
3952 3953 3954
3952 3955 3953
3955 3956 3953
3957 3955 3952
3955 3958 3956
3957 3959 3955
3959 3958 3955
3959 3957 3960
3958 3959 3961
3959 3960 3961
3958 3961 3962
3963 3961 3960
3964 3962 3961
3963 3964 3961
3964 3965 3962
3966 3964 3963
3967 3965 3964
3966 3967 3964
3967 3968 3965
3969 3967 3966
3970 3968 3967
3969 3970 3967
3970 3971 3968
3972 3970 3969
3973 3971 3970
3972 3973 3970
3973 3974 3971
3973 3972 3975
3974 3973 3975
3976 3977 3978
3976 3978 3979
3980 3981 3982
3981 3983 3982
3981 3984 3983
3983 3984 3985
3983 3985 3986
3985 3987 3986
3985 3988 3987
3988 3989 3987
3990 3989 3988
3991 3989 3990
3990 3992 3991
3993 3991 3992
3994 3993 3992
3995 3996 3997
3997 3996 3998
3997 3998 3999
3998 4000 3999
3998 4001 4000
4000 4001 4002
4000 4002 4003
4003 4002 4004
4005 4003 4004
4006 4005 4004
4005 4006 4007
4008 4007 4006
4009 4007 4008
4010 4011 4012
4011 4013 4012
4011 4014 4013
4013 4014 4015
4013 4015 4016
4016 4015 4017
4016 4017 4018
4019 4018 4017
4017 4020 4019
4019 4020 4021
4021 4022 4019
4020 4023 4021
4023 4020 4024
4021 4023 4025
4022 4021 4026
4026 4027 4022
4028 4027 4026
4029 4021 4025
4026 4021 4029
4029 4025 4030
4029 4030 4031
4032 4029 4031
4026 4029 4033
4029 4032 4033
4033 4028 4026
4032 4034 4033
4028 4033 4034
4032 4035 4034
4034 4035 4036
4036 4037 4034
4028 4034 4037
4037 4036 4038
4038 4039 4037
4039 4038 4040
4041 4039 4040
4039 4042 4037
4042 4039 4041
4037 4042 4028
4041 4043 4042
4043 4028 4042
4041 4044 4043
4043 4044 4045
4043 4045 4046
4047 4043 4046
4048 4047 4046
4047 4049 4043
4043 4049 4050
4050 4028 4043
4027 4028 4050
4050 4051 4027
4051 4052 4027
4053 4054 4055
4054 4056 4055
4056 4057 4055
4056 4058 4057
4057 4058 4059
4058 4060 4059
4059 4060 4061
4059 4061 4062
4061 4063 4062
4061 4064 4063
4064 4065 4063
4064 4066 4065
4066 4067 4065
4066 4068 4067
4069 4067 4068
4069 4070 4067
4069 4071 4070
4071 4072 4070
4073 4074 4075
4073 4076 4074
4077 4076 4073
4077 4078 4076
4079 4078 4077
4079 4077 4080
4081 4079 4080
4081 4082 4079
4083 4082 4081
4083 4081 4084
4085 4083 4084
4085 4086 4083
4087 4086 4085
4087 4088 4086
4089 4088 4087
4089 4090 4088
4091 4090 4089
4091 4092 4090
4093 4092 4091
4093 4094 4092
4095 4094 4093
4095 4096 4094
4097 4098 4099
4097 4100 4098
4098 4100 4101
4098 4101 4102
4102 4101 4103
4102 4103 4104
4104 4103 4105
4104 4105 4106
4106 4105 4107
4106 4107 4108
4108 4107 4109
4108 4109 4110
4110 4109 4111
4110 4111 4112
4112 4111 4113
4112 4113 4114
4114 4113 4115
4114 4115 4116
4117 4118 4119
4119 4118 4120
4118 4121 4120
4121 4118 4122
4121 4122 4123
4123 4122 4124
4123 4124 4125
4125 4124 4126
4125 4126 4127
4128 4129 4130
4129 4131 4130
4132 4131 4129
4132 4133 4131
4131 4133 4134
4134 4133 4135
4134 4135 4136
4137 4134 4136
4137 4136 4138
4137 4138 4139
4137 4139 4140
4141 4137 4140
4142 4141 4140
4141 4142 4143
4143 4142 4144
4142 4145 4144
4146 4144 4145
4146 4147 4144
4148 4149 4150
4151 4149 4148
4152 4149 4151
4153 4152 4151
4154 4152 4153
4155 4154 4153
4155 4156 4154
4157 4156 4155
4157 4158 4156
4159 4158 4157
4159 4160 4158
4161 4160 4159
4161 4162 4160
4163 4162 4161
4163 4164 4162
4165 4164 4163
4166 4167 4168
4167 4166 4169
4169 4166 4170
4170 4166 4171
4172 4171 4166
4173 4171 4172
4174 4175 4176
4176 4175 4177
4178 4179 4180
4181 4178 4180
4181 4180 4182
4180 4183 4182
4184 4182 4183
4184 4185 4182
4186 4185 4184
4186 4187 4185
4188 4187 4186
4188 4189 4187
4189 4188 4190
4189 4190 4191
4192 4191 4190
4192 4190 4193
4194 4192 4193
4193 4195 4194
4196 4197 4198
4196 4198 4199
4200 4201 4202
4200 4202 4203
4203 4202 4204
4205 4204 4202
4204 4205 4206
4206 4205 4207
4205 4208 4207
4208 4209 4207
4209 4208 4210
4211 4209 4210
4210 4208 4212
4211 4210 4213
4213 4210 4212
4211 4213 4214
4215 4213 4212
4214 4213 4216
4217 4213 4215
4217 4216 4213
4218 4219 4220
4220 4219 4221
4220 4221 4222
4222 4221 4223
4222 4223 4224
4224 4223 4225
4226 4225 4223
4227 4224 4225
4228 4227 4225
4225 4229 4228
4230 4231 4232
4232 4233 4230
4233 4234 4230
4234 4235 4230
4236 4235 4234
4235 4236 4237
4237 4236 4238
4237 4238 4239
4240 4241 4242
4241 4243 4242
4244 4242 4243
4244 4245 4242
4245 4244 4246
4245 4246 4247
4248 4249 4250
4248 4250 4251
4252 4248 4251
4252 4253 4248
4254 4255 4256
4255 4257 4256
4257 4255 4258
4259 4257 4258
4259 4258 4260
4260 4261 4259
4262 4261 4260
4263 4261 4262
4264 4265 4266
4266 4267 4264
4267 4266 4268
4269 4264 4267
4267 4268 4270
4268 4271 4270
4271 4272 4270
4272 4271 4273
4272 4273 4274
4272 4275 4270
4267 4270 4275
4275 4276 4267
4267 4276 4269
4276 4275 4277
4276 4278 4269
4277 4278 4276
4278 4279 4269
4280 4278 4277
4279 4278 4280
4277 4281 4280
4282 4279 4280
4280 4281 4283
4282 4280 4283
4284 4282 4283
4285 4286 4287
4288 4285 4287
4285 4288 4289
4290 4291 4292
4290 4293 4291
4294 4293 4290
4294 4295 4293
4293 4295 4296
4296 4295 4297
4298 4299 4300
4300 4299 4301
4300 4301 4302
4301 4303 4302
4301 4304 4303
4304 4305 4303
4304 4306 4305
4305 4306 4307
4307 4308 4305
4308 4307 4309
4309 4307 4310
4311 4308 4309
4311 4312 4308
4313 4311 4309
4314 4309 4310
4310 4315 4314
4315 4316 4314
4317 4313 4309
4309 4314 4317
4313 4317 4318
4318 4317 4319
4319 4317 4320
4314 4321 4317
4317 4321 4320
4314 4316 4321
4321 4322 4320
4321 4323 4322
4316 4323 4321
4323 4324 4322
4323 4325 4324
4325 4323 4316
4326 4324 4325
4326 4325 4327
4326 4327 4328
4329 4328 4327
4325 4330 4327
4330 4329 4327
4316 4330 4325
4331 4329 4330
4316 4331 4330
4331 4332 4329
4331 4333 4332
4331 4334 4333
4335 4334 4331
4336 4334 4335
4335 4331 4337
4331 4338 4337
4338 4331 4316
4316 4315 4338
4315 4339 4338
4315 4340 4339
4341 4342 4343
4341 4343 4344
4343 4345 4344
4344 4345 4346
4346 4345 4347
4348 4346 4347
4347 4349 4348
4347 4350 4349
4349 4350 4351
4349 4351 4352
4352 4351 4353
4352 4353 4354
4354 4353 4355
4354 4355 4356
4357 4356 4355
4357 4355 4358
4357 4358 4359
4359 4358 4360
4361 4362 4363
4361 4363 4364
4365 4361 4364
4365 4364 4366
4367 4365 4366
4367 4366 4368
4367 4368 4369
4367 4369 4370
4371 4370 4369
4371 4369 4372
4371 4372 4373
4371 4373 4374
4374 4373 4375
4374 4375 4376
4377 4376 4375
4377 4375 4378
4379 4377 4378
4379 4378 4380
4381 4379 4380
4381 4380 4382
4383 4381 4382
4383 4382 4384
4385 4386 4387
4386 4388 4387
4388 4389 4387
4389 4390 4387
4389 4391 4390
4391 4392 4390
4391 4393 4392
4393 4394 4392
4393 4395 4394
4396 4397 4398
4396 4398 4399
4400 4396 4399
4400 4399 4401
4402 4400 4401
4402 4401 4403
4404 4402 4403
4404 4403 4405
4406 4404 4405
4406 4405 4407
4408 4406 4407
4408 4407 4409
4410 4408 4409
4410 4409 4411
4412 4410 4411
4412 4411 4413
4413 4414 4412
4413 4415 4414
4416 4417 4418
4418 4417 4419
4420 4418 4419
4420 4419 4421
4419 4422 4421
4422 4423 4421
4424 4423 4422
4425 4424 4422
4425 4426 4424
4425 4427 4426
4425 4428 4427
4429 4428 4425
4430 4428 4429
4429 4431 4430
4430 4431 4432
4430 4432 4433
4434 4433 4432
4434 4432 4435
4436 4437 4438
4439 4437 4436
4440 4439 4436
4441 4439 4440
4442 4441 4440
4443 4441 4442
4443 4442 4444
4445 4443 4444
4445 4444 4446
4447 4445 4446
4447 4446 4448
4449 4447 4448
4449 4448 4450
4451 4449 4450
4451 4450 4452
4453 4451 4452
4454 4455 4456
4457 4455 4454
4457 4458 4455
4459 4458 4457
4457 4460 4459
4460 4457 4461
4462 4463 4464
4464 4463 4465
4466 4467 4468
4467 4466 4469
4470 4467 4469
4467 4470 4471
4472 4471 4470
4472 4470 4473
4474 4472 4473
4474 4473 4475
4476 4474 4475
4476 4475 4477
4477 4478 4476
4477 4479 4478
4479 4480 4478
4479 4481 4480
4480 4481 4482
4480 4482 4483
4484 4485 4486
4484 4486 4487
4488 4489 4490
4491 4489 4488
4492 4489 4491
4492 4493 4489
4492 4494 4493
4494 4495 4493
4493 4495 4496
4496 4495 4497
4498 4496 4497
4498 4497 4499
4500 4496 4498
4499 4501 4498
4498 4501 4500
4499 4502 4501
4501 4503 4500
4502 4504 4501
4505 4503 4501
4505 4501 4504
4506 4507 4508
4507 4509 4508
4507 4510 4509
4510 4511 4509
4510 4512 4511
4512 4513 4511
4513 4514 4511
4515 4513 4512
4513 4515 4516
4517 4513 4516
4518 4519 4520
4520 4521 4518
4521 4520 4522
4522 4520 4523
4524 4522 4523
4523 4525 4524
4525 4526 4524
4525 4527 4526
4528 4529 4530
4529 4531 4530
4532 4531 4529
4532 4529 4533
4533 4534 4532
4533 4535 4534
4536 4537 4538
4536 4539 4537
4540 4539 4536
4540 4536 4541
4542 4543 4544
4545 4543 4542
4543 4545 4546
4547 4546 4545
4547 4548 4546
4548 4547 4549
4550 4548 4549
4551 4550 4549
4552 4553 4554
4554 4555 4552
4555 4556 4552
4555 4554 4557
4555 4558 4556
4556 4558 4559
4559 4558 4560
4560 4561 4559
4560 4562 4561
4560 4558 4563
4563 4558 4555
4555 4564 4563
4557 4564 4555
4565 4563 4564
4566 4564 4557
4564 4566 4565
4567 4566 4557
4565 4566 4568
4566 4567 4568
4568 4569 4565
4567 4570 4568
4568 4571 4569
4568 4570 4571
4570 4572 4571
4573 4574 4575
4576 4574 4573
4573 4577 4576
4578 4579 4580
4581 4579 4578
4582 4581 4578
4582 4583 4581
4583 4584 4581
4583 4585 4584
4586 4587 4588
4588 4587 4589
4589 4590 4588
4591 4590 4589
4592 4591 4589
4593 4591 4592
4592 4594 4593
4595 4596 4597
4596 4595 4598
4598 4599 4596
4600 4598 4595
4601 4598 4600
4602 4598 4601
4603 4602 4601
4604 4602 4603
4605 4606 4607
4605 4608 4606
4609 4608 4605
4609 4610 4608
4611 4612 4613
4612 4614 4613
4613 4614 4615
4616 4617 4618
4616 4618 4619
4619 4618 4620
4619 4620 4621
4621 4620 4622
4621 4622 4623
4623 4622 4624
4625 4626 4627
4626 4628 4627
4626 4629 4628
4628 4629 4630
4628 4630 4631
4630 4632 4631
4630 4633 4632
4633 4634 4632
4635 4634 4633
4636 4634 4635
4635 4637 4636
4638 4636 4637
4639 4638 4637
4640 4641 4642
4642 4641 4643
4642 4643 4644
4643 4645 4644
4643 4646 4645
4645 4646 4647
4645 4647 4648
4648 4647 4649
4650 4648 4649
4651 4650 4649
4650 4651 4652
4653 4652 4651
4654 4652 4653
4655 4656 4657
4656 4658 4657
4656 4659 4658
4658 4659 4660
4658 4660 4661
4661 4660 4662
4661 4662 4663
4664 4663 4662
4662 4665 4664
4664 4665 4666
4666 4667 4664
4665 4668 4666
4668 4665 4669
4666 4668 4670
4667 4666 4671
4671 4672 4667
4673 4672 4671
4674 4666 4670
4671 4666 4674
4674 4670 4675
4674 4675 4676
4677 4674 4676
4671 4674 4678
4674 4677 4678
4678 4673 4671
4677 4679 4678
4673 4678 4679
4677 4680 4679
4679 4680 4681
4681 4682 4679
4673 4679 4682
4682 4681 4683
4683 4684 4682
4684 4683 4685
4686 4684 4685
4684 4687 4682
4687 4684 4686
4682 4687 4673
4686 4688 4687
4688 4673 4687
4686 4689 4688
4688 4689 4690
4688 4690 4691
4692 4688 4691
4693 4692 4691
4692 4694 4688
4688 4694 4695
4695 4673 4688
4672 4673 4695
4695 4696 4672
4696 4697 4672
4698 4699 4700
4699 4701 4700
4701 4702 4700
4701 4703 4702
4702 4703 4704
4703 4705 4704
4704 4705 4706
4704 4706 4707
4706 4708 4707
4706 4709 4708
4709 4710 4708
4709 4711 4710
4711 4712 4710
4711 4713 4712
4714 4712 4713
4714 4715 4712
4714 4716 4715
4716 4717 4715
4718 4719 4720
4718 4721 4719
4722 4721 4718
4722 4723 4721
4724 4723 4722
4724 4722 4725
4726 4724 4725
4726 4727 4724
4728 4727 4726
4728 4726 4729
4730 4728 4729
4730 4731 4728
4732 4731 4730
4732 4733 4731
4734 4733 4732
4734 4735 4733
4736 4735 4734
4736 4737 4735
4738 4737 4736
4738 4739 4737
4740 4739 4738
4740 4741 4739
4742 4743 4744
4742 4745 4743
4743 4745 4746
4743 4746 4747
4747 4746 4748
4747 4748 4749
4749 4748 4750
4749 4750 4751
4751 4750 4752
4751 4752 4753
4753 4752 4754
4753 4754 4755
4755 4754 4756
4755 4756 4757
4757 4756 4758
4757 4758 4759
4759 4758 4760
4759 4760 4761
4762 4763 4764
4764 4763 4765
4763 4766 4765
4766 4763 4767
4766 4767 4768
4768 4767 4769
4768 4769 4770
4770 4769 4771
4770 4771 4772
4773 4774 4775
4774 4776 4775
4777 4776 4774
4777 4778 4776
4776 4778 4779
4779 4778 4780
4779 4780 4781
4782 4779 4781
4782 4781 4783
4782 4783 4784
4782 4784 4785
4786 4782 4785
4787 4786 4785
4786 4787 4788
4788 4787 4789
4787 4790 4789
4791 4789 4790
4791 4792 4789
4793 4794 4795
4796 4794 4793
4797 4794 4796
4798 4797 4796
4799 4797 4798
4800 4799 4798
4800 4801 4799
4802 4801 4800
4802 4803 4801
4804 4803 4802
4804 4805 4803
4806 4805 4804
4806 4807 4805
4808 4807 4806
4808 4809 4807
4810 4809 4808
4811 4812 4813
4812 4811 4814
4814 4811 4815
4815 4811 4816
4817 4816 4811
4818 4816 4817
4819 4820 4821
4821 4820 4822
4823 4824 4825
4826 4823 4825
4826 4825 4827
4825 4828 4827
4829 4827 4828
4829 4830 4827
4831 4830 4829
4831 4832 4830
4833 4832 4831
4833 4834 4832
4834 4833 4835
4834 4835 4836
4837 4836 4835
4837 4835 4838
4839 4837 4838
4838 4840 4839
4841 4842 4843
4841 4843 4844
4845 4846 4847
4845 4847 4848
4848 4847 4849
4850 4849 4847
4849 4850 4851
4851 4850 4852
4850 4853 4852
4853 4854 4852
4854 4853 4855
4856 4854 4855
4855 4853 4857
4856 4855 4858
4858 4855 4857
4856 4858 4859
4860 4858 4857
4859 4858 4861
4862 4858 4860
4862 4861 4858
4863 4864 4865
4865 4864 4866
4865 4866 4867
4867 4866 4868
4867 4868 4869
4869 4868 4870
4871 4870 4868
4872 4869 4870
4873 4872 4870
4870 4874 4873
4875 4876 4877
4877 4878 4875
4878 4879 4875
4879 4880 4875
4881 4880 4879
4880 4881 4882
4882 4881 4883
4882 4883 4884
4885 4886 4887
4886 4888 4887
4889 4887 4888
4889 4890 4887
4890 4889 4891
4890 4891 4892
4893 4894 4895
4893 4895 4896
4897 4893 4896
4897 4898 4893
4899 4900 4901
4900 4902 4901
4902 4900 4903
4904 4902 4903
4904 4903 4905
4905 4906 4904
4907 4906 4905
4908 4906 4907
4909 4910 4911
4911 4912 4909
4912 4911 4913
4914 4909 4912
4912 4913 4915
4913 4916 4915
4916 4917 4915
4917 4916 4918
4917 4918 4919
4917 4920 4915
4912 4915 4920
4920 4921 4912
4912 4921 4914
4921 4920 4922
4921 4923 4914
4922 4923 4921
4923 4924 4914
4925 4923 4922
4924 4923 4925
4922 4926 4925
4927 4924 4925
4925 4926 4928
4927 4925 4928
4929 4927 4928
4930 4931 4932
4933 4930 4932
4930 4933 4934
4935 4936 4937
4935 4938 4936
4939 4938 4935
4939 4940 4938
4938 4940 4941
4941 4940 4942
4943 4944 4945
4945 4944 4946
4945 4946 4947
4946 4948 4947
4946 4949 4948
4949 4950 4948
4949 4951 4950
4950 4951 4952
4952 4953 4950
4953 4952 4954
4954 4952 4955
4956 4953 4954
4956 4957 4953
4958 4956 4954
4959 4954 4955
4955 4960 4959
4960 4961 4959
4962 4958 4954
4954 4959 4962
4958 4962 4963
4963 4962 4964
4964 4962 4965
4959 4966 4962
4962 4966 4965
4959 4961 4966
4966 4967 4965
4966 4968 4967
4961 4968 4966
4968 4969 4967
4968 4970 4969
4970 4968 4961
4971 4969 4970
4971 4970 4972
4971 4972 4973
4974 4973 4972
4970 4975 4972
4975 4974 4972
4961 4975 4970
4976 4974 4975
4961 4976 4975
4976 4977 4974
4976 4978 4977
4976 4979 4978
4980 4979 4976
4981 4979 4980
4980 4976 4982
4976 4983 4982
4983 4976 4961
4961 4960 4983
4960 4984 4983
4960 4985 4984
4986 4987 4988
4986 4988 4989
4988 4990 4989
4989 4990 4991
4991 4990 4992
4993 4991 4992
4992 4994 4993
4992 4995 4994
4994 4995 4996
4994 4996 4997
4997 4996 4998
4997 4998 4999
4999 4998 5000
4999 5000 5001
5002 5001 5000
5002 5000 5003
5002 5003 5004
5004 5003 5005
5006 5007 5008
5006 5008 5009
5010 5006 5009
5010 5009 5011
5012 5010 5011
5012 5011 5013
5012 5013 5014
5012 5014 5015
5016 5015 5014
5016 5014 5017
5016 5017 5018
5016 5018 5019
5019 5018 5020
5019 5020 5021
5022 5021 5020
5022 5020 5023
5024 5022 5023
5024 5023 5025
5026 5024 5025
5026 5025 5027
5028 5026 5027
5028 5027 5029
5030 5031 5032
5031 5033 5032
5033 5034 5032
5034 5035 5032
5034 5036 5035
5036 5037 5035
5036 5038 5037
5038 5039 5037
5038 5040 5039
5041 5042 5043
5041 5043 5044
5045 5041 5044
5045 5044 5046
5047 5045 5046
5047 5046 5048
5049 5047 5048
5049 5048 5050
5051 5049 5050
5051 5050 5052
5053 5051 5052
5053 5052 5054
5055 5053 5054
5055 5054 5056
5057 5055 5056
5057 5056 5058
5058 5059 5057
5058 5060 5059
5061 5062 5063
5063 5062 5064
5065 5063 5064
5065 5064 5066
5064 5067 5066
5067 5068 5066
5069 5068 5067
5070 5069 5067
5070 5071 5069
5070 5072 5071
5070 5073 5072
5074 5073 5070
5075 5073 5074
5074 5076 5075
5075 5076 5077
5075 5077 5078
5079 5078 5077
5079 5077 5080
5081 5082 5083
5084 5082 5081
5085 5084 5081
5086 5084 5085
5087 5086 5085
5088 5086 5087
5088 5087 5089
5090 5088 5089
5090 5089 5091
5092 5090 5091
5092 5091 5093
5094 5092 5093
5094 5093 5095
5096 5094 5095
5096 5095 5097
5098 5096 5097
5099 5100 5101
5102 5100 5099
5102 5103 5100
5104 5103 5102
5102 5105 5104
5105 5102 5106
5107 5108 5109
5109 5108 5110
5111 5112 5113
5112 5111 5114
5115 5112 5114
5112 5115 5116
5117 5116 5115
5117 5115 5118
5119 5117 5118
5119 5118 5120
5121 5119 5120
5121 5120 5122
5122 5123 5121
5122 5124 5123
5124 5125 5123
5124 5126 5125
5125 5126 5127
5125 5127 5128
5129 5130 5131
5129 5131 5132
5133 5134 5135
5136 5134 5133
5137 5134 5136
5137 5138 5134
5137 5139 5138
5139 5140 5138
5138 5140 5141
5141 5140 5142
5143 5141 5142
5143 5142 5144
5145 5141 5143
5144 5146 5143
5143 5146 5145
5144 5147 5146
5146 5148 5145
5147 5149 5146
5150 5148 5146
5150 5146 5149
5151 5152 5153
5152 5154 5153
5152 5155 5154
5155 5156 5154
5155 5157 5156
5157 5158 5156
5158 5159 5156
5160 5158 5157
5158 5160 5161
5162 5158 5161
5163 5164 5165
5165 5166 5163
5166 5165 5167
5167 5165 5168
5169 5167 5168
5168 5170 5169
5170 5171 5169
5170 5172 5171
5173 5174 5175
5174 5176 5175
5177 5176 5174
5177 5174 5178
5178 5179 5177
5178 5180 5179
5181 5182 5183
5181 5184 5182
5185 5184 5181
5185 5181 5186
5187 5188 5189
5190 5188 5187
5188 5190 5191
5192 5191 5190
5192 5193 5191
5193 5192 5194
5195 5193 5194
5196 5195 5194
5197 5198 5199
5199 5200 5197
5200 5201 5197
5200 5199 5202
5200 5203 5201
5201 5203 5204
5204 5203 5205
5205 5206 5204
5205 5207 5206
5205 5203 5208
5208 5203 5200
5200 5209 5208
5202 5209 5200
5210 5208 5209
5211 5209 5202
5209 5211 5210
5212 5211 5202
5210 5211 5213
5211 5212 5213
5213 5214 5210
5212 5215 5213
5213 5216 5214
5213 5215 5216
5215 5217 5216
5218 5219 5220
5221 5219 5218
5218 5222 5221
5223 5224 5225
5226 5224 5223
5227 5226 5223
5227 5228 5226
5228 5229 5226
5228 5230 5229
5231 5232 5233
5234 5232 5231
5235 5234 5231
5235 5231 5236
5235 5236 5237
5238 5235 5237
5239 5237 5236
5240 5238 5237
5240 5237 5239
5240 5239 5241
5240 5242 5238
5240 5241 5243
5244 5242 5240
5240 5243 5244
5244 5245 5242
5244 5246 5245
5243 5247 5244
5247 5246 5244
5248 5247 5243
5247 5248 5249
5247 5250 5246
5249 5250 5247
5249 5248 5251
5250 5249 5252
5249 5251 5253
5252 5249 5254
5253 5255 5249
5255 5254 5249
5256 5257 5258
5256 5259 5257
5260 5259 5256
5260 5256 5261
5262 5260 5261
5262 5263 5260
5264 5263 5262
5264 5265 5263
5266 5265 5264
5266 5267 5265
5268 5267 5266
5268 5269 5267
5270 5269 5268
5270 5271 5269
5270 5272 5271
5272 5270 5273
5274 5275 5276
5277 5274 5276
5277 5278 5274
5277 5279 5278
5278 5279 5280
5281 5278 5280
5282 5283 5284
5285 5282 5284
5282 5285 5286
5285 5287 5286
5288 5289 5290
5288 5291 5289
5292 5291 5288
5292 5293 5291
5294 5293 5292
5294 5292 5295
5296 5294 5295
5296 5297 5294
5298 5297 5296
5298 5299 5297
5300 5299 5298
5300 5301 5299
5302 5301 5300
5302 5303 5301
5293 5304 5305
5293 5305 5306
5304 5293 5307
5308 5306 5305
5306 5308 5309
5310 5309 5308
5304 5307 5311
5312 5311 5307
5312 5313 5311
5314 5313 5312
5314 5315 5313
5316 5315 5314
5316 5317 5315
5318 5317 5316
5318 5319 5317
5320 5321 5322
5323 5320 5322
5323 5324 5320
5325 5324 5323
5325 5326 5324
5327 5326 5325
5327 5325 5328
5329 5327 5328
5330 5329 5328
5331 5332 5333
5334 5332 5331
5335 5332 5334
5335 5336 5332
5335 5337 5336
5338 5337 5335
5339 5336 5337
5340 5337 5338
5340 5339 5337
5340 5338 5341
5340 5342 5339
5342 5343 5339
5344 5343 5342
5344 5342 5345
5340 5345 5342
5346 5344 5345
5347 5340 5341
5340 5347 5345
5347 5341 5348
5349 5347 5348
5350 5347 5349
5347 5350 5345
5349 5351 5350
5350 5351 5352
5351 5353 5352
5352 5353 5354
5355 5352 5354
5356 5352 5355
5345 5350 5357
5346 5345 5357
5350 5352 5357
5358 5346 5357
5357 5352 5358
5352 5356 5358
5358 5359 5346
5356 5359 5358
5360 5359 5356
5361 5362 5363
5361 5363 5364
5365 5361 5364
5365 5366 5361
5367 5366 5365
5367 5365 5368
5369 5367 5368
5369 5368 5370
5371 5369 5370
5371 5370 5372
5373 5371 5372
5373 5372 5374
5375 5373 5374
5375 5374 5376
5375 5376 5377
5377 5378 5375
5379 5380 5381
5382 5380 5379
5382 5379 5383
5382 5383 5384
5383 5385 5384
5386 5385 5383
5387 5388 5389
5387 5390 5388
5390 5387 5391
5390 5391 5392
5393 5388 5390
5393 5390 5394
5395 5393 5394
5395 5394 5396
5397 5395 5396
5397 5398 5395
5399 5398 5397
5399 5397 5400
5401 5399 5400
5401 5400 5402
5403 5401 5402
5403 5402 5404
5405 5403 5404
5405 5404 5406
5402 5400 5407
5402 5407 5408
5404 5402 5408
5400 5409 5407
5404 5408 5410
5411 5404 5410
5411 5410 5412
5400 5413 5409
5414 5409 5413
5414 5413 5415
5415 5416 5414
5415 5417 5416
5418 5416 5417
5417 5419 5418
5420 5418 5419
5421 5422 5423
5423 5422 5424
5424 5425 5423
5426 5425 5424
5427 5426 5424
5428 5426 5427
5427 5429 5428
5430 5431 5432
5431 5430 5433
5433 5434 5431
5435 5433 5430
5436 5433 5435
5437 5433 5436
5438 5437 5436
5439 5437 5438
5440 5441 5442
5440 5443 5441
5444 5443 5440
5444 5445 5443
5446 5447 5448
5447 5449 5448
5448 5449 5450
5451 5452 5453
5451 5453 5454
5454 5453 5455
5454 5455 5456
5456 5455 5457
5456 5457 5458
5458 5457 5459
5460 5461 5462
5462 5463 5460
5464 5463 5462
5465 5463 5464
5466 5465 5464
5466 5464 5467
5468 5466 5467
5468 5469 5466
5470 5469 5468
5470 5468 5471
5470 5471 5472
5473 5474 5475
5475 5476 5473
5475 5477 5476
5476 5477 5478
5478 5477 5479
5480 5477 5475
5479 5477 5480
5480 5481 5479
5481 5480 5482
5481 5482 5483
5481 5483 5484
5484 5483 5485
5484 5485 5486
5486 5485 5487
5486 5487 5488
5489 5488 5487
5487 5490 5489
5491 5488 5489
5492 5489 5490
5491 5489 5492
5493 5494 5495
5493 5495 5496
5497 5493 5496
5497 5498 5493
5499 5497 5496
5496 5495 5500
5499 5496 5500
5495 5501 5500
5501 5499 5500
5495 5502 5501
5501 5503 5499
5501 5502 5504
5505 5503 5501
5501 5504 5506
5505 5501 5506
5506 5504 5507
5508 5505 5506
5506 5507 5509
5508 5506 5509
5509 5507 5510
5511 5508 5509
5509 5510 5512
5511 5509 5512
5512 5510 5513
5514 5511 5512
5512 5513 5515
5514 5512 5515
5513 5516 5515
5516 5514 5515
5517 5518 5519
5517 5519 5520
5521 5522 5523
5522 5524 5523
5524 5522 5525
5526 5524 5525
5527 5524 5526
5528 5527 5526
5527 5528 5529
5530 5531 5532
5532 5533 5530
5533 5532 5534
5535 5530 5533
5536 5535 5533
5537 5536 5533
5538 5536 5537
5539 5538 5537
5540 5541 5542
5540 5542 5543
5544 5540 5543
5544 5543 5545
5546 5547 5548
5548 5547 5549
5547 5550 5549
5551 5552 5553
5551 5554 5552
5554 5555 5552
5554 5556 5555
5556 5557 5555
5556 5558 5557
5558 5559 5557
5560 5561 5562
5561 5560 5563
5564 5561 5563
5565 5564 5563
5566 5564 5565
5566 5567 5564
5568 5567 5566
5568 5566 5569
5570 5568 5569
5570 5571 5568
5570 5572 5571
5573 5574 5575
5575 5576 5573
5573 5576 5577
5578 5577 5576
5579 5577 5578
5580 5573 5577
5579 5580 5577
5581 5580 5579
5580 5581 5582
5581 5583 5582
5581 5584 5583
5584 5585 5583
5584 5586 5585
5586 5587 5585
5586 5588 5587
5589 5587 5588
5587 5589 5590
5591 5589 5588
5592 5590 5589
5591 5592 5589
5593 5594 5595
5593 5596 5594
5596 5597 5594
5598 5596 5593
5596 5599 5597
5598 5600 5596
5600 5599 5596
5600 5598 5601
5599 5600 5602
5600 5601 5602
5599 5602 5603
5604 5602 5601
5605 5603 5602
5604 5605 5602
5605 5606 5603
5607 5605 5604
5608 5606 5605
5607 5608 5605
5608 5609 5606
5610 5608 5607
5611 5609 5608
5610 5611 5608
5611 5612 5609
5613 5611 5610
5614 5612 5611
5613 5614 5611
5614 5615 5612
5614 5613 5616
5615 5614 5616
5617 5618 5619
5617 5619 5620
5621 5622 5623
5622 5624 5623
5622 5625 5624
5624 5625 5626
5624 5626 5627
5626 5628 5627
5626 5629 5628
5629 5630 5628
5631 5630 5629
5632 5630 5631
5631 5633 5632
5634 5632 5633
5635 5634 5633
5636 5637 5638
5638 5637 5639
5638 5639 5640
5639 5641 5640
5639 5642 5641
5641 5642 5643
5641 5643 5644
5644 5643 5645
5646 5644 5645
5647 5646 5645
5646 5647 5648
5649 5648 5647
5650 5648 5649
5651 5652 5653
5652 5654 5653
5652 5655 5654
5654 5655 5656
5654 5656 5657
5657 5656 5658
5657 5658 5659
5660 5659 5658
5658 5661 5660
5660 5661 5662
5662 5663 5660
5661 5664 5662
5664 5661 5665
5662 5664 5666
5663 5662 5667
5667 5668 5663
5669 5668 5667
5670 5662 5666
5667 5662 5670
5670 5666 5671
5670 5671 5672
5673 5670 5672
5667 5670 5674
5670 5673 5674
5674 5669 5667
5673 5675 5674
5669 5674 5675
5673 5676 5675
5675 5676 5677
5677 5678 5675
5669 5675 5678
5678 5677 5679
5679 5680 5678
5680 5679 5681
5682 5680 5681
5680 5683 5678
5683 5680 5682
5678 5683 5669
5682 5684 5683
5684 5669 5683
5682 5685 5684
5684 5685 5686
5684 5686 5687
5688 5684 5687
5689 5688 5687
5688 5690 5684
5684 5690 5691
5691 5669 5684
5668 5669 5691
5691 5692 5668
5692 5693 5668
5694 5695 5696
5695 5697 5696
5697 5698 5696
5697 5699 5698
5698 5699 5700
5699 5701 5700
5700 5701 5702
5700 5702 5703
5702 5704 5703
5702 5705 5704
5705 5706 5704
5705 5707 5706
5707 5708 5706
5707 5709 5708
5710 5708 5709
5710 5711 5708
5710 5712 5711
5712 5713 5711
5714 5715 5716
5714 5717 5715
5718 5717 5714
5718 5719 5717
5720 5719 5718
5720 5718 5721
5722 5720 5721
5722 5723 5720
5724 5723 5722
5724 5722 5725
5726 5724 5725
5726 5727 5724
5728 5727 5726
5728 5729 5727
5730 5729 5728
5730 5731 5729
5732 5731 5730
5732 5733 5731
5734 5733 5732
5734 5735 5733
5736 5735 5734
5736 5737 5735
5738 5739 5740
5738 5741 5739
5739 5741 5742
5739 5742 5743
5743 5742 5744
5743 5744 5745
5745 5744 5746
5745 5746 5747
5747 5746 5748
5747 5748 5749
5749 5748 5750
5749 5750 5751
5751 5750 5752
5751 5752 5753
5753 5752 5754
5753 5754 5755
5755 5754 5756
5755 5756 5757
5758 5759 5760
5760 5759 5761
5759 5762 5761
5762 5759 5763
5762 5763 5764
5764 5763 5765
5764 5765 5766
5766 5765 5767
5766 5767 5768
5769 5770 5771
5770 5772 5771
5773 5772 5770
5773 5774 5772
5772 5774 5775
5775 5774 5776
5775 5776 5777
5778 5775 5777
5778 5777 5779
5778 5779 5780
5778 5780 5781
5782 5778 5781
5783 5782 5781
5782 5783 5784
5784 5783 5785
5783 5786 5785
5787 5785 5786
5787 5788 5785
5789 5790 5791
5792 5790 5789
5793 5790 5792
5794 5793 5792
5795 5793 5794
5796 5795 5794
5796 5797 5795
5798 5797 5796
5798 5799 5797
5800 5799 5798
5800 5801 5799
5802 5801 5800
5802 5803 5801
5804 5803 5802
5804 5805 5803
5806 5805 5804
5807 5808 5809
5808 5807 5810
5810 5807 5811
5811 5807 5812
5813 5812 5807
5814 5812 5813
5815 5816 5817
5817 5816 5818
5819 5820 5821
5822 5819 5821
5822 5821 5823
5821 5824 5823
5825 5823 5824
5825 5826 5823
5827 5826 5825
5827 5828 5826
5829 5828 5827
5829 5830 5828
5830 5829 5831
5830 5831 5832
5833 5832 5831
5833 5831 5834
5835 5833 5834
5834 5836 5835
5837 5838 5839
5837 5839 5840
5841 5842 5843
5841 5843 5844
5844 5843 5845
5846 5845 5843
5845 5846 5847
5847 5846 5848
5846 5849 5848
5849 5850 5848
5850 5849 5851
5852 5850 5851
5851 5849 5853
5852 5851 5854
5854 5851 5853
5852 5854 5855
5856 5854 5853
5855 5854 5857
5858 5854 5856
5858 5857 5854
5859 5860 5861
5861 5860 5862
5861 5862 5863
5863 5862 5864
5863 5864 5865
5865 5864 5866
5867 5866 5864
5868 5865 5866
5869 5868 5866
5866 5870 5869
5871 5872 5873
5873 5874 5871
5874 5875 5871
5875 5876 5871
5877 5876 5875
5876 5877 5878
5878 5877 5879
5878 5879 5880
5881 5882 5883
5882 5884 5883
5885 5883 5884
5885 5886 5883
5886 5885 5887
5886 5887 5888
5889 5890 5891
5889 5891 5892
5893 5889 5892
5893 5894 5889
5895 5896 5897
5896 5898 5897
5898 5896 5899
5900 5898 5899
5900 5899 5901
5901 5902 5900
5903 5902 5901
5904 5902 5903
5905 5906 5907
5907 5908 5905
5908 5907 5909
5910 5905 5908
5908 5909 5911
5909 5912 5911
5912 5913 5911
5913 5912 5914
5913 5914 5915
5913 5916 5911
5908 5911 5916
5916 5917 5908
5908 5917 5910
5917 5916 5918
5917 5919 5910
5918 5919 5917
5919 5920 5910
5921 5919 5918
5920 5919 5921
5918 5922 5921
5923 5920 5921
5921 5922 5924
5923 5921 5924
5925 5923 5924
5926 5927 5928
5929 5926 5928
5926 5929 5930
5931 5932 5933
5931 5934 5932
5935 5934 5931
5935 5936 5934
5934 5936 5937
5937 5936 5938
5939 5940 5941
5941 5940 5942
5941 5942 5943
5942 5944 5943
5942 5945 5944
5945 5946 5944
5945 5947 5946
5946 5947 5948
5948 5949 5946
5949 5948 5950
5950 5948 5951
5952 5949 5950
5949 5952 5953
5954 5952 5950
5955 5950 5951
5951 5956 5955
5956 5957 5955
5950 5958 5954
5958 5950 5955
5954 5958 5959
5959 5958 5960
5960 5958 5961
5955 5962 5958
5958 5962 5961
5955 5957 5962
5962 5963 5961
5962 5964 5963
5957 5964 5962
5964 5965 5963
5964 5966 5965
5966 5964 5957
5967 5965 5966
5967 5966 5968
5967 5968 5969
5970 5969 5968
5966 5971 5968
5971 5970 5968
5957 5971 5966
5972 5970 5971
5957 5972 5971
5972 5973 5970
5972 5974 5973
5972 5975 5974
5976 5975 5972
5977 5975 5976
5976 5972 5978
5972 5979 5978
5979 5972 5957
5957 5956 5979
5956 5980 5979
5956 5981 5980
5982 5983 5984
5982 5984 5985
5984 5986 5985
5985 5986 5987
5987 5986 5988
5989 5987 5988
5988 5990 5989
5988 5991 5990
5990 5991 5992
5990 5992 5993
5993 5992 5994
5993 5994 5995
5995 5994 5996
5995 5996 5997
5998 5997 5996
5998 5996 5999
5998 5999 6000
6000 5999 6001
6002 6003 6004
6002 6004 6005
6006 6002 6005
6006 6005 6007
6008 6006 6007
6008 6007 6009
6008 6009 6010
6008 6010 6011
6012 6011 6010
6012 6010 6013
6012 6013 6014
6012 6014 6015
6015 6014 6016
6015 6016 6017
6018 6017 6016
6018 6016 6019
6020 6018 6019
6020 6019 6021
6022 6020 6021
6022 6021 6023
6024 6022 6023
6024 6023 6025
6026 6027 6028
6027 6029 6028
6029 6030 6028
6030 6031 6028
6030 6032 6031
6032 6033 6031
6032 6034 6033
6034 6035 6033
6034 6036 6035
6037 6038 6039
6037 6039 6040
6041 6037 6040
6041 6040 6042
6043 6041 6042
6043 6042 6044
6045 6043 6044
6045 6044 6046
6047 6045 6046
6047 6046 6048
6049 6047 6048
6049 6048 6050
6051 6049 6050
6051 6050 6052
6053 6051 6052
6053 6052 6054
6054 6055 6053
6054 6056 6055
6057 6058 6059
6059 6058 6060
6061 6059 6060
6061 6060 6062
6060 6063 6062
6063 6064 6062
6065 6064 6063
6066 6065 6063
6066 6067 6065
6066 6068 6067
6066 6069 6068
6070 6069 6066
6071 6069 6070
6070 6072 6071
6071 6072 6073
6071 6073 6074
6075 6074 6073
6075 6073 6076
6077 6078 6079
6080 6078 6077
6081 6080 6077
6082 6080 6081
6083 6082 6081
6084 6082 6083
6084 6083 6085
6086 6084 6085
6086 6085 6087
6088 6086 6087
6088 6087 6089
6090 6088 6089
6090 6089 6091
6092 6090 6091
6092 6091 6093
6094 6092 6093
6095 6096 6097
6098 6096 6095
6098 6099 6096
6100 6099 6098
6098 6101 6100
6101 6098 6102
6103 6104 6105
6105 6104 6106
6107 6108 6109
6108 6107 6110
6111 6108 6110
6108 6111 6112
6113 6112 6111
6113 6111 6114
6115 6113 6114
6115 6114 6116
6117 6115 6116
6117 6116 6118
6118 6119 6117
6118 6120 6119
6120 6121 6119
6120 6122 6121
6121 6122 6123
6121 6123 6124
6125 6126 6127
6125 6127 6128
6129 6130 6131
6132 6130 6129
6133 6130 6132
6133 6134 6130
6133 6135 6134
6135 6136 6134
6134 6136 6137
6137 6136 6138
6139 6137 6138
6139 6138 6140
6141 6137 6139
6140 6142 6139
6139 6142 6141
6140 6143 6142
6142 6144 6141
6143 6145 6142
6146 6144 6142
6146 6142 6145
6147 6148 6149
6148 6150 6149
6148 6151 6150
6151 6152 6150
6151 6153 6152
6153 6154 6152
6154 6155 6152
6156 6154 6153
6154 6156 6157
6158 6154 6157
6159 6160 6161
6161 6162 6159
6162 6161 6163
6163 6161 6164
6165 6163 6164
6164 6166 6165
6166 6167 6165
6166 6168 6167
6169 6170 6171
6170 6172 6171
6173 6172 6170
6173 6170 6174
6174 6175 6173
6174 6176 6175
6177 6178 6179
6177 6180 6178
6181 6180 6177
6181 6177 6182
6183 6184 6185
6186 6184 6183
6184 6186 6187
6188 6187 6186
6188 6189 6187
6189 6188 6190
6191 6189 6190
6192 6191 6190
6193 6194 6195
6195 6196 6193
6196 6197 6193
6196 6195 6198
6196 6199 6197
6197 6199 6200
6200 6199 6201
6201 6202 6200
6201 6203 6202
6201 6199 6204
6204 6199 6196
6196 6205 6204
6198 6205 6196
6206 6204 6205
6207 6205 6198
6205 6207 6206
6208 6207 6198
6206 6207 6209
6207 6208 6209
6209 6210 6206
6208 6211 6209
6209 6212 6210
6209 6211 6212
6211 6213 6212
6214 6215 6216
6217 6215 6214
6214 6218 6217
6219 6220 6221
6222 6220 6219
6223 6222 6219
6223 6224 6222
6224 6225 6222
6224 6226 6225
6227 6228 6229
6228 6227 6230
6231 6230 6227
6231 6227 6232
6231 6232 6233
6234 6231 6233
6235 6233 6232
6236 6234 6233
6236 6233 6235
6236 6235 6237
6236 6238 6234
6236 6237 6239
6240 6238 6236
6236 6239 6240
6240 6241 6238
6240 6242 6241
6239 6243 6240
6243 6242 6240
6244 6243 6239
6243 6244 6245
6243 6246 6242
6245 6246 6243
6245 6244 6247
6246 6245 6248
6245 6247 6249
6248 6245 6250
6249 6251 6245
6251 6250 6245
6252 6253 6254
6252 6255 6253
6256 6255 6252
6256 6252 6257
6258 6256 6257
6258 6259 6256
6260 6259 6258
6260 6261 6259
6262 6261 6260
6262 6263 6261
6264 6263 6262
6264 6265 6263
6266 6265 6264
6266 6267 6265
6266 6268 6267
6268 6266 6269
6270 6271 6272
6273 6270 6272
6273 6274 6270
6273 6275 6274
6274 6275 6276
6277 6274 6276
6278 6279 6280
6281 6278 6280
6278 6281 6282
6281 6283 6282
6284 6285 6286
6284 6287 6285
6288 6287 6284
6288 6289 6287
6290 6289 6288
6290 6288 6291
6292 6290 6291
6292 6293 6290
6294 6293 6292
6294 6295 6293
6296 6295 6294
6296 6297 6295
6298 6297 6296
6298 6299 6297
6289 6300 6301
6289 6301 6302
6300 6289 6303
6304 6302 6301
6302 6304 6305
6306 6305 6304
6300 6303 6307
6308 6307 6303
6308 6309 6307
6310 6309 6308
6310 6311 6309
6312 6311 6310
6312 6313 6311
6314 6313 6312
6314 6315 6313
6316 6317 6318
6319 6316 6318
6319 6320 6316
6321 6320 6319
6321 6322 6320
6323 6322 6321
6323 6321 6324
6325 6323 6324
6326 6325 6324
6327 6328 6329
6328 6327 6330
6331 6328 6330
6331 6332 6328
6331 6333 6332
6334 6333 6331
6335 6332 6333
6336 6333 6334
6336 6335 6333
6336 6334 6337
6336 6338 6335
6338 6339 6335
6340 6339 6338
6340 6338 6341
6336 6341 6338
6342 6340 6341
6343 6336 6337
6336 6343 6341
6343 6337 6344
6345 6343 6344
6343 6345 6346
6343 6346 6341
6345 6347 6346
6346 6347 6348
6347 6349 6348
6348 6349 6350
6351 6348 6350
6352 6348 6351
6341 6346 6353
6342 6341 6353
6346 6348 6353
6354 6342 6353
6353 6348 6354
6348 6352 6354
6354 6355 6342
6352 6355 6354
6356 6355 6352
6357 6358 6359
6357 6359 6360
6361 6357 6360
6361 6362 6357
6363 6362 6361
6363 6361 6364
6365 6363 6364
6365 6364 6366
6367 6365 6366
6367 6366 6368
6369 6367 6368
6369 6368 6370
6371 6369 6370
6371 6370 6372
6371 6372 6373
6373 6374 6371
6375 6376 6377
6378 6376 6375
6378 6375 6379
6378 6379 6380
6379 6381 6380
6382 6381 6379
6383 6384 6385
6383 6386 6384
6386 6383 6387
6386 6387 6388
6389 6384 6386
6389 6386 6390
6391 6389 6390
6391 6390 6392
6393 6391 6392
6393 6394 6391
6395 6394 6393
6395 6393 6396
6397 6395 6396
6397 6396 6398
6399 6397 6398
6399 6398 6400
6401 6399 6400
6401 6400 6402
6398 6396 6403
6398 6403 6404
6400 6398 6404
6396 6405 6403
6400 6404 6406
6407 6400 6406
6407 6406 6408
6396 6409 6405
6410 6405 6409
6410 6409 6411
6411 6412 6410
6411 6413 6412
6414 6412 6413
6413 6415 6414
6416 6414 6415
6417 6418 6419
6417 6420 6418
6421 6420 6417
6418 6420 6422
6421 6423 6420
6420 6423 6422
6424 6423 6421
6424 6425 6423
6423 6425 6422
6426 6425 6424
6425 6427 6422
6426 6427 6425
6428 6422 6427
6428 6427 6426
6429 6430 6431
6429 6431 6432
6433 6434 6435
6433 6435 6436
6436 6435 6437
6436 6437 6438
6439 6440 6441
6439 6441 6442
6443 6444 6445
6443 6446 6444
6447 6446 6443
6444 6446 6448
6447 6449 6446
6446 6449 6448
6450 6449 6447
6450 6451 6449
6449 6451 6448
6452 6451 6450
6451 6453 6448
6452 6453 6451
6454 6448 6453
6454 6453 6452
6455 6456 6457
6455 6457 6458
6459 6460 6461
6459 6461 6462
6462 6461 6463
6462 6463 6464
6464 6463 6465
6464 6465 6466
6467 6468 6469
6467 6469 6470
6471 6467 6470
6469 6472 6470
6471 6470 6473
6470 6472 6473
6474 6471 6473
6474 6473 6475
6473 6472 6475
6476 6474 6475
6475 6472 6477
6476 6475 6477
6478 6477 6472
6478 6476 6477
6479 6480 6481
6479 6481 6482
6483 6484 6485
6483 6486 6484
6486 6487 6484
6486 6488 6487
6488 6489 6487
6488 6490 6489
6491 6492 6493
6491 6493 6494
6495 6491 6494
6493 6496 6494
6495 6494 6497
6494 6496 6497
6498 6495 6497
6498 6497 6499
6497 6496 6499
6500 6498 6499
6499 6496 6501
6500 6499 6501
6502 6501 6496
6502 6500 6501
6503 6504 6505
6503 6505 6506
6507 6508 6509
6507 6510 6508
6510 6511 6508
6510 6512 6511
6513 6514 6515
6513 6515 6516
6517 6518 6519
6519 6518 6520
6520 6521 6519
6522 6521 6520
6523 6522 6520
6524 6522 6523
6523 6525 6524
6526 6527 6528
6527 6526 6529
6529 6530 6527
6531 6529 6526
6532 6529 6531
6533 6529 6532
6534 6533 6532
6535 6533 6534
6536 6537 6538
6536 6539 6537
6540 6539 6536
6540 6541 6539
6542 6543 6544
6543 6545 6544
6544 6545 6546
6547 6548 6549
6547 6549 6550
6550 6549 6551
6550 6551 6552
6552 6551 6553
6552 6553 6554
6554 6553 6555
6556 6557 6558
6558 6559 6556
6560 6559 6558
6561 6559 6560
6562 6561 6560
6562 6560 6563
6564 6562 6563
6564 6565 6562
6566 6565 6564
6566 6564 6567
6566 6567 6568
6569 6570 6571
6571 6572 6569
6571 6573 6572
6572 6573 6574
6574 6573 6575
6576 6573 6571
6575 6573 6576
6576 6577 6575
6577 6576 6578
6577 6578 6579
6577 6579 6580
6580 6579 6581
6580 6581 6582
6582 6581 6583
6582 6583 6584
6585 6584 6583
6583 6586 6585
6587 6584 6585
6588 6585 6586
6587 6585 6588
6589 6590 6591
6589 6591 6592
6593 6589 6592
6593 6594 6589
6595 6593 6592
6592 6591 6596
6595 6592 6596
6591 6597 6596
6597 6595 6596
6591 6598 6597
6597 6599 6595
6597 6598 6600
6601 6599 6597
6597 6600 6602
6601 6597 6602
6602 6600 6603
6604 6601 6602
6602 6603 6605
6604 6602 6605
6605 6603 6606
6607 6604 6605
6605 6606 6608
6607 6605 6608
6608 6606 6609
6610 6607 6608
6608 6609 6611
6610 6608 6611
6609 6612 6611
6612 6610 6611
6613 6614 6615
6613 6615 6616
6617 6618 6619
6618 6620 6619
6620 6618 6621
6622 6620 6621
6623 6620 6622
6624 6623 6622
6623 6624 6625
6626 6627 6628
6628 6629 6626
6629 6628 6630
6631 6626 6629
6632 6631 6629
6633 6632 6629
6634 6632 6633
6635 6634 6633
6636 6637 6638
6636 6638 6639
6640 6636 6639
6640 6639 6641
6642 6643 6644
6644 6643 6645
6643 6646 6645
6647 6648 6649
6647 6650 6648
6650 6651 6648
6650 6652 6651
6652 6653 6651
6652 6654 6653
6654 6655 6653
6656 6657 6658
6656 6659 6657
6660 6659 6656
6657 6659 6661
6660 6662 6659
6659 6662 6661
6663 6662 6660
6663 6664 6662
6662 6664 6661
6665 6664 6663
6664 6666 6661
6665 6666 6664
6667 6661 6666
6667 6666 6665
6668 6669 6670
6668 6670 6671
6672 6673 6674
6672 6674 6675
6675 6674 6676
6675 6676 6677
6678 6679 6680
6678 6680 6681
6682 6683 6684
6682 6685 6683
6686 6685 6682
6683 6685 6687
6686 6688 6685
6685 6688 6687
6689 6688 6686
6689 6690 6688
6688 6690 6687
6691 6690 6689
6690 6692 6687
6691 6692 6690
6693 6687 6692
6693 6692 6691
6694 6695 6696
6694 6696 6697
6698 6699 6700
6698 6700 6701
6701 6700 6702
6701 6702 6703
6703 6702 6704
6703 6704 6705
6706 6707 6708
6706 6708 6709
6710 6706 6709
6708 6711 6709
6710 6709 6712
6709 6711 6712
6713 6710 6712
6713 6712 6714
6712 6711 6714
6715 6713 6714
6714 6711 6716
6715 6714 6716
6717 6716 6711
6717 6715 6716
6718 6719 6720
6718 6720 6721
6722 6723 6724
6722 6725 6723
6725 6726 6723
6725 6727 6726
6727 6728 6726
6727 6729 6728
6730 6731 6732
6730 6732 6733
6734 6730 6733
6732 6735 6733
6734 6733 6736
6733 6735 6736
6737 6734 6736
6737 6736 6738
6736 6735 6738
6739 6737 6738
6738 6735 6740
6739 6738 6740
6741 6740 6735
6741 6739 6740
6742 6743 6744
6742 6744 6745
6746 6747 6748
6746 6749 6747
6749 6750 6747
6749 6751 6750
6752 6753 6754
6752 6754 6755
6756 6757 6758
6759 6757 6756
6756 6758 6760
6761 6756 6760
6756 6762 6759
6763 6756 6761
6762 6756 6764
6756 6763 6764
6764 6765 6762
6766 6764 6763
6765 6764 6767
6767 6764 6766
6767 6768 6765
6766 6769 6767
6768 6767 6770
6767 6769 6770
6768 6770 6771
6771 6772 6768
6773 6768 6772
6772 6774 6773
6772 6775 6774
6774 6775 6776
6774 6776 6773
6775 6777 6776
6775 6778 6777
6779 6778 6775
6772 6771 6780
6775 6772 6780
6771 6781 6780
6771 6770 6782
6781 6771 6782
6783 6782 6770
6770 6769 6783
6783 6781 6782
6769 6784 6783
6784 6769 6785
6781 6783 6786
6783 6784 6786
6784 6787 6786
6787 6784 6788
6785 6788 6784
6785 6789 6788
6788 6789 6787
6789 6790 6787
6790 6791 6787
6791 6792 6787
6787 6793 6786
6792 6794 6787
6794 6793 6787
6795 6794 6792
6792 6796 6795
6797 6795 6796
6798 6795 6797
6798 6797 6799
6798 6799 6800
6798 6800 6801
6798 6801 6802
6798 6802 6803
6802 6804 6803
6803 6804 6779
6786 6793 6805
6805 6781 6786
6781 6805 6806
6807 6805 6793
6805 6807 6806
6794 6807 6793
6808 6807 6794
6808 6806 6807
6794 6795 6808
6798 6809 6795
6798 6803 6809
6795 6810 6808
6809 6810 6795
6808 6810 6811
6811 6810 6809
6806 6808 6811
6809 6812 6811
6803 6812 6809
6811 6812 6813
6813 6812 6803
6813 6806 6811
6814 6781 6806
6780 6781 6814
6815 6813 6803
6779 6815 6803
6815 6779 6775
6806 6813 6816
6816 6814 6806
6813 6815 6816
6775 6780 6817
6814 6817 6780
6817 6815 6775
6816 6815 6817
6814 6816 6817
6818 6819 6820
6821 6819 6818
6818 6820 6822
6823 6818 6822
6818 6824 6821
6825 6818 6823
6824 6818 6826
6818 6825 6826
6826 6827 6824
6828 6826 6825
6827 6826 6829
6829 6826 6828
6829 6830 6827
6828 6831 6829
6830 6829 6832
6829 6831 6832
6830 6832 6833
6833 6834 6830
6835 6830 6834
6834 6836 6835
6834 6837 6836
6836 6837 6838
6836 6838 6835
6837 6839 6838
6837 6840 6839
6841 6840 6837
6834 6833 6842
6837 6834 6842
6833 6843 6842
6833 6832 6844
6843 6833 6844
6845 6844 6832
6832 6831 6845
6845 6843 6844
6831 6846 6845
6846 6831 6847
6843 6845 6848
6845 6846 6848
6846 6849 6848
6849 6846 6850
6847 6850 6846
6847 6851 6850
6850 6851 6849
6851 6852 6849
6852 6853 6849
6853 6854 6849
6849 6855 6848
6854 6856 6849
6856 6855 6849
6857 6856 6854
6854 6858 6857
6859 6857 6858
6860 6857 6859
6860 6859 6861
6860 6861 6862
6860 6862 6863
6860 6863 6864
6860 6864 6865
6864 6866 6865
6865 6866 6841
6848 6855 6867
6867 6843 6848
6843 6867 6868
6869 6867 6855
6867 6869 6868
6856 6869 6855
6870 6869 6856
6870 6868 6869
6856 6857 6870
6860 6871 6857
6860 6865 6871
6857 6872 6870
6871 6872 6857
6870 6872 6873
6873 6872 6871
6868 6870 6873
6871 6874 6873
6865 6874 6871
6873 6874 6875
6875 6874 6865
6875 6868 6873
6876 6843 6868
6842 6843 6876
6877 6875 6865
6841 6877 6865
6877 6841 6837
6868 6875 6878
6878 6876 6868
6875 6877 6878
6837 6842 6879
6876 6879 6842
6879 6877 6837
6878 6877 6879
6876 6878 6879
6880 6881 6882
6883 6881 6880
6880 6882 6884
6885 6880 6884
6880 6886 6883
6887 6880 6885
6886 6880 6888
6880 6887 6888
6888 6889 6886
6890 6888 6887
6889 6888 6891
6891 6888 6890
6891 6892 6889
6890 6893 6891
6892 6891 6894
6891 6893 6894
6892 6894 6895
6895 6896 6892
6897 6892 6896
6896 6898 6897
6896 6899 6898
6898 6899 6900
6898 6900 6897
6899 6901 6900
6899 6902 6901
6903 6902 6899
6896 6895 6904
6899 6896 6904
6895 6905 6904
6895 6894 6906
6905 6895 6906
6907 6906 6894
6894 6893 6907
6907 6905 6906
6893 6908 6907
6908 6893 6909
6905 6907 6910
6907 6908 6910
6908 6911 6910
6911 6908 6912
6909 6912 6908
6909 6913 6912
6912 6913 6911
6913 6914 6911
6914 6915 6911
6915 6916 6911
6911 6917 6910
6916 6918 6911
6918 6917 6911
6919 6918 6916
6916 6920 6919
6921 6919 6920
6922 6919 6921
6922 6921 6923
6922 6923 6924
6922 6924 6925
6922 6925 6926
6922 6926 6927
6926 6928 6927
6927 6928 6903
6910 6917 6929
6929 6905 6910
6905 6929 6930
6931 6929 6917
6929 6931 6930
6918 6931 6917
6932 6931 6918
6932 6930 6931
6918 6919 6932
6922 6933 6919
6922 6927 6933
6919 6934 6932
6933 6934 6919
6932 6934 6935
6935 6934 6933
6930 6932 6935
6933 6936 6935
6927 6936 6933
6935 6936 6937
6937 6936 6927
6937 6930 6935
6938 6905 6930
6904 6905 6938
6939 6937 6927
6903 6939 6927
6939 6903 6899
6930 6937 6940
6940 6938 6930
6937 6939 6940
6899 6904 6941
6938 6941 6904
6941 6939 6899
6940 6939 6941
6938 6940 6941
6942 6943 6944
6945 6942 6944
6942 6946 6943
6947 6946 6942
6942 6945 6948
6949 6947 6942
6948 6950 6942
6942 6950 6949
6950 6948 6951
6952 6949 6950
6951 6953 6950
6953 6952 6950
6953 6951 6954
6952 6953 6955
6954 6956 6953
6953 6956 6955
6954 6957 6956
6957 6954 6958
6959 6958 6954
6958 6959 6960
6958 6960 6961
6960 6962 6961
6960 6959 6962
6961 6962 6963
6961 6963 6964
6965 6961 6964
6958 6966 6957
6961 6966 6958
6957 6966 6967
6957 6968 6956
6967 6968 6957
6969 6956 6968
6956 6969 6955
6969 6968 6967
6955 6969 6970
6970 6971 6955
6967 6972 6969
6969 6972 6970
6970 6972 6973
6973 6974 6970
6971 6970 6974
6971 6974 6975
6974 6973 6975
6975 6973 6976
6976 6973 6977
6977 6973 6978
6973 6972 6979
6978 6973 6980
6980 6973 6979
6981 6978 6980
6978 6981 6982
6983 6982 6981
6984 6983 6981
6984 6985 6983
6984 6986 6985
6984 6987 6986
6984 6988 6987
6984 6989 6988
6988 6989 6990
6989 6965 6990
6972 6991 6979
6991 6972 6967
6967 6992 6991
6993 6979 6991
6991 6992 6993
6980 6979 6993
6994 6980 6993
6994 6993 6992
6980 6994 6981
6984 6981 6995
6984 6995 6989
6981 6994 6996
6995 6981 6996
6994 6997 6996
6997 6995 6996
6992 6997 6994
6995 6997 6998
6989 6995 6998
6997 6999 6998
6999 6989 6998
6999 6997 6992
7000 6992 6967
6966 7000 6967
7001 6989 6999
6965 6989 7001
7001 6961 6965
6992 7002 6999
7002 6992 7000
6999 7002 7001
6961 7003 6966
7000 6966 7003
7000 7003 7002
7003 6961 7001
7002 7003 7001
7004 7005 7006
7007 7004 7006
7004 7008 7005
7009 7008 7004
7004 7007 7010
7011 7009 7004
7010 7012 7004
7004 7012 7011
7012 7010 7013
7014 7011 7012
7013 7015 7012
7015 7014 7012
7015 7013 7016
7014 7015 7017
7016 7018 7015
7015 7018 7017
7016 7019 7018
7019 7016 7020
7021 7020 7016
7020 7021 7022
7020 7022 7023
7022 7024 7023
7022 7021 7024
7023 7024 7025
7023 7025 7026
7027 7023 7026
7020 7028 7019
7023 7028 7020
7019 7028 7029
7019 7030 7018
7029 7030 7019
7031 7018 7030
7018 7031 7017
7031 7030 7029
7017 7031 7032
7032 7033 7017
7029 7034 7031
7031 7034 7032
7032 7034 7035
7035 7036 7032
7033 7032 7036
7033 7036 7037
7036 7035 7037
7037 7035 7038
7038 7035 7039
7039 7035 7040
7035 7034 7041
7040 7035 7042
7042 7035 7041
7043 7040 7042
7040 7043 7044
7045 7044 7043
7046 7045 7043
7046 7047 7045
7046 7048 7047
7046 7049 7048
7046 7050 7049
7046 7051 7050
7050 7051 7052
7051 7027 7052
7034 7053 7041
7053 7034 7029
7029 7054 7053
7055 7041 7053
7053 7054 7055
7042 7041 7055
7056 7042 7055
7056 7055 7054
7042 7056 7043
7046 7043 7057
7046 7057 7051
7043 7056 7058
7057 7043 7058
7056 7059 7058
7059 7057 7058
7054 7059 7056
7057 7059 7060
7051 7057 7060
7059 7061 7060
7061 7051 7060
7061 7059 7054
7062 7054 7029
7028 7062 7029
7063 7051 7061
7027 7051 7063
7063 7023 7027
7054 7064 7061
7064 7054 7062
7061 7064 7063
7023 7065 7028
7062 7028 7065
7062 7065 7064
7065 7023 7063
7064 7065 7063
7066 7067 7068
7069 7066 7068
7066 7070 7067
7071 7070 7066
7066 7069 7072
7073 7071 7066
7072 7074 7066
7066 7074 7073
7074 7072 7075
7076 7073 7074
7075 7077 7074
7077 7076 7074
7077 7075 7078
7076 7077 7079
7078 7080 7077
7077 7080 7079
7078 7081 7080
7081 7078 7082
7083 7082 7078
7082 7083 7084
7082 7084 7085
7084 7086 7085
7084 7083 7086
7085 7086 7087
7085 7087 7088
7089 7085 7088
7082 7090 7081
7085 7090 7082
7081 7090 7091
7081 7092 7080
7091 7092 7081
7093 7080 7092
7080 7093 7079
7093 7092 7091
7079 7093 7094
7094 7095 7079
7091 7096 7093
7093 7096 7094
7094 7096 7097
7097 7098 7094
7095 7094 7098
7095 7098 7099
7098 7097 7099
7099 7097 7100
7100 7097 7101
7101 7097 7102
7097 7096 7103
7102 7097 7104
7104 7097 7103
7105 7102 7104
7102 7105 7106
7107 7106 7105
7108 7107 7105
7108 7109 7107
7108 7110 7109
7108 7111 7110
7108 7112 7111
7108 7113 7112
7112 7113 7114
7113 7089 7114
7096 7115 7103
7115 7096 7091
7091 7116 7115
7117 7103 7115
7115 7116 7117
7104 7103 7117
7118 7104 7117
7118 7117 7116
7104 7118 7105
7108 7105 7119
7108 7119 7113
7105 7118 7120
7119 7105 7120
7118 7121 7120
7121 7119 7120
7116 7121 7118
7119 7121 7122
7113 7119 7122
7121 7123 7122
7123 7113 7122
7123 7121 7116
7124 7116 7091
7090 7124 7091
7125 7113 7123
7089 7113 7125
7125 7085 7089
7116 7126 7123
7126 7116 7124
7123 7126 7125
7085 7127 7090
7124 7090 7127
7124 7127 7126
7127 7085 7125
7126 7127 7125
