byte offset: 0
first index: 0
index count: 16272
topology: trianglelist
format: DXGI_FORMAT_R16_UINT

0 1 2
2 3 4
2 5 6
6 7 8
8 7 9
10 11 8
8 12 13
14 15 8
16 17 18
16 19 20
21 19 22
23 24 22
22 25 23
26 25 22
22 27 28
29 27 22
30 31 32
33 34 30
35 34 36
36 37 35
38 39 35
30 40 38
41 40 30
35 42 41
43 44 45
45 46 47
47 48 45
45 49 50
51 49 45
45 52 51
53 54 55
56 57 55
55 58 59
60 58 55
61 62 55
63 64 61
63 65 66
63 67 68
69 70 71
69 72 73
69 74 75
76 77 78
79 80 78
81 82 78
78 83 84
84 85 78
86 87 88
86 89 90
89 86 91
92 93 94
93 95 96
93 97 98
99 93 98
95 100 101
100 102 101
102 100 103
100 104 105
106 107 108
109 106 110
106 111 110
106 112 113
111 114 115
112 114 116
114 117 116
118 114 119
120 121 122
120 123 124
120 125 126
120 127 128
129 130 131
132 130 133
134 130 135
136 130 137
138 139 140
141 138 142
138 141 143
144 138 143
145 138 146
147 148 146
147 149 150
149 147 151
152 153 154
155 152 156
152 155 157
158 152 157
152 158 159
160 161 162
161 163 164
163 161 165
166 167 168
167 169 170
169 167 171
172 173 174
172 175 176
172 177 178
177 172 179
180 172 181
182 180 183
184 182 185
186 182 187
188 189 190
190 191 188
192 193 190
194 195 190
196 195 192
196 197 194
198 191 196
196 199 198
200 201 202
203 204 200
203 201 205
206 204 203
205 207 203
203 208 206
203 207 209
209 208 203
210 211 212
213 211 214
210 215 213
216 217 214
210 217 218
218 219 210
210 219 220
220 221 214
222 223 224
224 225 222
226 227 228
227 226 229
227 229 230
229 231 230
229 232 231
226 233 229
233 234 229
229 234 232
232 234 235
234 236 235
236 234 237
233 237 234
236 237 238
237 239 238
239 237 240
233 240 237
239 240 241
240 242 241
240 243 242
233 243 240
243 244 242
243 245 244
243 246 245
233 246 243
233 247 246
245 246 248
249 248 246
249 246 247
249 247 250
247 251 250
252 251 247
247 233 253
226 253 233
253 226 254
255 254 226
252 247 256
247 253 256
256 253 254
257 252 256
256 254 257
254 258 259
258 260 259
260 258 261
260 261 262
261 263 262
258 264 261
258 265 264
265 258 254
266 264 265
261 267 263
268 265 254
266 265 268
269 268 254
269 270 268
270 266 268
270 271 266
266 271 272
273 266 272
261 274 267
264 274 261
267 274 275
274 276 275
273 277 266
264 266 277
273 278 277
279 277 278
276 274 280
264 280 274
276 280 281
280 282 281
283 277 279
264 277 283
283 279 284
283 284 285
264 286 280
282 280 286
264 283 286
286 283 285
282 286 287
286 285 287
288 289 290
288 290 291
292 291 293
293 294 292
294 295 292
294 296 295
295 296 297
298 295 297
292 299 291
295 299 292
295 300 299
300 295 301
298 301 295
299 302 291
302 299 300
298 303 301
304 301 303
305 301 304
300 301 305
305 304 306
305 306 307
308 305 307
300 305 308
308 307 309
310 308 309
310 311 308
300 308 311
311 310 312
313 311 312
313 314 311
300 311 314
314 313 315
316 314 315
300 314 317
317 314 316
317 316 318
317 318 319
302 300 317
320 317 319
320 302 317
302 320 321
322 323 324
322 324 325
326 322 325
325 327 326
327 328 326
326 329 322
327 330 328
326 331 329
328 331 326
332 329 331
332 331 333
333 334 332
328 335 331
335 333 331
333 336 334
337 334 336
335 338 333
338 336 333
337 336 339
339 340 337
339 341 340
341 342 340
341 343 342
343 344 342
343 345 344
346 344 345
341 347 343
347 345 343
339 348 341
341 348 347
349 339 336
339 349 348
338 350 336
349 336 350
338 351 350
349 350 351
346 345 352
353 346 352
353 352 354
355 353 354
354 356 355
357 352 345
357 354 352
347 358 345
357 345 358
348 359 347
359 358 347
349 360 348
348 360 359
354 361 356
356 361 362
362 361 363
363 361 364
365 361 354
357 365 354
366 364 361
365 366 361
367 365 357
366 365 367
368 357 358
367 357 368
349 369 360
349 351 369
366 370 364
371 364 370
371 370 372
368 358 373
359 373 358
369 374 360
369 375 374
351 375 369
360 374 376
360 376 359
359 376 377
359 377 373
373 377 378
373 378 368
368 378 379
368 379 367
351 380 375
367 379 381
382 380 351
338 382 351
382 383 380
335 382 338
367 381 384
366 367 384
384 381 385
383 382 386
335 386 382
383 386 387
386 335 328
388 366 384
384 385 388
388 370 366
388 385 389
390 387 386
386 328 390
390 391 387
392 370 388
392 393 370
388 389 394
392 388 394
394 395 392
396 395 394
394 389 397
394 397 396
397 398 396
397 399 398
390 328 400
400 328 330
390 400 401
390 401 391
400 330 402
401 400 402
391 401 403
391 403 404
405 404 403
401 405 403
405 406 404
330 407 402
408 407 330
401 402 409
401 409 405
410 406 405
410 411 406
411 410 412
410 413 412
410 414 413
405 415 410
405 409 415
410 415 414
409 402 416
409 416 415
416 414 415
416 402 407
416 417 414
416 418 417
416 407 418
418 419 417
420 419 418
421 420 418
421 418 407
421 422 420
421 407 423
408 423 407
424 423 408
424 425 423
425 421 423
426 425 424
421 427 422
425 427 421
426 428 425
428 427 425
428 426 429
428 429 430
431 422 427
428 431 427
431 428 430
431 432 422
431 430 433
431 434 432
433 434 431
435 436 437
435 437 438
439 435 438
438 437 440
439 438 441
441 442 439
438 440 443
441 438 443
443 440 444
441 445 442
443 445 441
443 446 445
445 447 442
443 444 448
448 446 443
448 444 449
445 450 447
446 450 445
450 451 447
452 451 450
453 451 452
454 453 452
450 455 452
455 454 452
446 456 450
450 456 455
454 455 457
454 457 458
458 457 459
457 460 459
460 461 459
460 462 461
455 456 463
456 446 463
457 455 464
455 463 464
457 464 460
446 465 463
464 463 465
460 464 466
464 465 466
446 467 465
448 467 446
467 448 468
448 449 468
449 469 468
449 470 469
469 470 471
471 472 469
473 467 468
465 467 473
469 473 468
474 473 469
472 475 469
474 469 475
475 472 476
465 473 477
466 465 477
477 473 474
475 476 478
478 474 475
478 476 479
478 479 480
480 474 478
480 479 481
480 481 482
482 481 483
480 484 474
482 484 480
477 474 485
485 474 484
466 477 486
486 477 485
487 466 486
460 466 487
460 487 488
460 488 462
462 488 489
462 489 490
462 490 491
491 490 492
492 490 493
490 494 493
494 490 495
495 490 489
494 495 496
495 497 496
497 495 498
495 499 498
495 500 499
499 500 501
501 500 502
502 500 503
500 504 503
495 489 505
495 505 506
495 506 507
500 495 507
500 507 508
508 504 500
508 509 504
509 510 504
511 504 510
512 511 510
510 513 512
510 514 513
515 514 510
515 516 514
515 517 516
515 518 517
515 519 518
520 519 515
521 519 520
522 521 520
522 523 521
522 524 523
522 525 524
525 526 524
520 527 522
527 525 522
525 528 526
528 529 526
528 530 529
531 528 525
527 531 525
532 531 527
520 533 527
515 533 520
532 527 533
515 532 533
534 530 528
531 534 528
534 535 530
536 534 531
532 536 531
537 535 534
536 537 534
537 538 535
539 538 537
539 537 540
540 537 536
541 539 540
541 542 539
543 542 541
544 543 541
545 540 536
545 541 540
546 544 541
547 544 546
548 546 541
548 541 545
549 545 536
549 536 532
547 546 550
548 550 546
551 547 550
551 552 547
553 548 545
553 545 549
554 550 548
554 551 550
555 552 551
555 556 552
557 548 553
557 554 548
558 551 554
558 555 551
559 556 555
559 560 556
561 560 559
561 559 562
563 559 555
563 555 558
562 559 563
564 558 554
564 554 557
565 563 558
565 558 564
562 563 566
566 563 565
566 565 567
562 566 568
569 566 567
570 562 568
571 562 570
562 571 572
572 561 562
561 572 573
574 561 573
567 575 569
567 576 575
567 577 576
567 578 577
578 579 577
578 580 579
580 578 581
582 581 578
583 582 578
583 584 582
584 583 585
585 583 586
583 587 586
588 578 567
588 567 565
564 588 565
578 589 583
578 588 589
564 590 588
590 589 588
557 590 564
583 589 591
583 591 587
557 592 590
553 592 557
590 593 589
591 589 593
592 593 590
553 594 592
549 594 553
592 595 593
594 595 592
591 593 596
596 593 595
587 591 597
597 591 596
587 597 598
599 587 598
598 600 599
598 601 600
598 602 601
598 603 602
603 604 602
603 605 604
606 605 603
603 607 606
603 608 607
609 598 597
609 603 598
597 596 610
610 609 597
603 611 608
612 608 611
611 613 612
611 614 613
615 603 609
615 611 603
610 596 616
596 595 616
610 617 609
617 615 609
618 611 615
618 614 611
616 595 619
594 619 595
610 616 620
620 617 610
617 621 615
621 618 615
622 619 594
549 622 594
532 622 549
616 619 623
620 616 623
620 624 617
624 621 617
532 625 622
515 625 532
510 625 515
622 626 619
625 626 622
623 619 626
510 627 625
625 627 626
509 627 510
628 626 627
623 626 628
628 627 509
620 623 629
629 623 628
629 624 620
630 628 509
629 628 630
630 509 508
629 631 624
630 631 629
508 632 630
630 632 631
508 633 632
508 634 633
634 635 633
635 636 633
636 637 633
637 638 633
638 489 633
489 632 633
631 639 624
624 639 621
632 640 631
631 640 639
489 641 632
632 641 640
639 642 621
621 642 618
489 643 641
489 488 643
640 644 639
639 644 642
641 645 640
641 643 645
640 645 644
642 646 618
646 614 618
646 647 614
614 647 648
647 649 648
647 650 649
647 651 650
647 652 651
652 653 651
652 654 653
655 654 652
656 655 652
652 657 656
657 658 656
659 658 657
660 659 657
657 661 660
662 652 647
662 647 646
663 657 652
663 652 662
664 662 646
642 664 646
644 664 642
664 665 662
665 663 662
644 666 664
666 665 664
645 666 644
667 657 663
667 661 657
665 668 663
668 667 663
645 669 666
643 669 645
666 670 665
670 668 665
669 670 666
643 671 669
488 671 643
488 487 671
487 486 671
671 672 669
671 486 672
669 672 670
486 485 672
672 673 670
672 485 673
670 673 668
485 484 673
673 674 668
673 484 674
668 674 667
482 674 484
675 667 674
675 674 482
661 667 675
661 675 676
482 483 675
483 676 675
677 661 676
678 677 676
676 679 678
676 680 679
483 681 676
676 681 680
681 682 680
681 683 682
684 685 686
684 687 685
688 687 684
687 689 685
688 690 687
690 688 691
687 692 689
690 692 687
692 693 689
690 691 694
692 690 694
692 694 695
694 691 696
692 697 693
697 692 695
697 698 693
694 696 699
695 694 699
699 696 700
697 701 698
701 702 698
697 695 703
701 697 703
701 704 702
704 705 702
705 704 706
701 703 707
704 701 707
704 708 706
708 704 707
708 709 706
708 710 709
710 711 709
710 708 712
708 707 712
710 713 711
713 710 712
713 714 711
715 707 703
695 715 703
713 716 714
716 717 714
718 712 707
715 718 707
713 712 719
716 713 719
716 720 717
720 721 717
718 722 712
722 719 712
716 719 723
720 716 723
722 724 719
724 723 719
725 722 718
726 718 715
726 725 718
727 724 722
725 727 722
724 728 723
720 723 729
728 729 723
727 730 724
730 728 724
731 727 725
732 725 726
732 731 725
733 732 726
734 726 715
733 726 734
735 730 727
731 735 727
736 731 732
733 736 732
734 715 737
695 737 715
738 737 695
695 699 738
739 737 738
739 734 737
699 739 738
740 735 731
736 740 731
741 740 736
742 733 734
742 734 739
699 743 739
743 699 700
743 700 744
745 743 744
739 743 745
745 742 739
745 746 742
746 747 742
742 747 733
733 747 748
733 748 749
733 749 736
749 741 736
749 750 741
749 751 750
751 752 750
750 752 753
750 753 754
754 755 750
755 741 750
754 756 755
756 757 755
757 758 755
758 759 755
759 760 755
759 761 760
761 762 760
760 762 763
760 763 764
755 765 741
755 766 765
767 766 755
760 767 755
760 768 767
768 760 764
768 764 769
769 764 770
770 764 771
772 770 771
770 772 773
770 773 774
775 770 774
775 774 776
775 776 777
775 777 778
775 778 779
780 775 779
781 780 779
782 780 781
782 781 783
782 783 784
782 784 785
785 784 786
780 782 787
787 782 785
785 786 788
788 786 789
788 789 790
791 785 788
787 785 791
792 787 791
780 787 793
775 780 793
792 793 787
775 793 792
794 788 790
791 788 794
794 790 795
796 791 794
792 791 796
797 794 795
796 794 797
797 795 798
799 797 798
796 797 799
799 798 800
801 799 800
801 800 802
801 802 803
801 803 804
805 796 799
805 799 801
801 804 806
807 806 804
808 801 806
808 805 801
809 796 805
809 792 796
807 810 806
808 806 810
811 810 807
811 807 812
813 809 805
813 805 808
814 808 810
814 810 811
815 811 812
815 812 816
817 813 808
817 808 814
818 814 811
818 811 815
819 815 816
819 816 820
821 819 820
821 822 819
823 815 819
823 818 815
822 823 819
824 814 818
824 817 814
825 818 823
825 824 818
822 826 823
826 825 823
827 826 822
828 827 822
829 828 822
830 829 822
830 822 821
831 830 821
832 831 821
826 833 825
834 833 826
834 835 833
835 836 833
833 836 837
833 837 838
825 833 838
837 839 838
839 840 838
838 840 841
838 841 842
838 842 843
825 838 844
824 825 844
838 843 845
843 846 845
846 847 845
847 848 845
824 844 849
817 824 849
838 850 844
838 845 850
849 844 850
817 849 851
813 817 851
845 852 850
845 848 852
849 850 853
851 849 853
852 853 850
813 851 854
809 813 854
851 853 855
854 851 855
852 856 853
856 855 853
848 857 852
857 856 852
809 854 858
792 809 858
854 855 859
858 854 859
856 860 855
860 859 855
792 858 861
775 792 861
770 775 861
858 859 862
861 858 862
770 861 863
861 862 863
769 770 863
864 862 859
860 864 859
865 863 862
865 769 863
864 865 862
866 860 856
857 866 856
867 769 865
867 768 769
868 865 864
868 867 865
869 864 860
866 869 860
869 868 864
768 867 870
768 870 871
768 871 872
871 873 872
871 874 873
874 871 875
871 876 875
871 741 876
871 877 741
871 870 877
741 877 740
867 868 878
867 878 870
868 869 879
868 879 878
870 880 877
870 878 880
877 881 740
877 880 881
740 881 735
878 882 880
878 879 882
869 883 879
869 866 883
880 884 881
880 882 884
881 885 735
881 884 885
735 885 730
879 886 882
879 883 886
866 887 883
866 857 887
882 888 884
882 886 888
884 889 885
884 888 889
885 890 730
885 889 890
730 890 728
883 891 886
883 887 891
857 892 887
857 893 892
887 892 894
887 894 891
848 893 857
895 893 848
895 896 893
896 897 893
893 897 898
893 898 892
898 899 892
899 900 892
892 900 901
892 901 902
892 902 903
892 903 894
894 903 904
894 904 905
894 905 906
891 894 906
891 906 907
907 906 908
886 891 907
906 909 908
909 910 908
910 911 908
886 907 888
908 911 912
908 912 913
912 914 913
914 915 913
913 915 916
913 916 917
913 917 918
917 919 918
918 919 920
918 920 921
918 921 922
888 907 923
907 908 923
923 908 913
888 923 889
923 913 924
889 923 924
924 913 918
889 924 890
924 918 925
890 924 925
925 918 922
890 925 728
728 925 729
925 922 729
922 720 729
922 926 720
926 922 927
928 926 927
928 929 926
926 929 930
720 926 721
926 930 721
930 931 721
931 932 721
933 934 935
934 933 936
937 934 936
937 936 938
938 939 937
938 940 939
941 939 940
941 940 942
942 943 941
933 944 936
938 936 945
944 945 936
938 946 940
946 938 945
947 942 940
946 947 940
944 933 948
948 933 949
948 949 950
951 950 949
952 950 951
953 952 951
952 953 954
953 955 954
956 948 950
957 950 952
956 950 957
954 958 952
957 952 958
955 959 954
958 954 959
960 944 948
960 948 956
961 959 955
962 961 955
962 963 961
962 964 963
958 965 957
966 956 957
966 957 965
967 956 966
967 960 956
958 959 968
968 965 958
969 966 965
967 966 969
968 970 965
969 965 970
971 963 964
972 961 963
972 963 971
971 964 973
973 964 974
973 974 975
975 974 976
975 976 977
977 976 978
977 978 979
980 979 978
980 981 979
979 981 982
981 980 983
981 983 984
982 981 984
984 983 985
977 979 986
979 982 986
984 985 987
987 985 988
987 988 989
989 988 990
984 987 991
991 987 989
982 984 992
984 991 992
989 990 993
989 993 994
993 990 995
993 995 996
994 993 996
995 997 996
995 998 997
991 989 999
989 994 999
994 996 1000
1000 996 997
1001 997 998
1001 998 1002
1002 1003 1001
1002 1004 1003
1005 1003 1004
1005 1004 1006
1007 1005 1006
1007 1006 1008
1009 1007 1008
1009 1008 1010
1011 1009 1010
1011 1010 1012
1011 1012 1013
1011 1013 1014
1014 1009 1011
1014 1015 1009
1015 1007 1009
1015 1016 1007
1016 1005 1007
1016 1017 1005
1017 1003 1005
1017 1018 1003
1001 1003 1018
1019 1001 1018
997 1001 1019
997 1019 1020
1021 1020 1019
1000 997 1020
1020 1021 1022
1020 1022 1000
994 1000 1022
994 1022 1023
1024 994 1023
1024 999 994
1024 1025 999
1025 991 999
1025 1026 991
1026 992 991
1026 1027 992
1027 982 992
1027 1028 982
982 1028 1029
982 1029 986
1030 986 1029
1031 986 1030
1031 1030 1032
977 986 1031
1031 1032 1033
977 1031 1034
1031 1033 1034
977 1034 975
1034 1033 1035
1036 975 1034
1034 1035 1036
1036 973 975
1036 1035 1037
1038 973 1036
1036 1037 1038
1038 971 973
1038 1037 1039
1040 971 1038
1040 972 971
1038 1039 1041
1040 1038 1041
1042 1041 1039
1042 1040 1041
1042 1039 1043
1044 972 1040
961 972 1044
1042 1045 1040
1044 1040 1045
1046 1042 1043
1046 1043 1047
1048 1046 1047
1042 1049 1045
1042 1046 1049
961 1044 1050
961 1050 959
959 1050 1051
1044 1051 1050
959 1051 968
1052 1044 1045
1044 1052 1051
1052 1045 1049
968 1051 1053
1053 1051 1052
968 1053 970
1049 1054 1052
1053 1052 1054
1046 1055 1049
1049 1055 1054
1056 970 1053
1056 969 970
1053 1054 1057
1055 1057 1054
1053 1057 1056
1046 1058 1055
1048 1058 1046
1055 1059 1057
1058 1059 1055
1060 1058 1048
1058 1060 1059
1060 1048 1061
1056 1057 1062
1062 1057 1059
1063 969 1056
1056 1062 1063
1064 1060 1061
1064 1061 1065
1066 1059 1060
1062 1059 1066
1066 1060 1064
1067 1064 1065
1067 1065 1068
1069 1067 1068
1069 1070 1067
1067 1070 1071
1072 1064 1067
1067 1071 1072
1072 1066 1064
1073 1072 1071
1066 1074 1062
1066 1072 1074
1073 1074 1072
1074 1063 1062
1075 1074 1073
1074 1075 1063
1075 1073 1076
1077 1075 1076
1077 1078 1075
1078 1063 1075
1079 1078 1077
1080 1063 1078
1063 1080 969
967 969 1080
1081 1080 1078
967 1080 1081
1079 1081 1078
1081 960 967
1082 1081 1079
1081 1082 960
1082 1079 1083
1082 944 960
1084 1082 1083
1084 944 1082
1084 1083 1085
944 1084 945
1084 1085 1086
1084 1086 945
1085 1087 1086
946 945 1086
1086 1087 946
1087 1088 946
1088 947 946
1089 947 1088
1089 1090 947
1089 1091 1090
947 1090 942
1091 1092 1090
1091 1093 1092
1094 1092 1093
1090 1095 942
1090 1092 1095
942 1095 943
1094 1096 1092
1096 1095 1092
1097 1096 1094
1098 943 1095
1096 1098 1095
1098 1099 943
1097 1100 1096
1100 1098 1096
1097 1101 1100
1099 1098 1102
1100 1102 1098
1099 1102 1103
1101 1104 1100
1104 1102 1100
1105 1104 1101
1103 1102 1106
1106 1102 1104
1107 1103 1106
1108 1107 1106
1105 1109 1104
1106 1104 1109
1109 1105 1110
1109 1110 1111
1112 1106 1109
1112 1109 1111
1108 1106 1112
1112 1111 1113
1114 1112 1113
1115 1112 1114
1108 1112 1115
1115 1116 1108
1117 1118 1115
1119 1117 1115
1117 1120 1118
1121 1118 1120
1122 1121 1120
1123 1121 1122
1122 1124 1123
1123 1124 1125
1126 1120 1117
1127 1122 1120
1126 1127 1120
1124 1122 1128
1127 1128 1122
1129 1117 1119
1129 1126 1117
1125 1124 1130
1128 1130 1124
1128 1127 1131
1132 1127 1126
1132 1131 1127
1133 1132 1126
1133 1126 1129
1128 1134 1130
1134 1128 1131
1135 1131 1132
1133 1135 1132
1134 1131 1136
1135 1136 1131
1137 1129 1119
1138 1133 1129
1138 1129 1137
1133 1139 1135
1133 1138 1139
1140 1137 1119
1140 1119 1141
1140 1142 1137
1140 1143 1142
1137 1142 1144
1137 1144 1138
1144 1145 1138
1138 1145 1139
1144 1146 1145
1147 1135 1139
1139 1145 1147
1146 1148 1145
1145 1148 1147
1146 1149 1148
1148 1149 1150
1148 1150 1151
1151 1147 1148
1147 1152 1135
1152 1136 1135
1150 1153 1151
1150 1154 1153
1151 1155 1147
1152 1147 1155
1152 1156 1136
1134 1136 1156
1157 1153 1154
1157 1154 1158
1159 1157 1158
1159 1160 1157
1157 1160 1161
1157 1161 1162
1153 1157 1162
1162 1161 1163
1164 1151 1153
1153 1162 1164
1164 1155 1151
1162 1163 1165
1164 1162 1165
1165 1163 1166
1155 1164 1167
1164 1165 1167
1165 1166 1168
1168 1167 1165
1155 1167 1169
1152 1155 1169
1156 1152 1169
1166 1170 1168
1166 1171 1170
1170 1171 1172
1168 1173 1167
1173 1169 1167
1170 1173 1168
1170 1172 1174
1174 1172 1175
1173 1176 1169
1156 1169 1176
1170 1177 1173
1177 1176 1173
1174 1177 1170
1156 1176 1178
1177 1178 1176
1174 1179 1177
1178 1177 1179
1156 1178 1180
1134 1156 1180
1130 1134 1180
1178 1179 1181
1181 1180 1178
1130 1180 1182
1181 1182 1180
1125 1130 1182
1125 1182 1183
1183 1182 1181
1184 1125 1183
1174 1185 1179
1181 1179 1185
1184 1183 1186
1184 1186 1187
1183 1181 1188
1188 1186 1183
1181 1185 1188
1188 1189 1186
1189 1187 1186
1189 1188 1185
1174 1190 1185
1174 1175 1190
1190 1191 1185
1191 1190 1175
1191 1189 1185
1191 1175 1192
1189 1193 1187
1191 1193 1189
1194 1191 1192
1191 1194 1193
1194 1192 1195
1196 1194 1195
1193 1194 1196
1196 1195 1197
1198 1187 1193
1193 1196 1198
1198 1199 1187
1200 1199 1198
1200 1198 1196
1200 1201 1199
1202 1196 1197
1200 1196 1202
1202 1197 1203
1202 1203 1204
1202 1204 1205
1200 1202 1205
1204 1206 1205
1207 1205 1206
1207 1206 1208
1209 1207 1208
1210 1201 1200
1200 1205 1210
1210 1205 1207
1210 1211 1201
1212 1211 1210
1212 1210 1213
1210 1207 1213
1214 1212 1213
1207 1214 1213
1214 1215 1212
1209 1216 1207
1207 1216 1214
1217 1216 1209
1217 1218 1216
1214 1216 1218
1219 1218 1217
1220 1215 1214
1214 1218 1220
1220 1221 1215
1222 1221 1220
1218 1222 1220
1222 1223 1221
1219 1224 1218
1218 1224 1222
1225 1224 1219
1225 1226 1224
1222 1224 1226
1222 1226 1227
1227 1223 1222
1227 1228 1223
1229 1230 1231
1231 1230 1232
1231 1232 1233
1231 1233 1234
1231 1234 1235
1234 1236 1235
1234 1237 1236
1237 1234 1238
1233 1238 1234
1237 1238 1239
1240 1233 1232
1233 1240 1238
1240 1232 1241
1241 1242 1240
1238 1240 1242
1243 1239 1238
1238 1242 1243
1243 1244 1239
1242 1245 1243
1244 1243 1246
1243 1245 1246
1244 1246 1247
1248 1246 1245
1249 1247 1246
1248 1249 1246
1249 1250 1247
1251 1249 1248
1252 1250 1249
1251 1252 1249
1252 1253 1250
1254 1252 1251
1255 1253 1252
1254 1255 1252
1255 1256 1253
1257 1255 1254
1258 1256 1255
1257 1258 1255
1258 1259 1256
1258 1257 1260
1258 1260 1259
1261 1262 1263
1262 1261 1264
1265 1261 1266
1267 1265 1268
1269 1267 1270
1267 1269 1271
1272 1267 1271
1267 1272 1273
1274 1275 1276
1275 1274 1277
1278 1274 1279
1274 1278 1280
1281 1274 1280
1282 1283 1284
1283 1282 1285
1282 1286 1287
1288 1282 1287
1282 1288 1289
1290 1291 1292
1290 1292 1293
1294 1293 1292
1294 1295 1293
1296 1295 1294
1296 1297 1295
1298 1297 1296
1298 1299 1297
1300 1299 1298
1300 1301 1299
1302 1301 1300
1302 1303 1301
1304 1303 1302
1304 1305 1303
1306 1305 1304
1295 1307 1293
1308 1293 1307
1308 1309 1293
1308 1310 1309
1311 1310 1308
1312 1311 1308
1313 1312 1308
1314 1312 1313
1295 1315 1307
1297 1315 1295
1307 1316 1308
1313 1308 1316
1314 1313 1317
1318 1314 1317
1313 1319 1317
1319 1318 1317
1297 1320 1315
1320 1297 1299
1320 1299 1321
1321 1299 1301
1307 1322 1316
1315 1322 1307
1316 1323 1313
1313 1323 1319
1324 1315 1320
1324 1320 1321
1319 1325 1318
1326 1318 1325
1321 1301 1327
1327 1301 1303
1315 1328 1322
1324 1328 1315
1322 1329 1316
1316 1329 1323
1328 1330 1322
1322 1330 1329
1324 1331 1328
1328 1331 1330
1321 1332 1324
1324 1332 1331
1321 1333 1332
1327 1333 1321
1327 1303 1334
1334 1303 1305
1335 1331 1332
1335 1332 1333
1335 1336 1331
1336 1330 1331
1336 1337 1330
1337 1329 1330
1337 1338 1329
1323 1329 1338
1323 1338 1339
1319 1323 1339
1319 1339 1340
1340 1325 1319
1335 1333 1341
1340 1342 1325
1341 1333 1343
1341 1343 1344
1327 1343 1333
1343 1345 1344
1334 1343 1327
1346 1325 1342
1326 1325 1346
1346 1342 1347
1348 1326 1346
1343 1349 1345
1334 1349 1343
1350 1345 1349
1351 1346 1347
1348 1346 1351
1351 1347 1352
1353 1348 1351
1354 1351 1352
1355 1353 1351
1354 1355 1351
1356 1353 1355
1355 1354 1357
1356 1355 1358
1355 1357 1358
1359 1356 1358
1359 1358 1357
1350 1349 1360
1360 1361 1350
1362 1360 1349
1363 1360 1362
1362 1349 1334
1334 1305 1362
1305 1363 1362
1360 1364 1361
1363 1364 1360
1365 1361 1364
1365 1364 1363
1365 1366 1361
1305 1367 1363
1306 1367 1305
1368 1367 1306
1363 1367 1368
1368 1306 1369
1370 1368 1369
1370 1369 1371
1372 1370 1371
1363 1368 1373
1365 1363 1373
1373 1368 1370
1374 1366 1365
1374 1375 1366
1376 1365 1373
1376 1374 1365
1375 1374 1377
1375 1377 1378
1372 1379 1370
1380 1379 1372
1373 1370 1381
1373 1381 1376
1382 1374 1376
1382 1377 1374
1378 1377 1383
1378 1383 1384
1385 1384 1383
1386 1381 1370
1386 1370 1379
1376 1381 1387
1376 1387 1382
1387 1381 1386
1380 1388 1379
1389 1388 1380
1382 1390 1377
1383 1377 1390
1382 1387 1391
1391 1387 1386
1382 1391 1390
1390 1391 1392
1393 1386 1379
1391 1386 1393
1393 1379 1388
1393 1392 1391
1389 1394 1388
1394 1389 1395
1388 1396 1393
1388 1394 1396
1393 1396 1392
1394 1395 1397
1397 1396 1394
1397 1395 1398
1397 1398 1399
1400 1399 1398
1399 1400 1401
1399 1401 1402
1402 1403 1399
1399 1403 1404
1399 1404 1405
1397 1406 1396
1399 1406 1397
1399 1405 1406
1406 1392 1396
1405 1407 1406
1406 1407 1392
1405 1408 1407
1409 1407 1408
1410 1409 1408
1392 1407 1411
1411 1407 1409
1410 1412 1409
1411 1409 1412
1410 1413 1412
1392 1411 1414
1390 1392 1414
1412 1413 1415
1413 1416 1415
1417 1411 1412
1414 1411 1417
1417 1412 1415
1414 1418 1390
1414 1417 1418
1418 1383 1390
1418 1419 1383
1417 1419 1418
1385 1383 1419
1417 1420 1419
1385 1419 1420
1415 1420 1417
1385 1420 1421
1416 1422 1415
1415 1422 1420
1421 1420 1422
1416 1423 1422
1421 1422 1424
1422 1423 1424
1425 1426 1427
1425 1428 1426
1429 1426 1428
1429 1428 1430
1431 1429 1430
1431 1430 1432
1433 1431 1432
1433 1432 1434
1435 1433 1434
1435 1434 1436
1437 1435 1436
1437 1436 1438
1439 1437 1438
1439 1438 1440
1441 1439 1440
1430 1428 1442
1443 1442 1428
1443 1428 1444
1443 1444 1445
1443 1445 1446
1447 1443 1446
1448 1443 1447
1449 1448 1447
1430 1442 1450
1432 1430 1450
1442 1443 1451
1448 1451 1443
1449 1452 1448
1453 1452 1449
1448 1452 1454
1454 1452 1453
1432 1450 1455
1455 1434 1432
1455 1456 1434
1456 1436 1434
1442 1451 1457
1450 1442 1457
1451 1448 1458
1448 1454 1458
1459 1455 1450
1459 1456 1455
1454 1453 1460
1461 1460 1453
1456 1462 1436
1462 1438 1436
1450 1457 1463
1459 1450 1463
1457 1451 1464
1451 1458 1464
1463 1457 1465
1457 1464 1465
1459 1463 1466
1463 1465 1466
1456 1459 1467
1459 1466 1467
1456 1467 1468
1462 1456 1468
1462 1469 1438
1469 1440 1438
1470 1467 1466
1470 1468 1467
1470 1466 1471
1471 1466 1465
1471 1465 1472
1472 1465 1464
1472 1464 1473
1458 1473 1464
1458 1474 1473
1454 1474 1458
1454 1475 1474
1475 1454 1460
1470 1476 1468
1475 1460 1477
1476 1478 1468
1476 1479 1478
1462 1468 1478
1478 1479 1480
1469 1462 1478
1481 1477 1460
1461 1481 1460
1481 1482 1477
1483 1481 1461
1478 1480 1484
1469 1478 1484
1485 1484 1480
1486 1482 1481
1483 1486 1481
1486 1487 1482
1488 1486 1483
1489 1487 1486
1490 1486 1488
1489 1486 1490
1491 1490 1488
1490 1492 1489
1491 1493 1490
1490 1493 1492
1494 1493 1491
1494 1492 1493
1485 1495 1484
1495 1485 1496
1497 1484 1495
1498 1497 1495
1497 1469 1484
1469 1497 1440
1440 1497 1498
1495 1496 1499
1498 1495 1499
1500 1499 1496
1500 1498 1499
1500 1496 1501
1440 1498 1502
1441 1440 1502
1503 1441 1502
1498 1503 1502
1503 1504 1441
1505 1504 1503
1505 1506 1504
1507 1506 1505
1498 1508 1503
1500 1508 1498
1508 1505 1503
1509 1500 1501
1509 1501 1510
1511 1508 1500
1511 1500 1509
1510 1512 1509
1510 1513 1512
1507 1505 1514
1515 1507 1514
1508 1516 1505
1508 1511 1516
1517 1511 1509
1517 1509 1512
1513 1518 1512
1513 1519 1518
1520 1518 1519
1521 1505 1516
1521 1514 1505
1511 1522 1516
1511 1517 1522
1522 1521 1516
1515 1514 1523
1524 1515 1523
1517 1512 1525
1518 1525 1512
1517 1526 1522
1526 1521 1522
1517 1525 1526
1525 1527 1526
1528 1514 1521
1526 1528 1521
1528 1523 1514
1528 1526 1527
1524 1523 1529
1529 1530 1524
1523 1528 1531
1523 1531 1529
1528 1527 1531
1529 1532 1530
1532 1529 1531
1532 1533 1530
1532 1534 1533
1535 1533 1534
1534 1536 1535
1534 1537 1536
1537 1534 1538
1534 1539 1538
1534 1540 1539
1532 1531 1541
1534 1532 1541
1534 1541 1540
1541 1531 1527
1540 1541 1542
1541 1527 1542
1540 1542 1543
1544 1543 1542
1545 1543 1544
1527 1546 1542
1546 1544 1542
1545 1544 1547
1546 1547 1544
1545 1547 1548
1527 1549 1546
1525 1549 1527
1547 1550 1548
1548 1550 1551
1552 1547 1546
1549 1552 1546
1552 1550 1547
1549 1525 1553
1549 1553 1552
1553 1525 1518
1553 1518 1554
1552 1553 1554
1520 1554 1518
1552 1554 1555
1520 1555 1554
1550 1552 1555
1520 1556 1555
1551 1550 1557
1550 1555 1557
1556 1557 1555
1551 1557 1558
1556 1559 1557
1557 1559 1558
1560 1561 1562
1560 1563 1561
1561 1564 1562
1561 1563 1565
1564 1561 1566
1565 1567 1561
1566 1561 1568
1567 1569 1561
1561 1570 1568
1561 1569 1571
1561 1572 1570
1561 1571 1573
1561 1574 1572
1561 1573 1574
1575 1576 1577
1575 1578 1576
1576 1579 1577
1576 1578 1580
1579 1576 1581
1580 1582 1576
1581 1576 1583
1582 1584 1576
1576 1585 1583
1576 1584 1586
1576 1587 1585
1576 1586 1588
1576 1589 1587
1576 1588 1589
1590 1591 1592
1590 1593 1591
1591 1594 1592
1591 1593 1595
1594 1591 1596
1595 1597 1591
1596 1591 1598
1597 1599 1591
1591 1600 1598
1591 1599 1601
1591 1602 1600
1591 1601 1603
1591 1604 1602
1591 1603 1604
1605 1606 1607
1605 1608 1606
1606 1609 1607
1606 1608 1610
1609 1606 1611
1610 1612 1606
1611 1606 1613
1612 1614 1606
1606 1615 1613
1606 1614 1616
1606 1617 1615
1606 1616 1618
1606 1619 1617
1606 1618 1619
1620 1621 1622
1620 1623 1621
1621 1624 1622
1621 1623 1625
1624 1621 1626
1625 1627 1621
1626 1621 1628
1627 1629 1621
1621 1630 1628
1621 1629 1631
1621 1632 1630
1621 1631 1633
1621 1634 1632
1621 1633 1634
1635 1636 1637
1635 1637 1638
1636 1639 1637
1638 1637 1640
1637 1639 1641
1637 1642 1640
1641 1643 1637
1637 1644 1642
1637 1643 1645
1637 1646 1644
1637 1645 1647
1637 1647 1646
1648 1649 1650
1648 1650 1651
1648 1652 1649
1653 1648 1651
1648 1654 1652
1655 1648 1653
1648 1656 1654
1657 1648 1655
1648 1658 1656
1657 1659 1648
1660 1658 1648
1648 1659 1660
1661 1662 1663
1661 1663 1664
1661 1665 1662
1666 1661 1664
1661 1667 1665
1668 1661 1666
1661 1669 1667
1670 1661 1668
1661 1671 1669
1670 1672 1661
1673 1671 1661
1661 1672 1673
1674 1675 1676
1674 1676 1677
1674 1678 1675
1679 1674 1677
1674 1680 1678
1681 1674 1679
1674 1682 1680
1683 1674 1681
1674 1684 1682
1683 1685 1674
1686 1684 1674
1674 1685 1686
1687 1688 1689
1687 1689 1690
1687 1691 1688
1692 1687 1690
1687 1693 1691
1694 1687 1692
1687 1695 1693
1696 1687 1694
1687 1697 1695
1698 1687 1696
1699 1697 1687
1687 1698 1699
1700 1701 1702
1703 1700 1702
1701 1704 1702
1705 1702 1704
1701 1706 1704
1706 1707 1704
1703 1702 1708
1705 1708 1702
1709 1703 1708
1710 1709 1708
1707 1711 1704
1705 1704 1711
1707 1712 1711
1712 1713 1711
1710 1708 1714
1705 1714 1708
1715 1710 1714
1716 1715 1714
1713 1717 1711
1705 1711 1717
1713 1718 1717
1718 1719 1717
1716 1714 1720
1705 1720 1714
1721 1716 1720
1722 1721 1720
1719 1723 1717
1705 1717 1723
1705 1723 1720
1722 1720 1723
1719 1724 1723
1724 1722 1723
1725 1726 1727
1726 1725 1728
1725 1729 1728
1725 1730 1729
1730 1725 1731
1725 1732 1731
1725 1733 1732
1725 1734 1733
1725 1735 1734
1725 1736 1735
1725 1737 1736
1725 1738 1737
1725 1739 1738
1740 1739 1725
1725 1741 1740
1725 1742 1741
1743 1742 1725
1725 1744 1743
1725 1745 1744
1725 1727 1745
1745 1746 1744
1745 1727 1746
1747 1748 1746
1747 1746 1749
1750 1748 1747
1750 1747 1749
1750 1751 1748
1750 1749 1752
1751 1750 1753
1752 1754 1750
1750 1755 1753
1750 1754 1756
1750 1757 1755
1750 1756 1758
1757 1750 1759
1758 1760 1750
1750 1761 1759
1750 1760 1762
1750 1763 1761
1750 1762 1764
1750 1765 1763
1750 1764 1766
1750 1767 1765
1750 1766 1767
1768 1769 1770
1768 1770 1771
1768 1772 1769
1768 1771 1773
1768 1774 1772
1775 1768 1773
1768 1776 1774
1768 1775 1777
1768 1778 1776
1768 1777 1779
1768 1780 1778
1781 1768 1779
1782 1780 1768
1768 1783 1782
1768 1784 1783
1785 1784 1768
1768 1781 1786
1768 1787 1785
1768 1786 1788
1768 1788 1787
1788 1786 1789
1788 1789 1787
1790 1791 1789
1792 1791 1790
1792 1793 1791
1793 1792 1794
1792 1795 1794
1792 1796 1795
1796 1792 1797
1792 1798 1797
1792 1799 1798
1792 1800 1799
1792 1801 1800
1792 1802 1801
1792 1803 1802
1792 1804 1803
1792 1805 1804
1806 1805 1792
1792 1807 1806
1792 1808 1807
1809 1808 1792
1792 1810 1809
1792 1790 1810
1790 1789 1810
1811 1812 1789
1811 1789 1813
1814 1812 1811
1814 1811 1813
1814 1815 1812
1814 1813 1816
1815 1814 1817
1816 1818 1814
1814 1819 1817
1814 1818 1820
1814 1821 1819
1814 1820 1822
1821 1814 1823
1822 1824 1814
1814 1825 1823
1814 1824 1826
1814 1827 1825
1814 1826 1828
1814 1829 1827
1814 1828 1830
1814 1831 1829
1814 1830 1831
1832 1833 1834
1833 1832 1835
1832 1836 1835
1837 1832 1834
1832 1838 1836
1837 1838 1832
1838 1839 1836
1837 1840 1838
1838 1840 1839
1837 1841 1840
1839 1840 1842
1842 1840 1841
1839 1842 1843
1842 1841 1844
1842 1845 1843
1846 1842 1844
1842 1846 1845
1846 1844 1847
1846 1848 1845
1849 1846 1847
1846 1850 1848
1849 1850 1846
1850 1851 1848
1852 1850 1849
1850 1853 1851
1852 1853 1850
1853 1854 1851
1852 1854 1853
1855 1856 1857
1856 1855 1858
1859 1855 1857
1855 1860 1858
1859 1861 1855
1855 1861 1860
1859 1862 1861
1860 1861 1862
1859 1863 1862
1864 1862 1863
1860 1862 1865
1865 1862 1864
1864 1863 1866
1865 1864 1867
1868 1864 1866
1864 1869 1867
1868 1870 1864
1864 1870 1869
1871 1870 1868
1870 1872 1869
1871 1873 1870
1870 1873 1872
1874 1873 1871
1872 1873 1874
1874 1871 1875
1872 1874 1876
1877 1874 1875
1874 1878 1876
1877 1879 1874
1874 1879 1878
1880 1879 1877
1879 1881 1878
1880 1882 1879
1879 1882 1881
1880 1883 1882
1882 1883 1881
1884 1885 1886
1885 1884 1887
1885 1887 1888
1889 1885 1888
1890 1886 1885
1890 1891 1886
1890 1892 1891
1890 1893 1892
1890 1885 1894
1894 1895 1890
1890 1895 1893
1896 1894 1885
1889 1896 1885
1893 1895 1897
1889 1898 1896
1896 1898 1899
1900 1896 1899
1895 1901 1897
1900 1902 1896
1894 1896 1902
1900 1903 1902
1904 1902 1903
1895 1905 1901
1894 1905 1895
1901 1905 1906
1894 1906 1905
1901 1906 1907
1906 1908 1907
1908 1906 1909
1894 1909 1906
1908 1909 1910
1909 1911 1910
1909 1912 1911
1894 1912 1909
1912 1913 1911
1912 1904 1913
1894 1902 1914
1894 1914 1912
1904 1914 1902
1912 1914 1904
1915 1916 1887
1915 1887 1917
1916 1915 1918
1919 1915 1917
1920 1918 1915
1920 1921 1918
1920 1922 1921
1920 1923 1922
1920 1915 1924
1924 1925 1920
1920 1925 1923
1926 1924 1915
1919 1926 1915
1923 1925 1927
1919 1928 1926
1926 1928 1929
1930 1926 1929
1925 1931 1927
1930 1932 1926
1924 1926 1932
1930 1933 1932
1934 1932 1933
1925 1935 1931
1924 1935 1925
1931 1935 1936
1924 1936 1935
1931 1936 1937
1936 1938 1937
1938 1936 1939
1924 1939 1936
1938 1939 1940
1939 1941 1940
1939 1942 1941
1924 1942 1939
1942 1943 1941
1942 1934 1943
1924 1932 1944
1924 1944 1942
1934 1944 1932
1942 1944 1934
1945 1946 1947
1946 1948 1947
1949 1946 1945
1949 1945 1950
1949 1950 1951
1949 1951 1952
1949 1952 1953
1954 1953 1952
1953 1954 1955
1956 1946 1949
1949 1953 1956
1956 1957 1946
1946 1957 1948
1948 1957 1958
1956 1958 1957
1948 1958 1959
1958 1960 1959
1960 1958 1961
1956 1961 1958
1960 1961 1962
1961 1963 1962
1961 1964 1963
1956 1964 1961
1964 1965 1963
1964 1966 1965
1964 1967 1966
1956 1967 1964
1966 1967 1968
1956 1968 1967
1966 1968 1969
1970 1969 1968
1956 1971 1968
1970 1968 1971
1970 1971 1972
1971 1973 1972
1974 1973 1971
1971 1956 1953
1974 1971 1953
1974 1953 1975
1953 1955 1975
1976 1977 1955
1977 1976 1978
1976 1955 1979
1980 1976 1979
1981 1978 1976
1981 1982 1978
1981 1983 1982
1981 1984 1983
1981 1976 1985
1985 1986 1981
1981 1986 1984
1987 1985 1976
1980 1987 1976
1984 1986 1988
1980 1989 1987
1987 1989 1990
1991 1987 1990
1986 1992 1988
1991 1993 1987
1985 1987 1993
1991 1994 1993
1995 1993 1994
1986 1996 1992
1985 1996 1986
1992 1996 1997
1985 1997 1996
1992 1997 1998
1997 1999 1998
2000 1999 1997
1985 2000 1997
2000 2001 1999
2002 2001 2000
2002 2000 2003
1985 2003 2000
2003 2004 2002
2003 1995 2004
1985 1993 2005
1985 2005 2003
1995 2005 1993
2003 2005 1995
2006 2007 2008
2007 2009 2008
2010 2007 2006
2010 2006 2011
2010 2011 2012
2013 2010 2012
2013 2007 2010
2013 2012 2014
2013 2015 2007
2007 2015 2009
2014 2016 2013
2013 2017 2015
2009 2015 2017
2018 2016 2014
2009 2017 2019
2016 2018 1955
2016 1955 2020
2021 2016 2020
2013 2016 2021
2017 2022 2019
2022 2017 2023
2013 2023 2017
2022 2023 2024
2023 2025 2024
2023 2026 2025
2013 2026 2023
2026 2027 2025
2026 2028 2027
2026 2029 2028
2013 2029 2026
2028 2029 2030
2013 2030 2029
2028 2030 2031
2032 2031 2030
2021 2033 2013
2013 2033 2030
2032 2030 2033
2021 2034 2033
2032 2033 2035
2033 2034 2035
2036 2037 2038
2036 2038 2039
2038 2040 2039
2040 2038 2041
2040 2041 2042
2041 2043 2042
2038 2044 2041
2038 2045 2044
2045 2038 2037
2046 2044 2045
2041 2047 2043
2048 2045 2037
2046 2045 2048
2048 2037 2049
2049 2050 2048
2050 2046 2048
2050 2051 2046
2046 2051 2052
2053 2046 2052
2041 2054 2047
2044 2054 2041
2047 2054 2055
2054 2056 2055
2053 2057 2046
2044 2046 2057
2053 2058 2057
2059 2057 2058
2056 2054 2060
2044 2060 2054
2056 2060 2061
2060 2062 2061
2063 2057 2059
2044 2057 2063
2063 2059 2064
2063 2064 2065
2044 2066 2060
2062 2060 2066
2044 2063 2066
2066 2063 2065
2062 2066 2067
2066 2065 2067
2068 2069 2070
2069 2071 2070
2072 2069 2068
2072 2068 2073
2072 2073 2074
2075 2069 2072
2075 2076 2069
2071 2069 2076
2071 2076 2077
2078 2072 2074
2076 2079 2077
2078 2080 2072
2080 2075 2072
2080 2078 2081
2082 2080 2081
2079 2076 2083
2075 2083 2076
2079 2083 2084
2083 2085 2084
2083 2086 2085
2075 2086 2083
2086 2087 2085
2086 2088 2087
2086 2089 2088
2075 2089 2086
2075 2090 2089
2088 2089 2091
2092 2091 2089
2092 2089 2090
2092 2090 2093
2090 2094 2093
2095 2094 2090
2090 2075 2096
2080 2096 2075
2096 2080 2082
2095 2090 2097
2090 2096 2097
2097 2096 2082
2098 2095 2097
2097 2099 2098
2097 2082 2099
2100 2082 2101
2100 2101 2102
2101 2103 2102
2103 2101 2104
2103 2104 2105
2104 2106 2105
2101 2107 2104
2101 2108 2107
2108 2101 2082
2109 2107 2108
2104 2110 2106
2111 2108 2082
2109 2108 2111
2111 2082 2112
2112 2113 2111
2113 2109 2111
2113 2114 2109
2109 2114 2115
2116 2109 2115
2104 2117 2110
2107 2117 2104
2110 2117 2118
2117 2119 2118
2116 2120 2109
2107 2109 2120
2116 2121 2120
2122 2120 2121
2119 2117 2123
2107 2123 2117
2119 2123 2124
2123 2125 2124
2126 2120 2122
2107 2120 2126
2126 2122 2127
2126 2127 2128
2107 2129 2123
2125 2123 2129
2107 2126 2129
2129 2126 2128
2125 2129 2130
2129 2128 2130
2131 2132 2133
2132 2134 2133
2135 2132 2131
2135 2131 2136
2135 2136 2137
2138 2132 2135
2138 2139 2132
2134 2132 2139
2134 2139 2140
2141 2135 2137
2139 2142 2140
2141 2143 2135
2143 2138 2135
2143 2141 2144
2037 2143 2144
2142 2139 2145
2138 2145 2139
2142 2145 2146
2145 2147 2146
2145 2148 2147
2138 2148 2145
2148 2149 2147
2148 2150 2149
2148 2151 2150
2138 2151 2148
2138 2152 2151
2150 2151 2153
2154 2153 2151
2154 2151 2152
2154 2152 2155
2152 2156 2155
2157 2156 2152
2152 2138 2158
2143 2158 2138
2158 2143 2037
2157 2152 2159
2152 2158 2159
2159 2158 2037
2160 2157 2159
2159 2037 2160
2037 2161 2162
2161 2163 2162
2163 2161 2164
2163 2164 2165
2164 2166 2165
2161 2167 2164
2161 2168 2167
2168 2161 2037
2169 2167 2168
2164 2170 2166
2171 2168 2037
2169 2168 2171
2171 2037 2172
2171 2172 2173
2173 2174 2171
2174 2169 2171
2174 2175 2169
2169 2175 2176
2177 2169 2176
2164 2178 2170
2167 2178 2164
2170 2178 2179
2178 2180 2179
2177 2181 2169
2167 2169 2181
2177 2182 2181
2183 2181 2182
2180 2178 2184
2167 2184 2178
2180 2184 2185
2184 2186 2185
2187 2181 2183
2167 2181 2187
2187 2183 2188
2187 2188 2189
2167 2190 2184
2186 2184 2190
2167 2187 2190
2190 2187 2189
2186 2190 2191
2190 2189 2191
2192 2193 2194
2194 2195 2192
2193 2196 2194
2194 2197 2195
2194 2196 2198
2197 2194 2199
2194 2198 2200
2194 2201 2199
2200 2202 2194
2194 2203 2201
2194 2202 2204
2194 2205 2203
2194 2204 2206
2194 2206 2205
2207 2208 2209
2210 2207 2209
2207 2211 2208
2210 2212 2207
2211 2207 2213
2207 2212 2214
2207 2215 2213
2207 2214 2216
2207 2217 2215
2216 2218 2207
2207 2219 2217
2207 2218 2220
2207 2221 2219
2207 2220 2221
2222 2223 2224
2225 2222 2224
2222 2226 2223
2225 2227 2222
2226 2222 2228
2222 2227 2229
2222 2230 2228
2222 2229 2231
2222 2232 2230
2231 2233 2222
2222 2234 2232
2222 2233 2235
2222 2236 2234
2222 2235 2236
2237 2238 2239
2240 2237 2239
2237 2241 2238
2240 2242 2237
2241 2237 2243
2237 2242 2244
2237 2245 2243
2237 2244 2246
2237 2247 2245
2246 2248 2237
2237 2249 2247
2237 2248 2250
2237 2251 2249
2237 2250 2251
2252 2253 2254
2255 2252 2254
2252 2256 2253
2255 2257 2252
2256 2252 2258
2252 2257 2259
2252 2260 2258
2252 2259 2261
2252 2262 2260
2261 2263 2252
2252 2264 2262
2252 2263 2265
2252 2266 2264
2252 2265 2266
2267 2268 2269
2268 2267 2270
2267 2271 2270
2267 2272 2271
2267 2269 2273
2274 2267 2273
2274 2273 2275
2276 2273 2269
2267 2277 2272
2274 2277 2267
2272 2277 2278
2277 2279 2278
2279 2277 2280
2274 2280 2277
2279 2280 2281
2280 2282 2281
2282 2280 2283
2274 2283 2280
2282 2283 2284
2283 2285 2284
2283 2286 2285
2274 2286 2283
2286 2287 2285
2286 2288 2287
2274 2289 2286
2286 2289 2288
2288 2289 2290
2291 2290 2289
2274 2275 2289
2291 2289 2275
2291 2275 2292
2275 2293 2292
2294 2293 2275
2295 2294 2275
2295 2275 2273
2295 2273 2276
2276 2296 2297
2298 2297 2296
2299 2298 2296
2299 2296 2300
2298 2301 2297
2301 2298 2302
2298 2303 2302
2298 2304 2303
2298 2305 2304
2299 2305 2298
2304 2305 2306
2305 2307 2306
2307 2305 2308
2299 2308 2305
2307 2308 2309
2308 2310 2309
2310 2308 2311
2299 2311 2308
2310 2311 2312
2311 2313 2312
2311 2314 2313
2299 2314 2311
2314 2315 2313
2314 2316 2315
2299 2317 2314
2314 2317 2316
2316 2317 2318
2319 2318 2317
2299 2300 2317
2319 2317 2300
2319 2300 2320
2300 2321 2320
2322 2321 2300
2323 2322 2300
2323 2300 2296
2323 2296 2276
2276 2324 2325
2326 2325 2324
2327 2326 2324
2327 2324 2328
2329 2324 2276
2329 2328 2324
2326 2330 2325
2329 2331 2328
2330 2326 2332
2331 2333 2328
2326 2334 2332
2328 2333 2335
2326 2336 2334
2337 2328 2335
2326 2338 2336
2327 2338 2326
2336 2338 2339
2338 2340 2339
2337 2341 2328
2327 2328 2341
2337 2342 2341
2343 2341 2342
2340 2338 2344
2327 2344 2338
2340 2344 2345
2344 2346 2345
2347 2341 2343
2327 2341 2347
2347 2343 2348
2347 2348 2349
2327 2350 2344
2346 2344 2350
2327 2347 2350
2350 2347 2349
2346 2350 2351
2350 2349 2351
2352 2353 2354
2355 2353 2352
2356 2353 2355
2355 2352 2357
2355 2357 2358
2359 2355 2358
2353 2360 2354
2355 2359 2361
2360 2353 2362
2356 2362 2353
2360 2362 2363
2362 2364 2363
2355 2361 2365
2356 2355 2365
2356 2365 2366
2367 2365 2361
2364 2362 2368
2356 2368 2362
2364 2368 2369
2368 2370 2369
2368 2371 2370
2356 2371 2368
2371 2372 2370
2371 2373 2372
2356 2374 2371
2371 2374 2373
2356 2366 2374
2373 2374 2375
2376 2375 2374
2376 2374 2366
2376 2366 2377
2366 2378 2377
2379 2378 2366
2380 2379 2366
2380 2366 2365
2380 2365 2367
2367 2381 2382
2383 2382 2381
2384 2383 2381
2384 2381 2385
2386 2381 2367
2386 2385 2381
2383 2387 2382
2386 2388 2385
2387 2383 2389
2388 2390 2385
2383 2391 2389
2385 2390 2392
2383 2393 2391
2394 2385 2392
2383 2395 2393
2384 2395 2383
2393 2395 2396
2395 2397 2396
2394 2398 2385
2384 2385 2398
2394 2399 2398
2400 2398 2399
2397 2395 2401
2384 2401 2395
2397 2401 2402
2401 2403 2402
2404 2398 2400
2384 2398 2404
2404 2400 2405
2404 2405 2406
2384 2407 2401
2403 2401 2407
2384 2404 2407
2407 2404 2406
2403 2407 2408
2407 2406 2408
2409 2410 2411
2412 2411 2410
2409 2411 2413
2411 2414 2413
2414 2411 2415
2411 2416 2415
2411 2417 2416
2412 2417 2411
2416 2417 2418
2417 2419 2418
2419 2417 2420
2412 2420 2417
2419 2420 2421
2421 2420 2422
2412 2422 2420
2421 2422 2423
2422 2424 2423
2422 2425 2424
2412 2425 2422
2425 2426 2424
2425 2427 2426
2412 2427 2425
2426 2427 2428
2429 2428 2427
2412 2430 2427
2429 2427 2430
2430 2412 2410
2430 2431 2429
2430 2410 2432
2433 2431 2430
2432 2433 2430
2434 2435 2410
2434 2410 2436
2434 2436 2437
2437 2438 2434
2438 2439 2434
2434 2439 2440
2440 2441 2434
2435 2434 2441
2440 2442 2441
2443 2441 2442
2444 2441 2443
2435 2441 2444
2444 2443 2445
2446 2444 2445
2435 2444 2446
2446 2445 2447
2448 2446 2447
2448 2449 2446
2435 2446 2449
2450 2449 2448
2450 2451 2449
2435 2449 2451
2451 2450 2452
2453 2451 2452
2435 2451 2454
2454 2451 2453
2454 2453 2455
2456 2454 2455
2454 2456 2457
2435 2454 2410
2410 2454 2457
2458 2459 2410
2458 2410 2460
2458 2460 2461
2461 2462 2458
2462 2463 2458
2458 2463 2464
2464 2465 2458
2459 2458 2465
2464 2466 2465
2467 2465 2466
2468 2465 2467
2459 2465 2468
2468 2467 2469
2470 2468 2469
2459 2468 2470
2470 2469 2471
2472 2470 2471
2472 2473 2470
2459 2470 2473
2474 2473 2472
2474 2475 2473
2459 2473 2475
2475 2474 2476
2477 2475 2476
2459 2475 2478
2478 2475 2477
2459 2478 2410
2478 2477 2479
2410 2478 2480
2481 2478 2479
2478 2481 2480
2482 2483 2484
2482 2485 2483
2486 2483 2485
2483 2487 2484
2487 2483 2488
2483 2489 2488
2483 2490 2489
2486 2490 2483
2489 2490 2491
2490 2492 2491
2492 2490 2493
2486 2493 2490
2492 2493 2494
2494 2493 2495
2486 2495 2493
2494 2495 2496
2495 2497 2496
2495 2498 2497
2486 2498 2495
2498 2499 2497
2498 2500 2499
2486 2500 2498
2499 2500 2501
2502 2501 2500
2486 2503 2500
2502 2500 2503
2503 2504 2502
2505 2504 2503
2506 2505 2503
2503 2486 2485
2503 2485 2506
2507 2508 2485
2485 2508 2509
2508 2510 2509
2510 2508 2511
2508 2512 2511
2508 2513 2512
2507 2513 2508
2512 2513 2514
2513 2515 2514
2515 2513 2516
2507 2516 2513
2515 2516 2517
2517 2516 2518
2507 2518 2516
2517 2518 2519
2518 2520 2519
2518 2521 2520
2507 2521 2518
2521 2522 2520
2521 2523 2522
2507 2523 2521
2522 2523 2524
2525 2524 2523
2507 2526 2523
2525 2523 2526
2526 2507 2485
2526 2527 2525
2526 2485 2528
2529 2527 2526
2528 2529 2526
2530 2531 2532
2531 2530 2533
2531 2533 2534
2535 2531 2534
2532 2531 2536
2532 2536 2537
2538 2536 2531
2538 2539 2536
2537 2536 2539
2537 2539 2540
2539 2541 2540
2535 2542 2531
2542 2538 2531
2542 2535 2543
291 2542 2543
2541 2539 2544
2538 2544 2539
2541 2544 2545
2544 2546 2545
2544 2547 2546
2538 2547 2544
2547 2548 2546
2547 2549 2548
2547 2550 2549
2538 2550 2547
2551 2549 2550
2551 2550 2552
2538 2552 2550
2551 2552 2553
2553 2552 2554
2552 2555 2554
2556 2555 2552
2552 2538 2557
2542 2557 2538
2557 2542 291
2556 2552 2558
2552 2557 2558
2558 2557 291
2559 2556 2558
2558 291 2559
291 2560 2561
2560 2562 2561
2562 2560 2563
2562 2563 2564
2563 2565 2564
2560 2566 2563
2560 2567 2566
2567 2560 291
2568 2566 2567
2563 2569 2565
2570 2567 291
2568 2567 2570
2570 291 2571
2571 2572 2570
2572 2568 2570
2572 2573 2568
2568 2573 2574
2575 2568 2574
2563 2576 2569
2566 2576 2563
2569 2576 2577
2576 2578 2577
2575 2579 2568
2566 2568 2579
2575 2580 2579
2581 2579 2580
2578 2576 2582
2566 2582 2576
2578 2582 2583
2582 2584 2583
2585 2579 2581
2566 2579 2585
2585 2581 2586
2585 2586 2587
2566 2588 2582
2584 2582 2588
2566 2585 2588
2588 2585 2587
2584 2588 2589
2588 2587 2589
2590 2591 2592
2591 2593 2592
2594 2591 2590
2594 2590 2595
2594 2595 2596
2597 2591 2594
2597 2598 2591
2593 2591 2598
2593 2598 2599
2600 2594 2596
2598 2601 2599
2600 2602 2594
2602 2597 2594
2602 2600 2603
2601 2598 2604
2597 2604 2598
2601 2604 2605
2604 2606 2605
2604 2607 2606
2597 2607 2604
2607 2608 2606
2607 2609 2608
2607 2610 2609
2597 2610 2607
2597 2611 2610
2609 2610 2612
2613 2612 2610
2613 2610 2611
2613 2611 2614
2611 2615 2614
2616 2615 2611
2611 2597 2617
2602 2617 2597
2616 2611 2618
2611 2617 2618
2619 2616 2618
2619 2618 2620
2617 2620 2618
2619 2620 2621
2617 2602 2622
2602 2603 2622
2621 2622 2603
2617 2623 2620
2623 2621 2620
2617 2622 2623
2623 2622 2621
2621 2624 2625
2626 2625 2624
2626 2627 2625
2627 2626 2628
2627 2628 2629
2628 2630 2629
2626 2631 2628
2626 2632 2631
2632 2626 2624
2633 2631 2632
2628 2634 2630
2628 2635 2634
2631 2635 2628
2634 2635 2636
2635 2637 2636
2637 2635 2638
2631 2638 2635
2637 2638 2639
2638 2640 2639
2640 2638 2641
2631 2641 2638
2640 2641 2642
2641 2643 2642
2641 2644 2643
2631 2644 2641
2644 2645 2643
2644 2646 2645
2631 2647 2644
2644 2647 2646
2646 2647 2648
2649 2648 2647
2631 2633 2647
2649 2647 2633
2649 2633 2650
2633 2651 2650
2652 2651 2633
2652 2633 2653
2654 2652 2653
2633 2632 2653
2654 2653 2655
2632 2655 2653
2654 2655 2621
2632 2656 2655
2656 2621 2655
2632 2624 2656
2656 2624 2621
2621 2657 2658
2659 2658 2657
2659 2660 2658
2660 2659 2661
2660 2661 2662
2661 2663 2662
2659 2664 2661
2659 2665 2664
2665 2659 2657
2666 2664 2665
2661 2667 2663
2661 2668 2667
2664 2668 2661
2667 2668 2669
2668 2670 2669
2670 2668 2671
2664 2671 2668
2670 2671 2672
2671 2673 2672
2673 2671 2674
2664 2674 2671
2673 2674 2675
2674 2676 2675
2674 2677 2676
2664 2677 2674
2677 2678 2676
2677 2679 2678
2664 2680 2677
2677 2680 2679
2679 2680 2681
2682 2681 2680
2664 2666 2680
2682 2680 2666
2682 2666 2683
2666 2684 2683
2685 2684 2666
2685 2666 2686
2687 2685 2686
2666 2665 2686
2687 2686 2688
2665 2688 2686
2687 2688 2621
2665 2689 2688
2689 2621 2688
2665 2657 2689
2689 2657 2621
2690 2691 2692
2691 2693 2692
2694 2691 2690
2694 2690 2695
2694 2695 2696
2697 2691 2694
2697 2698 2691
2693 2691 2698
2693 2698 2699
2700 2694 2696
2698 2701 2699
2700 2702 2694
2702 2697 2694
2702 2700 2703
2701 2698 2704
2697 2704 2698
2701 2704 2705
2704 2706 2705
2704 2707 2706
2697 2707 2704
2707 2708 2706
2707 2709 2708
2707 2710 2709
2697 2710 2707
2697 2711 2710
2709 2710 2712
2713 2712 2710
2713 2710 2711
2713 2711 2714
2711 2715 2714
2716 2715 2711
2711 2697 2717
2702 2717 2697
2716 2711 2718
2711 2717 2718
2719 2716 2718
2719 2718 2720
2717 2720 2718
2719 2720 2721
2717 2702 2722
2702 2703 2722
2721 2722 2703
2717 2723 2720
2717 2722 2723
2723 2722 2721
2723 2721 2720
2721 2724 2725
2726 2725 2724
2726 2727 2725
2727 2726 2728
2727 2728 2729
2728 2730 2729
2726 2731 2728
2726 2732 2731
2732 2726 2724
2733 2731 2732
2728 2734 2730
2728 2735 2734
2731 2735 2728
2734 2735 2736
2735 2737 2736
2737 2735 2738
2731 2738 2735
2737 2738 2739
2738 2740 2739
2740 2738 2741
2731 2741 2738
2740 2741 2742
2741 2743 2742
2741 2744 2743
2731 2744 2741
2744 2745 2743
2744 2746 2745
2731 2747 2744
2744 2747 2746
2746 2747 2748
2749 2748 2747
2731 2733 2747
2749 2747 2733
2749 2733 2750
2733 2751 2750
2752 2751 2733
2752 2733 2753
2754 2752 2753
2733 2732 2753
2754 2753 2755
2732 2755 2753
2754 2755 2721
2732 2756 2755
2756 2721 2755
2732 2724 2756
2756 2724 2721
2757 2758 2759
2758 2760 2759
2761 2758 2757
2761 2757 2762
2761 2762 2763
2764 2758 2761
2764 2765 2758
2760 2758 2765
2760 2765 2766
2767 2761 2763
2765 2768 2766
2767 2769 2761
2769 2764 2761
2769 2767 2770
2768 2765 2771
2764 2771 2765
2768 2771 2772
2771 2773 2772
2771 2774 2773
2764 2774 2771
2774 2775 2773
2774 2776 2775
2774 2777 2776
2764 2777 2774
2764 2778 2777
2776 2777 2779
2780 2779 2777
2780 2777 2778
2780 2778 2781
2778 2782 2781
2783 2782 2778
2778 2764 2784
2769 2784 2764
2783 2778 2785
2778 2784 2785
2786 2783 2785
2786 2785 2787
2784 2787 2785
2786 2787 2788
2784 2769 2789
2769 2770 2789
2788 2789 2770
2784 2790 2787
2790 2788 2787
2784 2789 2790
2790 2789 2788
2788 2791 2792
2793 2792 2791
2793 2794 2792
2794 2793 2795
2794 2795 2796
2795 2797 2796
2793 2798 2795
2793 2799 2798
2799 2793 2791
2800 2798 2799
2795 2801 2797
2795 2802 2801
2798 2802 2795
2801 2802 2803
2802 2804 2803
2804 2802 2805
2798 2805 2802
2804 2805 2806
2805 2807 2806
2807 2805 2808
2798 2808 2805
2807 2808 2809
2808 2810 2809
2808 2811 2810
2798 2811 2808
2811 2812 2810
2811 2813 2812
2798 2814 2811
2811 2814 2813
2813 2814 2815
2816 2815 2814
2798 2800 2814
2816 2814 2800
2816 2800 2817
2800 2818 2817
2819 2818 2800
2819 2800 2820
2821 2819 2820
2800 2799 2820
2821 2820 2822
2799 2822 2820
2821 2822 2788
2799 2823 2822
2823 2788 2822
2799 2791 2823
2823 2791 2788
2788 2824 2825
2826 2825 2824
2826 2827 2825
2827 2826 2828
2827 2828 2829
2828 2830 2829
2826 2831 2828
2826 2832 2831
2832 2826 2824
2833 2831 2832
2828 2834 2830
2828 2835 2834
2831 2835 2828
2834 2835 2836
2835 2837 2836
2837 2835 2838
2831 2838 2835
2837 2838 2839
2838 2840 2839
2840 2838 2841
2831 2841 2838
2840 2841 2842
2841 2843 2842
2841 2844 2843
2831 2844 2841
2844 2845 2843
2844 2846 2845
2831 2847 2844
2844 2847 2846
2846 2847 2848
2849 2848 2847
2831 2833 2847
2849 2847 2833
2849 2833 2850
2833 2851 2850
2852 2851 2833
2852 2833 2853
2854 2852 2853
2833 2832 2853
2854 2853 2855
2832 2855 2853
2854 2855 2788
2832 2856 2855
2856 2788 2855
2832 2824 2856
2856 2824 2788
2857 2858 2859
2858 2860 2859
2861 2858 2857
2861 2857 2862
2861 2862 2863
2864 2858 2861
2864 2865 2858
2860 2858 2865
2860 2865 2866
2867 2861 2863
2865 2868 2866
2867 2869 2861
2869 2864 2861
2869 2867 2870
2868 2865 2871
2864 2871 2865
2868 2871 2872
2871 2873 2872
2871 2874 2873
2864 2874 2871
2874 2875 2873
2874 2876 2875
2874 2877 2876
2864 2877 2874
2864 2878 2877
2876 2877 2879
2880 2879 2877
2880 2877 2878
2880 2878 2881
2878 2882 2881
2883 2882 2878
2878 2864 2884
2869 2884 2864
2883 2878 2885
2878 2884 2885
2886 2883 2885
2886 2885 2887
2884 2887 2885
2886 2887 2888
2884 2869 2889
2869 2870 2889
2888 2889 2870
2884 2890 2887
2884 2889 2890
2890 2889 2888
2890 2888 2887
2888 2891 2892
2893 2892 2891
2893 2894 2892
2894 2893 2895
2894 2895 2896
2895 2897 2896
2893 2898 2895
2893 2899 2898
2899 2893 2891
2900 2898 2899
2895 2901 2897
2895 2902 2901
2898 2902 2895
2901 2902 2903
2902 2904 2903
2904 2902 2905
2898 2905 2902
2904 2905 2906
2905 2907 2906
2907 2905 2908
2898 2908 2905
2907 2908 2909
2908 2910 2909
2908 2911 2910
2898 2911 2908
2911 2912 2910
2911 2913 2912
2898 2914 2911
2911 2914 2913
2913 2914 2915
2916 2915 2914
2898 2900 2914
2916 2914 2900
2916 2900 2917
2900 2918 2917
2919 2918 2900
2919 2900 2920
2921 2919 2920
2900 2899 2920
2921 2920 2922
2899 2922 2920
2921 2922 2888
2899 2923 2922
2923 2888 2922
2899 2891 2923
2923 2891 2888
2924 2925 2926
2925 2924 2927
2924 2928 2927
2928 2924 2929
2924 2930 2929
2924 2931 2930
2924 2932 2931
2924 2933 2932
2924 2934 2933
2924 2935 2934
2936 2935 2924
2924 2937 2936
2938 2937 2924
2924 2939 2938
2924 2926 2940
2924 2940 2939
2926 2941 2940
2941 2939 2940
2942 2943 2944
2942 2944 2945
2942 2946 2943
2947 2942 2945
2942 2948 2946
2942 2947 2949
2942 2950 2948
2951 2942 2949
2942 2952 2950
2953 2952 2942
2942 2954 2953
2955 2954 2942
2942 2951 2956
2942 2957 2955
2942 2956 2958
2942 2958 2957
2959 2958 2956
2959 2957 2958
2960 2961 2962
2960 2962 2963
2960 2964 2961
2965 2960 2963
2960 2966 2964
2960 2965 2967
2960 2968 2966
2969 2960 2967
2960 2970 2968
2971 2970 2960
2960 2972 2971
2973 2972 2960
2960 2969 2974
2960 2975 2973
2960 2974 2976
2960 2976 2975
2977 2976 2974
2977 2975 2976
2978 2979 2980
2978 2980 2981
2978 2982 2979
2983 2978 2981
2978 2984 2982
2978 2983 2985
2978 2986 2984
2987 2978 2985
2978 2988 2986
2989 2988 2978
2978 2990 2989
2991 2990 2978
2978 2987 2992
2978 2993 2991
2978 2992 2994
2978 2994 2993
2995 2994 2992
2995 2993 2994
2996 2997 2998
2996 2998 2999
2996 3000 2997
3001 2996 2999
2996 3002 3000
2996 3001 3003
2996 3004 3002
3005 2996 3003
2996 3006 3004
3007 3006 2996
2996 3008 3007
3009 3008 2996
2996 3005 3010
2996 3011 3009
2996 3010 3012
2996 3012 3011
3013 3012 3010
3013 3011 3012
3014 3015 3016
3015 3014 3017
3017 3014 3018
3014 3019 3018
3014 3020 3019
3014 3021 3020
3014 3022 3021
3014 3023 3022
3014 3024 3023
3025 3024 3014
3026 3025 3014
3014 3027 3026
3014 3016 3028
3014 3028 3027
3016 3029 3028
3029 3027 3028
3030 3031 3032
3031 3030 3033
3033 3030 3034
3030 3035 3034
3030 3036 3035
3030 3037 3036
3030 3038 3037
3030 3039 3038
3030 3040 3039
3041 3040 3030
3042 3041 3030
3030 3043 3042
3030 3032 3044
3030 3044 3043
3045 3044 3032
3045 3043 3044
3046 3047 3048
3047 3046 3049
3049 3046 3050
3046 3051 3050
3046 3052 3051
3046 3053 3052
3046 3054 3053
3046 3055 3054
3046 3056 3055
3057 3056 3046
3058 3057 3046
3046 3059 3058
3046 3048 3060
3046 3060 3059
3061 3060 3048
3061 3059 3060
3062 3063 3064
3063 3062 3065
3065 3062 3066
3062 3067 3066
3062 3068 3067
3062 3069 3068
3062 3070 3069
3062 3071 3070
3062 3072 3071
3073 3072 3062
3074 3073 3062
3062 3075 3074
3062 3064 3076
3062 3076 3075
3077 3076 3064
3077 3075 3076
3078 3079 3080
3079 3078 3081
3081 3078 3082
3078 3083 3082
3078 3084 3083
3078 3085 3084
3078 3086 3085
3078 3087 3086
3078 3088 3087
3089 3088 3078
3090 3089 3078
3078 3091 3090
3078 3080 3092
3078 3092 3091
3093 3092 3080
3093 3091 3092
3094 3095 3096
3096 3097 3094
3094 3097 3098
3098 3099 3094
3094 3099 3100
3094 3100 3101
3094 3101 3102
3094 3102 3103
3094 3103 3104
3094 3104 3105
3106 3094 3105
3094 3106 3107
3108 3094 3107
3094 3108 3109
3094 3110 3095
3094 3109 3110
3111 3095 3110
3110 3109 3111
3112 3113 3114
3114 3115 3112
3112 3115 3116
3116 3117 3112
3112 3117 3118
3112 3118 3119
3112 3119 3120
3112 3120 3121
3112 3121 3122
3112 3122 3123
3124 3112 3123
3112 3124 3125
3126 3112 3125
3112 3126 3127
3112 3128 3113
3112 3127 3128
3113 3128 3129
3128 3127 3129
3130 3131 3132
3132 3133 3130
3130 3133 3134
3134 3135 3130
3130 3135 3136
3130 3136 3137
3130 3137 3138
3130 3138 3139
3130 3139 3140
3130 3140 3141
3142 3130 3141
3130 3142 3143
3144 3130 3143
3130 3144 3145
3130 3146 3131
3130 3145 3146
3131 3146 3147
3146 3145 3147
3148 3149 3150
3150 3151 3148
3148 3151 3152
3152 3153 3148
3148 3153 3154
3148 3154 3155
3148 3155 3156
3148 3156 3157
3148 3157 3158
3148 3158 3159
3160 3148 3159
3148 3160 3161
3162 3148 3161
3148 3162 3163
3148 3164 3149
3148 3163 3164
3149 3164 3165
3164 3163 3165
3166 3167 3168
3168 3169 3166
3166 3169 3170
3170 3171 3166
3166 3171 3172
3166 3172 3173
3166 3173 3174
3166 3174 3175
3166 3175 3176
3166 3176 3177
3178 3166 3177
3166 3178 3179
3180 3166 3179
3166 3180 3181
3166 3182 3167
3166 3181 3182
3167 3182 3183
3182 3181 3183
3184 3185 3186
3186 3187 3184
3184 3187 3188
3184 3188 3189
3189 3190 3184
3184 3190 3191
3184 3191 3192
3184 3192 3193
3184 3193 3194
3184 3194 3195
3184 3195 3196
3184 3196 3197
3184 3197 3198
3199 3184 3198
3184 3199 3200
3184 3200 3201
3202 3184 3201
3184 3202 3203
3184 3203 3204
3184 3204 3185
3204 3203 3205
3205 3185 3204
3206 3207 3208
3208 3209 3206
3206 3209 3210
3206 3210 3211
3211 3212 3206
3206 3212 3213
3206 3213 3214
3206 3214 3215
3206 3215 3216
3206 3216 3217
3206 3217 3218
3206 3218 3219
3206 3219 3220
3221 3206 3220
3206 3221 3222
3206 3222 3223
3224 3206 3223
3206 3224 3225
3206 3225 3226
3206 3226 3207
3226 3225 3227
3207 3226 3227
3228 3229 3230
3230 3231 3228
3228 3231 3232
3228 3232 3233
3233 3234 3228
3228 3234 3235
3228 3235 3236
3228 3236 3237
3228 3237 3238
3228 3238 3239
3228 3239 3240
3228 3240 3241
3228 3241 3242
3243 3228 3242
3228 3243 3244
3228 3244 3245
3246 3228 3245
3228 3246 3247
3228 3247 3248
3228 3248 3229
3248 3247 3249
3229 3248 3249
3250 3251 3252
3252 3253 3250
3250 3253 3254
3250 3254 3255
3255 3256 3250
3250 3256 3257
3250 3257 3258
3250 3258 3259
3250 3259 3260
3250 3260 3261
3250 3261 3262
3250 3262 3263
3250 3263 3264
3265 3250 3264
3250 3265 3266
3250 3266 3267
3268 3250 3267
3250 3268 3269
3250 3269 3270
3250 3270 3251
3270 3269 3271
3251 3270 3271
3272 3273 3274
3274 3275 3272
3272 3275 3276
3272 3276 3277
3277 3278 3272
3272 3278 3279
3272 3279 3280
3272 3280 3281
3272 3281 3282
3272 3282 3283
3272 3283 3284
3272 3284 3285
3272 3285 3286
3287 3272 3286
3272 3287 3288
3272 3288 3289
3290 3272 3289
3272 3290 3291
3272 3291 3292
3272 3292 3273
3292 3291 3293
3273 3292 3293
3294 3295 3296
3296 3297 3294
3294 3297 3298
3294 3298 3299
3299 3300 3294
3294 3300 3301
3294 3301 3302
3294 3302 3303
3294 3303 3304
3294 3304 3305
3294 3305 3306
3294 3306 3307
3294 3307 3308
3309 3294 3308
3294 3309 3310
3294 3310 3311
3312 3294 3311
3294 3312 3313
3294 3313 3314
3294 3314 3295
3314 3313 3315
3315 3295 3314
3316 3317 3318
3318 3319 3316
3316 3319 3320
3316 3320 3321
3321 3322 3316
3316 3322 3323
3316 3323 3324
3316 3324 3325
3316 3325 3326
3316 3326 3327
3316 3327 3328
3316 3328 3329
3316 3329 3330
3331 3316 3330
3316 3331 3332
3316 3332 3333
3334 3316 3333
3316 3334 3335
3316 3335 3336
3316 3336 3317
3336 3335 3337
3317 3336 3337
3338 3339 3340
3340 3341 3338
3338 3341 3342
3338 3342 3343
3343 3344 3338
3338 3344 3345
3338 3345 3346
3338 3346 3347
3338 3347 3348
3338 3348 3349
3338 3349 3350
3338 3350 3351
3338 3351 3352
3353 3338 3352
3338 3353 3354
3338 3354 3355
3356 3338 3355
3338 3356 3357
3338 3357 3358
3338 3358 3339
3358 3357 3359
3339 3358 3359
3360 3361 3362
3362 3363 3360
3360 3363 3364
3360 3364 3365
3365 3366 3360
3360 3366 3367
3360 3367 3368
3360 3368 3369
3360 3369 3370
3360 3370 3371
3360 3371 3372
3360 3372 3373
3360 3373 3374
3375 3360 3374
3360 3375 3376
3360 3376 3377
3378 3360 3377
3360 3378 3379
3360 3379 3380
3360 3380 3361
3380 3379 3381
3361 3380 3381
3382 3383 3384
3384 3385 3382
3382 3385 3386
3382 3386 3387
3387 3388 3382
3382 3388 3389
3382 3389 3390
3382 3390 3391
3382 3391 3392
3382 3392 3393
3382 3393 3394
3382 3394 3395
3382 3395 3396
3397 3382 3396
3382 3397 3398
3382 3398 3399
3400 3382 3399
3382 3400 3401
3382 3401 3402
3382 3402 3383
3402 3401 3403
3383 3402 3403
3404 3405 3406
3404 3406 3407
3406 3408 3407
3408 3406 3409
3408 3409 3410
3409 3411 3410
3409 3412 3411
3409 3413 3412
3412 3413 3414
3413 3415 3414
3415 3413 3416
3415 3416 3417
3416 3418 3417
3418 3416 3419
3416 3420 3419
3416 3421 3420
3416 3422 3421
3423 3413 3409
3423 3416 3413
3406 3423 3409
3416 3424 3422
3423 3424 3416
3423 3425 3424
3422 3424 3426
3427 3426 3424
3427 3424 3425
3427 3425 3428
3425 3429 3428
3430 3429 3425
3406 3431 3423
3425 3423 3431
3431 3406 3405
3430 3425 3432
3425 3431 3432
3432 3431 3405
3433 3430 3432
3432 3405 3433
3405 3434 3435
3434 3436 3435
3436 3434 3437
3436 3437 3438
3437 3439 3438
3437 3440 3439
3437 3441 3440
3440 3441 3442
3441 3443 3442
3443 3441 3444
3443 3444 3445
3444 3446 3445
3446 3444 3447
3444 3448 3447
3444 3449 3448
3444 3450 3449
3451 3441 3437
3451 3444 3441
3434 3451 3437
3444 3452 3450
3451 3452 3444
3451 3453 3452
3450 3452 3454
3455 3454 3452
3455 3452 3453
3455 3453 3456
3453 3457 3456
3458 3457 3453
3434 3459 3451
3453 3451 3459
3459 3434 3405
3458 3453 3460
3453 3459 3460
3460 3459 3405
3461 3458 3460
3460 3405 3461
3405 3462 3463
3462 3464 3463
3464 3462 3465
3464 3465 3466
3465 3467 3466
3465 3468 3467
3465 3469 3468
3468 3469 3470
3469 3471 3470
3471 3469 3472
3471 3472 3473
3472 3474 3473
3474 3472 3475
3472 3476 3475
3472 3477 3476
3472 3478 3477
3479 3469 3465
3479 3472 3469
3462 3479 3465
3472 3480 3478
3479 3480 3472
3479 3481 3480
3478 3480 3482
3483 3482 3480
3483 3480 3481
3483 3481 3484
3481 3485 3484
3486 3485 3481
3462 3487 3479
3481 3479 3487
3487 3462 3405
3486 3481 3488
3481 3487 3488
3488 3487 3405
3489 3486 3488
3488 3405 3490
3488 3490 3489
3491 3492 3493
3492 3494 3493
3494 3492 3495
3494 3495 3496
3495 3497 3496
3497 3495 3498
3495 3499 3498
3495 3500 3499
3495 3501 3500
3502 3492 3491
3502 3491 3503
3502 3503 3504
3505 3502 3504
3506 3495 3492
3506 3492 3502
3495 3507 3501
3506 3507 3495
3506 3508 3507
3501 3507 3509
3510 3509 3507
3510 3507 3508
3510 3508 3511
3508 3512 3511
3513 3512 3508
3505 3514 3502
3514 3506 3502
3514 3505 3515
3516 3514 3515
3514 3517 3506
3508 3506 3517
3517 3514 3516
3513 3508 3518
3508 3517 3518
3518 3517 3516
3519 3513 3518
3518 3520 3519
3518 3516 3520
3521 3516 3522
3521 3522 3523
3522 3524 3523
3524 3522 3525
3524 3525 3526
3525 3527 3526
3525 3528 3527
3525 3529 3528
3528 3529 3530
3529 3531 3530
3531 3529 3532
3531 3532 3533
3532 3534 3533
3534 3532 3535
3532 3536 3535
3532 3537 3536
3532 3538 3537
3539 3529 3525
3539 3532 3529
3522 3539 3525
3532 3540 3538
3539 3540 3532
3539 3541 3540
3538 3540 3542
3543 3542 3540
3543 3540 3541
3543 3541 3544
3541 3545 3544
3546 3545 3541
3522 3547 3539
3541 3539 3547
3547 3522 3516
3546 3541 3548
3541 3547 3548
3548 3547 3516
3549 3546 3548
3548 3516 3549
3550 3551 3552
3551 3550 3553
3550 3554 3553
3550 3555 3554
3550 3556 3555
3550 3557 3556
3550 3558 3557
3550 3559 3558
3550 3560 3559
3550 3561 3560
3562 3561 3550
3550 3563 3562
3550 3552 3564
3550 3564 3563
3565 3564 3552
3565 3563 3564
3566 3567 3568
3566 3568 3569
3566 3570 3567
3566 3569 3571
3566 3572 3570
3573 3566 3571
3566 3574 3572
3566 3575 3574
3566 3576 3575
3577 3576 3566
3566 3573 3578
3566 3579 3577
3566 3578 3580
3566 3580 3579
3581 3580 3578
3581 3579 3580
3582 3583 3584
3582 3584 3585
3582 3586 3583
3582 3585 3587
3582 3588 3586
3589 3582 3587
3582 3590 3588
3582 3591 3590
3582 3592 3591
3593 3592 3582
3582 3589 3594
3582 3595 3593
3582 3594 3596
3582 3596 3595
3597 3596 3594
3597 3595 3596
3598 3599 3600
3598 3600 3601
3598 3602 3599
3598 3601 3603
3598 3604 3602
3605 3598 3603
3598 3606 3604
3598 3607 3606
3598 3608 3607
3609 3608 3598
3598 3605 3610
3598 3611 3609
3598 3610 3612
3598 3612 3611
3613 3612 3610
3613 3611 3612
3614 3615 3616
3614 3616 3617
3614 3618 3615
3614 3617 3619
3614 3620 3618
3621 3614 3619
3614 3622 3620
3614 3623 3622
3614 3624 3623
3625 3624 3614
3614 3621 3626
3614 3627 3625
3614 3626 3628
3614 3628 3627
3629 3628 3626
3629 3627 3628
3630 3631 3632
3631 3630 3633
3630 3634 3633
3634 3630 3635
3630 3636 3635
3630 3637 3636
3630 3638 3637
3630 3639 3638
3630 3640 3639
3630 3641 3640
3642 3641 3630
3630 3643 3642
3644 3643 3630
3630 3645 3644
3630 3632 3646
3630 3646 3645
3647 3646 3632
3647 3645 3646
3648 3649 3650
3648 3650 3651
3648 3652 3649
3653 3648 3651
3648 3654 3652
3648 3653 3655
3648 3656 3654
3657 3648 3655
3648 3658 3656
3659 3658 3648
3648 3660 3659
3661 3660 3648
3648 3657 3662
3648 3663 3661
3648 3662 3664
3648 3664 3663
3665 3664 3662
3665 3663 3664
3666 3667 3668
3666 3668 3669
3666 3670 3667
3671 3666 3669
3666 3672 3670
3666 3671 3673
3666 3674 3672
3675 3666 3673
3674 3666 3676
3666 3677 3676
3678 3677 3666
3666 3675 3679
3666 3680 3678
3666 3679 3681
3666 3681 3680
3682 3681 3679
3682 3680 3681
3683 3684 3685
3683 3685 3686
3683 3687 3684
3688 3683 3686
3683 3689 3687
3683 3688 3690
3683 3691 3689
3692 3683 3690
3683 3693 3691
3694 3693 3683
3683 3695 3694
3696 3695 3683
3683 3692 3697
3683 3698 3696
3683 3697 3699
3683 3699 3698
3700 3699 3697
3700 3698 3699
3701 3702 3703
3701 3703 3704
3701 3705 3702
3706 3701 3704
3701 3707 3705
3701 3706 3708
3701 3709 3707
3710 3701 3708
3701 3711 3709
3712 3711 3701
3701 3713 3712
3714 3713 3701
3701 3710 3715
3701 3716 3714
3701 3715 3717
3701 3717 3716
3718 3717 3715
3718 3716 3717
3719 3720 3721
3720 3719 3722
3719 3723 3722
3719 3724 3723
3724 3719 3725
3719 3726 3725
3719 3727 3726
3719 3728 3727
3719 3729 3728
3719 3730 3729
3719 3731 3730
3719 3732 3731
3719 3733 3732
3734 3733 3719
3719 3735 3734
3719 3736 3735
3737 3736 3719
3719 3738 3737
3719 3739 3738
3719 3721 3739
3740 3738 3739
3740 3739 3721
3741 3742 3743
3741 3743 3744
3741 3745 3742
3741 3744 3746
3741 3747 3745
3748 3741 3746
3741 3749 3747
3741 3748 3750
3741 3751 3749
3741 3750 3752
3741 3753 3751
3754 3741 3752
3755 3753 3741
3741 3756 3755
3741 3757 3756
3758 3757 3741
3741 3754 3759
3741 3760 3758
3741 3759 3761
3741 3761 3760
3762 3761 3759
3762 3760 3761
3763 3764 3765
3763 3765 3766
3763 3767 3764
3763 3766 3768
3763 3769 3767
3770 3763 3768
3763 3771 3769
3763 3770 3772
3763 3773 3771
3763 3772 3774
3763 3775 3773
3776 3763 3774
3777 3775 3763
3763 3778 3777
3763 3779 3778
3780 3779 3763
3763 3776 3781
3763 3782 3780
3763 3781 3783
3763 3783 3782
3784 3783 3781
3784 3782 3783
3785 3786 3787
3785 3787 3788
3785 3789 3786
3785 3788 3790
3785 3791 3789
3792 3785 3790
3785 3793 3791
3785 3792 3794
3785 3795 3793
3785 3794 3796
3785 3797 3795
3798 3785 3796
3799 3797 3785
3785 3800 3799
3785 3801 3800
3802 3801 3785
3785 3798 3803
3785 3804 3802
3785 3803 3805
3785 3805 3804
3806 3805 3803
3806 3804 3805
3807 3808 3809
3807 3809 3810
3807 3811 3808
3807 3810 3812
3807 3813 3811
3814 3807 3812
3807 3815 3813
3807 3814 3816
3807 3817 3815
3807 3816 3818
3807 3819 3817
3820 3807 3818
3821 3819 3807
3807 3822 3821
3807 3823 3822
3824 3823 3807
3807 3820 3825
3807 3826 3824
3807 3825 3827
3807 3827 3826
3828 3827 3825
3828 3826 3827
3829 3830 3831
3830 3829 3832
3829 3833 3832
3829 3834 3833
3829 3831 3835
3836 3829 3835
3836 3835 3837
3838 3835 3831
3829 3839 3834
3836 3839 3829
3834 3839 3840
3839 3841 3840
3841 3839 3842
3836 3842 3839
3841 3842 3843
3842 3844 3843
3844 3842 3845
3836 3845 3842
3844 3845 3846
3845 3847 3846
3845 3848 3847
3836 3848 3845
3848 3849 3847
3848 3850 3849
3836 3851 3848
3848 3851 3850
3850 3851 3852
3853 3852 3851
3836 3837 3851
3853 3851 3837
3853 3837 3854
3837 3855 3854
3856 3855 3837
3857 3856 3837
3857 3837 3835
3857 3835 3838
3838 3858 3859
3860 3859 3858
3861 3860 3858
3861 3858 3862
3860 3863 3859
3863 3860 3864
3860 3865 3864
3860 3866 3865
3860 3867 3866
3861 3867 3860
3866 3867 3868
3867 3869 3868
3869 3867 3870
3861 3870 3867
3869 3870 3871
3870 3872 3871
3872 3870 3873
3861 3873 3870
3872 3873 3874
3873 3875 3874
3873 3876 3875
3861 3876 3873
3876 3877 3875
3876 3878 3877
3861 3879 3876
3876 3879 3878
3878 3879 3880
3881 3880 3879
3861 3862 3879
3881 3879 3862
3881 3862 3882
3862 3883 3882
3884 3883 3862
3885 3884 3862
3885 3862 3858
3885 3858 3838
3838 3886 3887
3888 3887 3886
3889 3888 3886
3889 3886 3890
3891 3886 3838
3891 3890 3886
3888 3892 3887
3891 3893 3890
3892 3888 3894
3893 3895 3890
3888 3896 3894
3890 3895 3897
3888 3898 3896
3899 3890 3897
3888 3900 3898
3889 3900 3888
3898 3900 3901
3900 3902 3901
3899 3903 3890
3889 3890 3903
3899 3904 3903
3905 3903 3904
3902 3900 3906
3889 3906 3900
3902 3906 3907
3906 3908 3907
3909 3903 3905
3889 3903 3909
3909 3905 3910
3909 3910 3911
3889 3912 3906
3908 3906 3912
3889 3909 3912
3912 3909 3911
3908 3912 3913
3912 3911 3913
3914 3915 3916
3917 3915 3914
3918 3915 3917
3917 3914 3919
3917 3919 3920
3921 3917 3920
3915 3922 3916
3917 3921 3923
3922 3915 3924
3918 3924 3915
3922 3924 3925
3924 3926 3925
3917 3923 3927
3918 3917 3927
3918 3927 3928
3929 3927 3923
3926 3924 3930
3918 3930 3924
3926 3930 3931
3930 3932 3931
3930 3933 3932
3918 3933 3930
3933 3934 3932
3933 3935 3934
3918 3936 3933
3933 3936 3935
3918 3928 3936
3935 3936 3937
3938 3937 3936
3938 3936 3928
3938 3928 3939
3928 3940 3939
3941 3940 3928
3942 3941 3928
3942 3928 3927
3942 3927 3929
3929 3943 3944
3945 3944 3943
3946 3945 3943
3946 3943 3947
3948 3943 3929
3948 3947 3943
3945 3949 3944
3948 3950 3947
3949 3945 3951
3950 3952 3947
3945 3953 3951
3947 3952 3954
3945 3955 3953
3956 3947 3954
3945 3957 3955
3946 3957 3945
3955 3957 3958
3957 3959 3958
3956 3960 3947
3946 3947 3960
3956 3961 3960
3962 3960 3961
3959 3957 3963
3946 3963 3957
3959 3963 3964
3963 3965 3964
3966 3960 3962
3946 3960 3966
3966 3962 3967
3966 3967 3968
3946 3969 3963
3965 3963 3969
3946 3966 3969
3969 3966 3968
3965 3969 3970
3969 3968 3970
3971 3972 3973
3973 3972 3974
3971 3973 3975
3976 3971 3975
3976 3975 3977
3976 3977 3978
3973 3974 3979
3979 3974 3980
3981 3979 3980
3981 3973 3979
3981 3982 3973
3973 3982 3983
3973 3983 3975
3983 3977 3975
3983 3984 3977
3977 3984 3985
3977 3985 3978
3986 3978 3985
3987 3978 3986
3988 3986 3985
3988 3987 3986
3988 3985 3989
3988 3990 3987
3991 3988 3989
3990 3988 3991
3991 3989 3992
3993 3991 3992
3990 3991 3994
3994 3991 3993
3993 3992 3995
3994 3993 3996
3997 3993 3995
3993 3998 3996
3997 3999 3993
3993 3999 3998
4000 3999 3997
3998 3999 4000
4000 3997 4001
3998 4000 4002
4000 4003 4002
4004 4000 4001
4000 4005 4003
4004 4005 4000
4005 4006 4003
4004 4007 4005
4005 4007 4006
4004 4008 4007
4006 4007 4009
4009 4007 4008
4010 4011 4012
4011 4013 4012
4010 4014 4011
4015 4014 4010
4015 4016 4014
4015 4017 4016
4011 4018 4013
4018 4019 4013
4020 4019 4018
4020 4018 4011
4020 4011 4021
4011 4022 4021
4011 4014 4022
4022 4014 4016
4022 4016 4023
4016 4024 4023
4016 4017 4024
4025 4024 4017
4026 4025 4017
4027 4024 4025
4027 4025 4026
4027 4028 4024
4027 4026 4029
4030 4028 4027
4029 4030 4027
4030 4031 4028
4032 4031 4030
4029 4033 4030
4033 4032 4030
4032 4034 4031
4033 4035 4032
4036 4034 4032
4032 4035 4037
4036 4032 4038
4032 4037 4038
4039 4036 4038
4037 4039 4038
4039 4040 4036
4037 4041 4039
4039 4041 4042
4043 4040 4039
4039 4042 4044
4043 4039 4044
4044 4042 4045
4043 4044 4046
4044 4045 4046
4043 4046 4047
4045 4048 4046
4048 4047 4046
4049 4050 4051
4050 4052 4051
4049 4053 4050
4054 4053 4049
4054 4055 4053
4054 4056 4055
4050 4057 4052
4057 4058 4052
4059 4058 4057
4059 4057 4050
4059 4050 4060
4050 4061 4060
4050 4053 4061
4061 4053 4055
4061 4055 4062
4055 4063 4062
4055 4056 4063
4064 4063 4056
4065 4064 4056
4066 4063 4064
4066 4064 4065
4066 4067 4063
4066 4065 4068
4069 4067 4066
4068 4069 4066
4069 4070 4067
4071 4070 4069
4068 4072 4069
4072 4071 4069
4071 4073 4070
4072 4074 4071
4075 4073 4071
4071 4074 4076
4075 4071 4077
4071 4076 4077
4078 4075 4077
4076 4078 4077
4078 4079 4075
4076 4080 4078
4078 4080 4081
4082 4079 4078
4078 4081 4083
4082 4078 4083
4083 4081 4084
4082 4083 4085
4083 4084 4085
4082 4085 4086
4084 4087 4085
4087 4086 4085
4088 4089 4090
4090 4089 4091
4088 4090 4092
4093 4088 4092
4093 4092 4094
4093 4094 4095
4090 4091 4096
4096 4091 4097
4098 4096 4097
4098 4090 4096
4098 4099 4090
4090 4099 4100
4090 4100 4092
4100 4094 4092
4100 4101 4094
4094 4101 4102
4094 4102 4095
4103 4095 4102
4104 4095 4103
4105 4103 4102
4105 4104 4103
4105 4102 4106
4105 4107 4104
4108 4105 4106
4107 4105 4108
4108 4106 4109
4110 4108 4109
4107 4108 4111
4111 4108 4110
4110 4109 4112
4111 4110 4113
4114 4110 4112
4110 4115 4113
4114 4116 4110
4110 4116 4115
4117 4116 4114
4115 4116 4117
4117 4114 4118
4115 4117 4119
4117 4120 4119
4121 4117 4118
4117 4122 4120
4121 4122 4117
4122 4123 4120
4121 4124 4122
4122 4124 4123
4121 4125 4124
4123 4124 4126
4126 4124 4125
4127 4128 4129
4128 4127 4130
4127 4131 4130
4131 4127 4132
4127 4133 4132
4127 4134 4133
4127 4135 4134
4127 4136 4135
4127 4137 4136
4127 4138 4137
4139 4138 4127
4127 4140 4139
4141 4140 4127
4127 4142 4141
4127 4129 4143
4127 4143 4142
4143 4129 4144
4143 4144 4142
4145 4146 4144
4145 4144 4147
4148 4146 4145
4148 4145 4147
4148 4149 4146
4148 4147 4150
4149 4148 4151
4150 4152 4148
4148 4153 4151
4148 4152 4154
4153 4148 4155
4148 4154 4156
4148 4157 4155
4156 4158 4148
4148 4159 4157
4148 4158 4160
4148 4161 4159
4148 4160 4162
4148 4163 4161
4148 4162 4164
4148 4164 4163
4165 4166 4167
4165 4167 4168
4165 4169 4166
4165 4168 4170
4165 4171 4169
4172 4165 4170
4165 4173 4171
4165 4172 4174
4165 4175 4173
4165 4174 4176
4165 4177 4175
4178 4165 4176
4179 4177 4165
4165 4180 4179
4165 4181 4180
4182 4181 4165
4165 4178 4183
4165 4184 4182
4165 4183 4185
4165 4185 4184
4185 4183 4186
4185 4186 4184
4187 4188 4186
4189 4188 4187
4189 4190 4188
4190 4189 4191
4189 4192 4191
4189 4193 4192
4193 4189 4194
4189 4195 4194
4189 4196 4195
4189 4197 4196
4189 4198 4197
4189 4199 4198
4189 4200 4199
4189 4201 4200
4189 4202 4201
4203 4202 4189
4189 4204 4203
4189 4205 4204
4206 4205 4189
4189 4207 4206
4189 4187 4207
4187 4186 4207
4208 4209 4186
4208 4186 4210
4211 4209 4208
4211 4208 4210
4211 4212 4209
4211 4210 4213
4212 4211 4214
4213 4215 4211
4211 4216 4214
4211 4215 4217
4211 4218 4216
4217 4219 4211
4218 4211 4220
4211 4219 4221
4211 4222 4220
4211 4221 4223
4211 4224 4222
4211 4223 4225
4211 4226 4224
4211 4225 4226
4227 4228 4229
4227 4230 4228
4228 4231 4229
4228 4230 4232
4231 4228 4233
4232 4234 4228
4233 4228 4235
4234 4236 4228
4228 4237 4235
4228 4236 4238
4228 4239 4237
4228 4238 4240
4228 4241 4239
4228 4240 4241
4242 4243 4244
4242 4244 4245
4242 4246 4243
4247 4242 4245
4242 4248 4246
4249 4242 4247
4242 4250 4248
4242 4249 4251
4242 4252 4250
4253 4242 4251
4254 4252 4242
4253 4255 4242
4256 4254 4242
4242 4255 4256
4257 4258 4259
4257 4259 4260
4257 4261 4258
4262 4257 4260
4257 4263 4261
4264 4257 4262
4257 4265 4263
4257 4264 4266
4257 4267 4265
4268 4257 4266
4269 4267 4257
4268 4270 4257
4271 4269 4257
4257 4270 4271
4272 4273 4274
4272 4274 4275
4272 4276 4273
4277 4272 4275
4272 4278 4276
4279 4272 4277
4272 4280 4278
4272 4279 4281
4272 4282 4280
4283 4272 4281
4284 4282 4272
4283 4285 4272
4286 4284 4272
4272 4285 4286
4287 4288 4289
4287 4289 4290
4287 4291 4288
4292 4287 4290
4287 4293 4291
4294 4287 4292
4287 4295 4293
4287 4294 4296
4287 4297 4295
4298 4287 4296
4299 4297 4287
4298 4300 4287
4301 4299 4287
4287 4300 4301
4302 4303 4304
4303 4302 4305
4302 4306 4305
4306 4302 4307
4302 4308 4307
4302 4309 4308
4302 4310 4309
4302 4311 4310
4302 4312 4311
4302 4313 4312
4314 4313 4302
4302 4315 4314
4316 4315 4302
4302 4317 4316
4302 4304 4318
4302 4318 4317
4318 4304 4319
4318 4319 4317
4320 4321 4319
4322 4321 4320
4320 4319 4323
4322 4320 4323
4322 4324 4321
4322 4323 4325
4324 4322 4326
4325 4327 4322
4322 4328 4326
4322 4327 4329
4328 4322 4330
4329 4331 4322
4322 4332 4330
4322 4331 4333
4322 4334 4332
4322 4333 4335
4322 4336 4334
4322 4335 4336
4337 4338 4339
4337 4339 4340
4337 4341 4338
4342 4337 4340
4337 4343 4341
4337 4342 4344
4337 4345 4343
4346 4337 4344
4337 4347 4345
4348 4347 4337
4337 4349 4348
4350 4349 4337
4337 4346 4351
4337 4352 4350
4337 4351 4353
4337 4353 4352
4353 4351 4354
4353 4354 4352
4355 4356 4354
4357 4356 4355
4357 4358 4356
4358 4357 4359
4357 4360 4359
4360 4357 4361
4357 4362 4361
4357 4363 4362
4357 4364 4363
4357 4365 4364
4357 4366 4365
4357 4367 4366
4368 4367 4357
4357 4369 4368
4370 4369 4357
4357 4371 4370
4357 4355 4371
4355 4354 4371
4372 4373 4354
4374 4373 4372
4372 4354 4375
4374 4372 4375
4374 4376 4373
4374 4375 4377
4376 4374 4378
4377 4379 4374
4374 4380 4378
4374 4379 4381
4380 4374 4382
4381 4383 4374
4374 4384 4382
4374 4383 4385
4374 4386 4384
4374 4385 4387
4374 4388 4386
4374 4387 4388
4389 4390 4391
4392 4390 4389
4391 4390 4393
4392 4394 4390
4393 4390 4395
4394 4396 4390
4395 4390 4397
4396 4398 4390
4399 4397 4390
4398 4399 4390
4400 4401 4402
4403 4401 4400
4402 4401 4404
4403 4405 4401
4404 4401 4406
4405 4407 4401
4406 4401 4408
4407 4409 4401
4410 4408 4401
4409 4410 4401
4411 4412 4413
4414 4412 4411
4413 4412 4415
4414 4416 4412
4415 4412 4417
4416 4418 4412
4417 4412 4419
4418 4420 4412
4421 4419 4412
4420 4421 4412
4422 4423 4424
4425 4423 4422
4424 4423 4426
4427 4423 4425
4426 4423 4428
4427 4429 4423
4428 4423 4430
4429 4431 4423
4432 4430 4423
4431 4432 4423
4433 4434 4435
4436 4434 4433
4435 4434 4437
4438 4434 4436
4437 4434 4439
4438 4440 4434
4439 4434 4441
4440 4442 4434
4443 4441 4434
4442 4443 4434
4444 4445 4446
4445 4444 4447
4445 4448 4446
4449 4445 4447
4448 4445 4450
4445 4449 4451
4445 4452 4450
4453 4445 4451
4452 4445 4454
4445 4453 4455
4445 4456 4454
4457 4445 4455
4456 4445 4458
4445 4457 4459
4445 4460 4458
4460 4445 4459
