byte offset: 0
first index: 76035
index count: 2883
topology: trianglelist
format: DXGI_FORMAT_R16_UINT

20852 20853 20854
20852 20854 20855
20856 20852 20855
20857 20855 20854
20856 20855 20858
20859 20856 20858
20859 20858 20860
20860 20861 20859
20857 20862 20855
20863 20858 20855
20863 20855 20862
20857 20864 20862
20857 20865 20864
20862 20864 20866
20862 20866 20863
20867 20863 20866
20868 20858 20863
20867 20868 20863
20868 20860 20858
20868 20867 20869
20860 20868 20870
20868 20869 20870
20860 20871 20861
20860 20870 20871
20872 20861 20871
20870 20872 20871
20872 20873 20861
20874 20870 20869
20870 20874 20872
20874 20869 20875
20873 20872 20876
20874 20876 20872
20873 20876 20877
20875 20878 20874
20874 20878 20876
20875 20879 20878
20877 20876 20880
20878 20880 20876
20877 20880 20881
20879 20882 20878
20878 20882 20880
20879 20883 20882
20883 20884 20882
20880 20882 20884
20883 20885 20884
20880 20884 20886
20881 20880 20886
20881 20886 20887
20888 20889 20890
20888 20890 20891
20888 20891 20892
20888 20892 20893
20894 20893 20892
20895 20893 20894
20896 20895 20894
20895 20896 20897
20895 20897 20898
20895 20898 20899
20895 20899 20900
20900 20899 20901
20901 20899 20902
20901 20902 20903
20901 20903 20904
20901 20904 20905
20901 20905 20906
20907 20906 20905
20907 20905 20908
20907 20908 20909
20907 20909 20910
20910 20909 20911
20912 20911 20913
20914 20912 20913
20914 20913 20915
20914 20915 20916
20914 20916 20917
20918 20917 20916
20918 20916 20919
20918 20919 20920
20918 20920 20921
20918 20921 20922
20923 20918 20922
20924 20923 20922
20924 20922 20925
20924 20925 20926
20924 20926 20927
20927 20928 20924
20924 20928 20929
20928 20930 20929
20931 20929 20930
20931 20930 20932
20931 20932 20890
20931 20890 20933
20934 20935 20936
20934 20937 20935
20934 20938 20937
20935 20937 20939
20937 20938 20940
20939 20937 20941
20942 20937 20940
20937 20942 20943
20944 20937 20943
20945 20937 20944
20946 20941 20937
20937 20945 20947
20946 20937 20948
20937 20947 20948
20949 20946 20948
20948 20947 20950
20949 20948 20951
20948 20950 20951
20952 20951 20950
20951 20952 20953
20951 20953 20954
20951 20954 20955
20956 20951 20955
20956 20957 20951
20951 20958 20949
20957 20958 20951
20956 20959 20957
20957 20959 20960
20961 20957 20960
20957 20961 20962
20958 20957 20963
20957 20962 20963
20963 20962 20964
20965 20963 20964
20963 20965 20966
20967 20963 20966
20958 20963 20968
20969 20963 20967
20970 20968 20963
20969 20970 20963
20970 20969 20971
20970 20972 20968
20973 20970 20971
20972 20970 20974
20970 20973 20974
20972 20974 20975
20976 20974 20973
20975 20974 20977
20974 20976 20978
20979 20974 20978
20974 20979 20980
20981 20974 20980
20982 20974 20981
20974 20983 20977
20984 20974 20982
20984 20983 20974
20984 20985 20983
20986 20987 20985
20986 20988 20987
20986 20989 20988
20988 20990 20987
20989 20991 20988
20992 20990 20988
20991 20993 20988
20988 20993 20994
20994 20995 20988
20988 20995 20996
20997 20992 20988
20996 20998 20988
20997 20988 20999
20999 20988 20998
20998 21000 20999
20999 21001 20997
20999 21000 21002
20999 21003 21001
21002 21003 20999
21002 21004 21003
21004 21005 21003
21003 21005 21006
21006 21007 21003
21003 21007 21008
21009 21003 21008
21010 21001 21003
21010 21003 21009
21009 21008 21011
21011 21012 21009
21009 21012 21013
21014 21009 21013
21009 21015 21010
21014 21015 21009
21014 21016 21015
21015 21016 21017
21015 21018 21010
21018 21015 21019
21018 21019 21020
21020 21019 21021
21020 21021 21022
21023 21022 21021
21024 21023 21021
21025 21024 21021
21025 21021 21026
21025 21027 21024
21021 21028 21026
21029 21028 21021
21021 21030 21029
21031 21030 21021
21032 21031 21021
21021 21033 21032
21021 21019 21033
21019 21034 21033
21019 21015 21034
21035 21034 21015
21015 21036 21035
21015 21037 21036
21038 21039 21040
21038 21041 21039
21042 21041 21038
21043 21039 21041
21042 21044 21041
21045 21044 21042
21045 21046 21044
21046 21045 21047
21043 21041 21048
21049 21041 21044
21049 21048 21041
21043 21048 21050
21043 21050 21051
21048 21052 21050
21048 21049 21052
21053 21052 21049
21054 21049 21044
21053 21049 21054
21054 21044 21046
21054 21055 21053
21046 21056 21054
21054 21056 21055
21046 21047 21057
21046 21057 21056
21058 21057 21047
21056 21057 21058
21058 21047 21059
21060 21055 21056
21056 21058 21060
21060 21061 21055
21059 21062 21058
21060 21058 21062
21059 21063 21062
21061 21060 21064
21060 21062 21064
21061 21064 21065
21063 21066 21062
21064 21062 21066
21063 21067 21066
21065 21064 21068
21064 21066 21068
21065 21068 21069
21069 21068 21070
21066 21070 21068
21069 21070 21071
21066 21072 21070
21067 21072 21066
21067 21073 21072
21074 21075 21076
21074 21077 21075
21075 21077 21078
21078 21077 21074
21078 21074 21079
21080 21081 21082
21081 21080 21083
21083 21080 21084
21085 21086 21087
21086 21085 21088
21088 21085 21089
21089 21090 21088
21091 21090 21089
21091 21089 21092
21092 21093 21091
21093 21092 21094
21095 21096 21097
21095 21098 21096
21095 21099 21098
21098 21100 21096
21101 21098 21099
21101 21102 21098
21098 21103 21100
21098 21102 21103
21104 21105 21103
21104 21103 21106
21107 21104 21106
21107 21108 21104
21109 21105 21104
21110 21104 21108
21109 21104 21110
21109 21110 21111
21112 21113 21114
21113 21112 21115
21113 21115 21116
21113 21116 21117
21118 21116 21115
21117 21116 21118
21117 21118 21119
21118 21115 21120
21121 21120 21122
21121 21122 21123
21124 21121 21123
21124 21125 21121
21126 21124 21123
21126 21123 21122
21126 21122 21127
21127 21128 21126
21129 21130 21131
21131 21132 21129
21132 21133 21129
21134 21135 21136
21136 21137 21134
21137 21138 21134
21139 21140 21141
21139 21141 21142
21143 21139 21142
21143 21144 21139
21145 21144 21143
21146 21142 21141
21143 21142 21146
21146 21141 21147
21146 21147 21148
21146 21148 21149
21150 21146 21149
21143 21146 21150
21150 21149 21151
21152 21150 21151
21152 21153 21150
21153 21143 21150
21154 21153 21152
21145 21143 21155
21153 21155 21143
21156 21145 21155
21154 21157 21153
21157 21155 21153
21156 21155 21158
21157 21158 21155
21159 21156 21158
21160 21157 21154
21160 21158 21157
21160 21154 21161
21162 21160 21161
21162 21163 21160
21159 21158 21164
21160 21164 21158
21163 21164 21160
21165 21159 21164
21163 21166 21164
21165 21164 21166
21167 21168 21169
21169 21170 21167
21167 21170 21171
21171 21170 21172
21171 21172 21173
21174 21171 21173
21174 21173 21175
21175 21176 21174
21177 21178 21179
21179 21180 21177
21179 21181 21180
21180 21182 21177
21183 21182 21180
21183 21180 21184
21180 21181 21185
21180 21185 21184
21186 21187 21185
21188 21187 21186
21186 21185 21189
21188 21186 21190
21191 21186 21189
21186 21192 21190
21191 21192 21186
21192 21191 21193
21194 21195 21196
21197 21194 21196
21196 21198 21197
21197 21199 21194
21198 21200 21197
21200 21199 21197
21198 21201 21200
21200 21202 21199
21203 21204 21202
21203 21205 21204
21205 21206 21204
21207 21205 21203
21207 21203 21208
21209 21205 21207
21205 21209 21206
21206 21209 21210
21211 21212 21213
21211 21213 21214
21213 21215 21214
21215 21211 21214
21215 21216 21211
21217 21218 21219
21219 21220 21217
21220 21221 21217
21222 21223 21224
21224 21225 21222
21225 21226 21222
21226 21225 21227
21228 21226 21227
21228 21229 21226
21229 21228 21230
21230 21231 21229
21232 21233 21234
21234 21235 21232
21234 21236 21235
21234 21237 21236
21238 21235 21236
21237 21238 21236
21238 21239 21235
21237 21240 21238
21241 21242 21243
21242 21241 21244
21244 21241 21245
21246 21247 21248
21247 21246 21249
21249 21246 21250
21251 21252 21253
21251 21254 21252
21255 21254 21251
21255 21251 21256
21257 21255 21256
21258 21252 21254
21258 21259 21252
21258 21260 21259
21258 21261 21260
21262 21258 21254
21262 21261 21258
21262 21254 21255
21262 21263 21261
21264 21263 21262
21264 21262 21265
21265 21262 21255
21266 21264 21265
21257 21267 21255
21265 21255 21267
21268 21267 21257
21268 21269 21267
21269 21265 21267
21270 21269 21268
21266 21265 21271
21269 21271 21265
21272 21266 21271
21272 21271 21269
21272 21273 21266
21274 21273 21272
21274 21272 21275
21276 21275 21272
21270 21277 21269
21272 21269 21277
21276 21272 21277
21278 21277 21270
21278 21276 21277
21279 21280 21281
21280 21279 21282
21279 21283 21282
21283 21284 21282
21283 21285 21284
21286 21285 21283
21286 21287 21285
21287 21286 21288
21289 21290 21291
21292 21290 21289
21290 21292 21293
21292 21289 21294
21293 21292 21295
21295 21292 21294
21293 21295 21296
21295 21294 21297
21298 21297 21299
21298 21299 21300
21300 21299 21301
21302 21298 21300
21302 21303 21298
21304 21302 21300
21300 21301 21304
21301 21305 21304
21306 21307 21308
21306 21308 21309
21308 21310 21309
21310 21306 21309
21310 21311 21306
21312 21313 21314
21314 21315 21312
21315 21316 21312
21317 21318 21319
21319 21320 21317
21320 21321 21317
21321 21320 21322
21323 21321 21322
21323 21324 21321
21324 21323 21325
21325 21326 21324
21327 21328 21329
21327 21330 21328
21327 21331 21330
21328 21330 21332
21333 21332 21330
21333 21330 21334
21330 21331 21335
21330 21335 21334
21336 21337 21335
21338 21337 21336
21338 21336 21339
21336 21335 21340
21341 21339 21336
21341 21336 21340
21341 21340 21342
21341 21342 21343
21344 21345 21346
21345 21344 21347
21347 21344 21348
21349 21350 21351
21350 21349 21352
21352 21349 21353
21354 21355 21356
21354 21357 21355
21358 21357 21354
21358 21354 21359
21360 21358 21359
21361 21355 21357
21361 21362 21355
21361 21363 21362
21361 21364 21363
21365 21361 21357
21365 21364 21361
21365 21357 21358
21365 21366 21364
21367 21366 21365
21367 21365 21368
21368 21365 21358
21369 21367 21368
21360 21370 21358
21368 21358 21370
21371 21370 21360
21371 21372 21370
21372 21368 21370
21373 21372 21371
21369 21368 21374
21372 21374 21368
21375 21369 21374
21375 21374 21372
21375 21376 21369
21377 21376 21375
21377 21375 21378
21373 21379 21372
21375 21372 21379
21378 21375 21379
21380 21379 21373
21378 21379 21381
21380 21381 21379
21382 21383 21384
21383 21382 21385
21382 21386 21385
21386 21387 21385
21386 21388 21387
21389 21388 21386
21389 21390 21388
21390 21389 21391
21392 21393 21394
21393 21392 21395
21393 21395 21396
21395 21392 21397
21398 21395 21397
21398 21399 21395
21395 21400 21396
21395 21399 21400
21401 21402 21400
21401 21400 21403
21404 21401 21403
21404 21405 21401
21406 21402 21401
21401 21405 21407
21406 21401 21407
21407 21408 21406
21409 21410 21411
21409 21412 21410
21410 21412 21413
21413 21412 21409
21413 21409 21414
21415 21416 21417
21416 21415 21418
21418 21415 21419
21420 21421 21422
21421 21420 21423
21423 21420 21424
21424 21425 21423
21426 21425 21424
21426 21424 21427
21427 21428 21426
21428 21427 21429
21430 21431 21432
21431 21430 21433
21431 21433 21434
21431 21434 21435
21436 21434 21433
21435 21434 21436
21436 21433 21437
21435 21436 21438
21439 21440 21441
21441 21442 21439
21442 21443 21439
21444 21445 21446
21446 21447 21444
21447 21448 21444
21449 21450 21451
21449 21451 21452
21452 21451 21453
21454 21449 21452
21454 21455 21449
21456 21455 21454
21452 21453 21457
21457 21453 21458
21457 21458 21459
21460 21452 21457
21460 21457 21459
21460 21454 21452
21460 21459 21461
21462 21460 21461
21462 21463 21460
21463 21454 21460
21464 21463 21462
21456 21454 21465
21463 21465 21454
21466 21456 21465
21464 21467 21463
21467 21465 21463
21466 21465 21468
21467 21468 21465
21469 21466 21468
21469 21468 21470
21470 21468 21467
21471 21469 21470
21471 21470 21472
21473 21467 21464
21470 21467 21473
21472 21470 21473
21473 21464 21474
21472 21473 21475
21476 21473 21474
21476 21475 21473
21477 21478 21479
21479 21480 21477
21477 21480 21481
21481 21480 21482
21481 21482 21483
21484 21481 21483
21484 21483 21485
21485 21486 21484
21487 21488 21489
21487 21489 21490
21491 21492 21493
21491 21493 21494
21495 21496 21497
21495 21497 21498
21499 21500 21501
21499 21501 21502
21503 21504 21505
21504 21506 21505
21507 21508 21509
21507 21509 21510
21511 21512 21513
21511 21513 21514
21515 21516 21517
21515 21517 21518
21519 21520 21521
21519 21521 21522
21523 21524 21525
21523 21525 21526
21527 21528 21529
21527 21529 21530
21530 21529 21531
21532 21527 21530
21532 21530 21533
21534 21535 21536
21534 21536 21537
21536 21538 21537
21539 21540 21541
21541 21540 21542
21542 21540 21543
21540 21544 21543
21540 21545 21544
21544 21545 21546
21546 21545 21547
21544 21546 21548
21549 21544 21548
21546 21547 21550
21548 21546 21550
21547 21551 21550
21547 21552 21551
21551 21552 21553
21554 21550 21551
21554 21548 21550
21554 21551 21555
21555 21551 21553
21555 21553 21556
21553 21557 21556
21554 21558 21548
21549 21548 21559
21559 21548 21558
21559 21560 21549
21559 21558 21561
21559 21562 21560
21561 21562 21559
21563 21560 21562
21561 21564 21562
21563 21562 21564
21565 21566 21567
21566 21568 21567
21568 21569 21567
21567 21569 21570
21567 21570 21571
21570 21572 21571
21572 21573 21571
21570 21574 21572
21575 21574 21570
21572 21576 21573
21574 21576 21572
21573 21576 21577
21573 21577 21578
21577 21579 21578
21580 21577 21576
21580 21576 21574
21580 21581 21577
21581 21579 21577
21581 21582 21579
21579 21582 21583
21580 21574 21584
21575 21585 21574
21585 21584 21574
21585 21575 21586
21585 21587 21584
21585 21586 21588
21587 21585 21588
21589 21588 21586
21587 21588 21590
21589 21590 21588
1326 21591 1318
21592 1318 21591
1318 21592 21593
1318 21593 21594
21594 21593 21595
21594 21595 21596
21597 21594 21596
21594 21597 21598
21594 21598 21599
1318 21594 1314
21599 21600 21594
21601 1314 21594
1312 1314 21601
21600 21602 21594
21601 21594 21602
21602 21600 21603
21602 21603 21604
21601 21605 1312
1311 1312 21605
1310 1311 21605
21602 21606 21601
21601 21606 21605
21607 1310 21605
1310 21607 1309
21608 21607 21605
21606 21608 21605
21606 21609 21608
21602 21610 21606
21610 21609 21606
21604 21610 21602
21610 21611 21609
21604 21612 21610
21612 21611 21610
21613 21612 21604
21612 21614 21611
21613 21615 21612
21615 21614 21612
21613 21616 21615
21616 21617 21615
21615 21618 21614
21617 21618 21615
21619 21618 21617
21619 21620 21618
21621 21620 21619
1461 1453 21622
21623 21622 1453
1453 21624 21623
1453 21625 21624
21625 21626 21624
21625 21627 21626
21628 21627 21625
21625 21629 21628
21625 21630 21629
1453 1449 21625
21630 21625 21631
21632 21625 1449
1447 21632 1449
21625 21633 21631
21632 21633 21625
21633 21634 21631
21633 21635 21634
21632 1447 21636
21636 1447 1446
1445 21636 1446
21633 21632 21637
21632 21636 21637
21638 21636 1445
1445 1444 21638
21639 21636 21638
21637 21636 21639
21637 21639 21640
21633 21637 21641
21641 21637 21640
21635 21633 21641
21641 21640 21642
21635 21641 21643
21643 21641 21642
21644 21635 21643
21643 21642 21645
21644 21643 21646
21646 21643 21645
21644 21646 21647
21647 21646 21648
21646 21645 21649
21648 21646 21649
21650 21648 21649
21650 21649 21651
21652 21650 21651
21653 21654 21655
21653 21655 21656
21657 21653 21656
21657 21656 21658
21659 21657 21658
21659 21658 21660
21661 21659 21660
21661 21660 21662
21663 21661 21662
21663 21662 21664
21665 21663 21664
21665 21664 21666
21667 21665 21666
21667 21666 21668
21669 21667 21668
21669 21668 21670
21671 21669 21670
21671 21672 21669
21671 21673 21672
21673 21674 21672
21674 21673 21675
21673 21676 21675
21673 21677 21676
21671 21678 21673
21673 21679 21677
21678 21680 21673
21678 21681 21680
21681 21682 21680
21680 21682 21683
21680 21683 21684
21680 21684 21685
21680 21685 21686
21680 21686 21687
21680 21687 21688
21673 21689 21679
21689 21690 21679
21691 21690 21689
21692 21691 21689
21692 21689 21693
21689 21694 21693
21689 21695 21694
21696 21692 21693
21696 21693 21697
21698 21696 21697
21698 21697 21699
21700 21698 21699
21700 21699 21701
21702 21700 21701
21702 21701 21703
21704 21702 21703
21704 21703 21705
21706 21704 21705
21706 21705 21707
21708 21706 21707
21708 21707 21709
21710 21708 21709
21710 21709 21711
21710 21711 21712
21713 21714 21715
21713 21715 21716
21713 21716 21717
21713 21717 21718
21689 21713 21718
21689 21718 21719
21689 21719 21720
21695 21689 21720
21689 21721 21713
21689 21722 21721
21673 21722 21689
21722 21723 21721
21673 21724 21722
21680 21724 21673
21723 21722 21725
21725 21722 21724
21723 21725 21726
21725 21727 21726
21725 21724 21728
21727 21725 21728
21728 21724 21729
21680 21729 21724
21728 21729 21730
21727 21728 21730
21731 21729 21680
21730 21729 21731
21731 21680 21732
21730 21731 21733
21727 21730 21733
21680 21688 21732
21688 21734 21732
21734 21735 21732
21732 21735 21736
21737 21732 21736
21737 21731 21732
21737 21736 21738
21739 21737 21738
21739 21740 21737
21740 21741 21737
21741 21731 21737
21742 21731 21741
21740 21743 21741
21743 21744 21741
21742 21741 21744
21742 21744 21745
21742 21745 21746
21747 21742 21746
21742 21747 21748
21749 21742 21748
21731 21742 21749
21749 21748 21750
21749 21750 21751
21749 21751 21752
21749 21752 21753
21754 21749 21753
21754 21753 21755
21756 21754 21755
21754 21756 21757
21758 21754 21757
21759 21731 21749
21759 21749 21754
21759 21754 21760
21758 21761 21754
21760 21754 21761
21761 21758 21762
21763 21761 21762
21731 21759 21764
21764 21759 21760
21731 21764 21733
21764 21727 21733
21763 21765 21761
21765 21760 21761
21765 21763 21766
21765 21766 21767
21768 21765 21767
21765 21769 21760
21760 21769 21770
21727 21764 21771
21764 21760 21771
21770 21727 21771
21760 21770 21771
