byte offset: 0
first index: 0
index count: 19254
topology: trianglelist
format: DXGI_FORMAT_R16_UINT

0 1 2
3 1 4
5 6 7
8 9 10
11 12 13
14 15 12
16 15 14
16 14 17
18 16 17
18 17 19
18 19 20
18 20 21
21 20 22
21 22 23
23 22 24
23 24 25
25 24 26
27 14 12
27 12 28
29 27 28
29 28 30
31 27 29
27 32 14
31 32 27
14 32 33
34 32 31
32 35 33
34 36 32
32 36 35
37 36 34
35 36 38
37 38 36
35 38 39
40 38 37
39 38 41
40 41 38
39 41 24
42 41 40
24 41 43
42 43 41
24 43 26
44 43 42
26 43 44
26 44 45
45 44 46
44 42 47
46 44 47
45 46 48
46 49 48
46 50 49
50 51 49
46 47 52
53 50 46
53 46 52
50 54 51
55 50 53
55 54 50
55 53 56
55 56 57
55 57 58
59 53 52
55 58 60
60 54 55
60 58 61
51 54 62
60 62 54
51 62 63
64 63 62
59 52 65
47 65 52
66 62 60
64 62 66
60 61 67
66 60 67
68 64 66
68 66 67
68 69 64
61 70 67
68 67 70
61 71 70
72 69 68
72 68 70
72 73 69
71 74 70
72 70 74
71 75 74
76 73 72
76 72 74
76 77 73
75 78 74
75 79 78
76 74 80
81 78 79
81 79 82
81 82 83
81 83 84
85 84 83
85 83 86
85 86 87
85 87 88
89 76 80
90 88 87
89 91 76
77 76 91
92 91 89
77 91 93
92 94 91
93 91 94
93 94 95
94 92 96
94 97 95
94 96 97
97 96 88
97 88 98
99 98 88
90 99 88
99 100 98
99 101 100
90 102 99
99 102 101
90 103 102
101 102 104
102 103 104
105 106 107
108 109 110
111 112 113
114 115 116
117 118 114
117 119 118
117 114 120
121 119 117
117 120 122
121 117 123
117 122 123
124 121 123
124 125 121
126 125 124
126 124 127
128 126 127
128 127 129
130 128 129
130 129 131
132 130 131
122 133 123
122 134 133
133 134 135
133 135 136
135 137 136
135 138 137
138 139 137
138 140 139
140 141 139
142 143 144
143 145 144
143 146 145
145 146 147
145 147 148
147 149 148
147 150 149
149 150 151
149 151 152
151 153 152
151 154 153
154 155 153
154 156 155
156 157 155
156 158 157
158 159 157
158 160 159
160 161 159
160 162 161
163 164 165
163 166 164
166 163 167
166 167 168
168 167 169
168 169 170
170 169 171
170 171 172
172 171 173
172 173 174
174 173 175
174 175 176
177 176 175
177 178 176
179 178 177
179 180 178
180 179 181
180 181 182
183 182 181
184 185 186
186 187 184
186 188 187
188 189 187
188 190 189
191 189 190
191 190 192
192 193 191
192 194 193
195 193 194
195 194 196
197 195 196
197 196 198
199 197 198
199 198 200
201 199 200
201 200 202
202 203 201
202 204 203
205 195 197
206 197 199
206 205 197
207 199 201
207 206 199
201 203 208
201 208 207
205 209 195
209 210 195
209 211 210
212 210 211
212 211 213
213 214 212
213 215 214
216 214 215
216 215 217
218 216 217
218 217 219
220 218 219
220 219 221
222 220 221
222 221 223
224 222 223
225 224 223
226 224 225
227 226 225
228 225 223
227 225 228
228 223 221
228 229 227
230 228 221
228 230 229
230 221 219
231 229 230
232 230 219
231 230 232
232 219 217
232 233 231
234 232 217
232 234 233
234 217 215
234 235 233
215 236 234
234 236 235
215 213 236
237 235 236
213 238 236
237 236 238
213 211 238
239 237 238
240 238 211
239 238 240
240 211 209
240 241 239
242 240 209
240 242 241
242 209 205
243 241 242
205 243 242
244 241 243
205 206 243
243 245 244
206 246 243
243 246 245
206 207 246
245 246 247
207 247 246
245 247 248
207 208 247
249 247 208
247 250 248
247 249 250
249 208 251
203 251 208
252 249 251
203 253 251
252 251 253
254 250 249
252 254 249
255 253 203
255 203 204
248 250 256
254 257 250
256 250 257
248 256 258
258 259 248
258 260 259
260 261 259
260 262 261
263 261 262
263 262 264
264 265 263
264 266 265
266 267 265
266 268 267
269 267 268
269 268 270
270 271 269
260 258 272
262 260 273
260 272 273
258 274 272
258 256 274
262 273 275
275 276 262
275 277 276
275 278 277
278 279 277
278 280 279
280 281 279
280 282 281
283 281 282
283 282 284
284 285 283
284 286 285
286 287 285
286 288 287
288 289 287
288 290 289
291 289 290
292 288 286
292 290 288
293 286 284
293 292 286
284 282 294
284 294 293
295 282 280
295 294 282
291 290 296
296 297 291
298 290 292
298 292 293
298 296 290
299 297 296
299 296 298
297 299 300
299 301 300
299 302 301
302 299 298
302 303 301
298 293 304
304 293 294
302 298 304
302 305 303
305 302 304
305 306 303
307 304 294
305 304 307
307 294 295
305 308 306
308 305 307
308 309 306
295 310 307
308 307 310
308 311 309
311 308 310
312 309 311
295 313 310
280 313 295
280 278 313
314 310 313
314 313 278
314 311 310
314 278 275
314 315 311
275 315 314
312 311 315
275 273 315
312 315 316
273 316 315
317 312 316
273 272 316
317 316 318
272 318 316
272 274 318
319 318 274
320 318 319
320 321 318
322 321 320
322 323 321
320 324 322
320 325 324
319 325 320
325 326 324
319 274 327
327 274 256
325 328 326
328 329 326
319 330 325
327 330 319
330 328 325
327 256 331
256 257 331
328 332 329
332 333 329
327 334 330
334 327 331
330 335 328
335 332 328
335 330 334
332 336 333
337 333 336
337 336 338
334 331 339
339 331 257
335 334 340
340 334 339
335 341 332
341 336 332
341 335 340
338 336 342
341 342 336
341 340 343
342 341 343
344 338 342
342 343 344
344 345 338
340 339 346
346 343 340
339 257 347
346 339 347
345 344 348
345 348 349
350 344 343
346 350 343
348 344 350
351 350 346
346 347 351
352 347 257
352 257 254
348 350 353
351 353 350
354 351 347
354 347 352
254 355 352
254 252 355
353 356 348
348 356 349
351 357 353
353 357 356
351 354 357
352 358 354
352 355 358
356 359 349
357 359 356
354 360 357
357 360 359
354 358 360
359 361 349
361 359 360
349 361 362
363 360 358
361 360 363
355 364 358
363 358 364
362 361 365
362 365 366
367 361 363
364 367 363
367 365 361
366 365 368
368 369 366
355 370 364
370 355 252
370 252 371
252 253 371
364 370 372
372 370 371
253 373 371
372 371 373
253 255 373
364 372 374
364 374 367
365 367 375
365 375 368
376 372 373
374 372 376
377 367 374
377 375 367
374 376 377
378 375 377
378 377 376
255 379 373
376 373 379
380 368 375
378 380 375
381 368 380
381 380 378
255 382 379
382 255 204
379 383 376
378 376 383
379 384 383
382 384 379
382 204 385
385 204 386
383 387 378
384 387 383
381 388 368
368 388 369
389 369 388
381 378 390
390 378 387
389 388 391
389 391 392
381 393 388
391 388 393
390 393 381
392 391 394
391 393 394
392 394 395
396 394 393
390 396 393
395 394 397
396 397 394
395 397 398
399 398 397
399 400 398
401 397 396
401 399 397
390 402 396
396 402 401
400 399 403
400 403 404
399 401 405
399 405 403
406 404 403
406 407 404
390 408 402
390 387 408
409 401 402
409 405 401
410 403 405
410 406 403
407 406 411
407 411 412
413 412 411
408 387 414
384 414 387
402 408 415
402 415 409
408 414 415
416 405 409
416 410 405
417 416 409
417 409 415
406 410 418
406 418 411
411 419 413
411 418 419
415 414 420
415 420 417
421 410 417
421 418 410
421 417 420
414 422 420
414 384 422
420 423 421
420 422 423
421 423 424
418 421 425
421 424 425
418 425 419
426 425 424
426 427 425
427 419 425
428 427 426
429 422 384
382 429 384
429 382 385
422 429 430
429 385 430
422 430 431
432 431 430
430 385 433
432 430 433
385 386 433
434 433 386
435 432 433
434 436 433
435 433 436
437 436 434
438 435 436
437 438 436
438 439 435
438 437 440
439 438 441
438 440 441
439 441 442
441 440 443
444 442 441
441 443 444
444 445 442
444 443 446
444 447 445
444 446 448
444 448 447
446 449 448
448 449 447
450 451 452
450 453 451
453 454 451
453 455 454
455 456 454
455 457 456
458 456 457
458 457 459
459 460 458
459 461 460
462 460 461
462 461 463
462 463 464
463 465 464
461 465 463
466 461 459
461 466 465
467 459 457
466 459 467
468 465 466
465 468 469
468 466 470
467 470 466
467 471 470
467 457 472
471 467 472
455 472 457
471 472 473
455 474 472
473 472 474
453 474 455
473 474 475
453 476 474
475 474 476
450 476 453
475 476 477
450 478 476
478 477 476
478 450 479
478 480 477
478 479 481
482 480 478
482 478 481
483 484 485
483 486 484
483 487 486
488 486 487
488 487 489
490 488 489
490 489 491
492 490 491
492 491 493
494 492 493
494 495 492
496 497 498
499 496 498
499 500 496
500 499 501
500 501 502
502 503 500
502 501 504
505 503 502
502 504 505
506 505 504
505 507 503
506 508 505
507 505 508
508 506 509
508 509 510
511 510 509
507 508 512
512 508 510
511 513 510
514 513 511
513 514 515
510 513 515
516 515 514
510 515 517
517 515 516
512 510 517
517 516 518
512 517 518
512 518 519
507 512 519
507 519 520
507 520 521
507 521 522
523 524 525
526 525 524
526 527 525
528 527 526
528 529 527
529 528 530
529 530 531
530 532 531
533 532 530
534 532 533
534 535 532
536 535 534
536 537 535
537 536 538
539 536 534
536 540 538
536 539 540
539 534 541
541 534 542
538 540 543
538 543 544
545 544 543
545 546 544
545 547 546
545 548 547
549 548 545
550 549 545
550 545 543
543 551 550
543 540 551
540 552 551
540 539 552
553 552 539
553 539 541
541 554 553
541 555 554
541 542 555
556 554 555
542 557 555
556 555 557
542 558 557
557 558 559
556 557 560
557 559 560
556 560 561
562 560 559
563 561 560
562 563 560
563 564 561
565 563 562
566 564 563
565 566 563
566 567 564
566 565 568
567 566 569
566 568 569
567 569 570
571 569 568
570 569 571
571 568 572
570 571 573
574 571 572
571 574 573
575 576 577
575 577 578
578 579 575
577 580 578
578 581 579
581 582 579
580 583 578
578 583 581
580 584 583
581 585 582
581 583 585
586 582 585
586 585 587
587 585 583
588 586 587
589 583 584
587 583 589
589 584 590
588 587 591
591 587 589
592 588 591
593 589 590
591 589 593
593 590 594
592 591 595
595 591 593
595 596 592
597 593 594
595 593 597
596 595 597
597 594 598
596 597 599
599 597 598
599 600 596
599 598 601
599 602 600
601 602 599
602 603 600
601 604 602
602 605 603
604 605 602
605 606 603
604 607 605
605 608 606
607 608 605
608 609 606
607 610 608
608 611 609
610 611 608
610 612 611
613 611 612
611 614 609
613 615 611
611 615 614
616 615 613
617 614 615
616 617 615
617 618 614
619 617 616
620 618 617
619 620 617
620 621 618
622 620 619
623 621 620
622 623 620
623 624 621
623 622 625
624 623 626
623 625 626
624 626 627
625 628 626
626 628 627
629 630 631
629 632 630
632 629 633
630 632 634
630 634 635
634 632 636
632 633 636
634 636 637
638 636 633
638 637 636
638 633 639
638 640 637
641 638 639
640 638 641
641 639 642
640 641 643
642 644 641
644 643 641
642 645 644
644 646 643
647 644 645
647 646 644
647 645 648
647 649 646
650 647 648
650 649 647
650 648 651
650 652 649
651 653 650
652 650 653
651 654 653
652 653 655
654 656 653
655 653 656
654 657 656
655 656 658
658 656 659
658 659 660
661 660 659
661 662 660
662 661 663
662 663 664
657 665 656
657 666 665
665 666 667
665 667 668
664 663 669
670 668 667
670 671 668
670 669 671
664 669 672
670 673 669
672 669 674
673 674 669
672 674 675
673 676 674
677 675 674
677 674 676
678 679 680
678 681 679
678 682 681
678 683 682
681 682 684
685 679 681
681 684 685
685 686 679
685 684 687
688 686 685
685 687 688
688 689 686
688 687 690
691 689 688
688 690 691
691 692 689
693 691 690
692 691 693
693 690 694
692 693 695
696 693 694
695 693 696
696 694 697
695 696 698
699 696 697
699 698 696
699 697 700
699 701 698
700 702 699
701 699 702
700 703 702
701 702 704
703 705 702
704 702 705
703 706 705
704 705 707
706 708 705
708 707 705
706 709 708
708 710 707
709 711 708
711 710 708
711 712 710
709 713 711
711 714 712
713 715 711
711 715 714
715 716 714
713 717 715
717 718 715
719 720 721
719 721 722
723 722 721
723 724 722
722 725 719
724 726 722
722 726 725
724 727 726
728 725 726
727 728 726
728 729 725
727 730 728
728 731 729
730 732 728
728 732 731
730 733 732
732 734 731
733 735 732
732 735 734
733 736 735
735 737 734
736 738 735
735 738 737
736 739 738
738 740 737
741 738 739
738 742 740
741 739 743
742 744 740
742 745 744
744 745 746
743 747 741
746 747 748
743 748 747
749 750 751
749 751 752
749 752 753
749 753 754
755 754 753
755 753 756
757 755 756
757 756 758
758 759 757
753 760 756
753 761 760
756 760 762
756 762 758
763 761 753
763 764 761
764 763 751
764 751 765
766 758 762
766 767 758
758 767 759
768 767 766
769 759 767
768 769 767
769 770 759
771 769 768
772 770 769
771 772 769
772 773 770
774 772 771
773 772 775
774 775 772
773 775 776
775 774 777
778 776 775
775 777 778
778 779 776
777 780 778
778 780 779
781 782 783
781 784 782
784 781 785
786 782 784
784 785 787
786 784 788
787 788 784
789 786 788
787 790 788
789 788 791
790 791 788
792 789 791
790 793 791
792 791 794
794 791 793
795 792 794
794 793 796
795 794 797
797 794 796
798 795 797
797 796 799
798 797 800
799 800 797
801 798 800
799 802 800
801 800 803
803 800 802
804 801 803
803 802 805
804 803 806
806 803 805
806 807 804
806 805 808
806 809 807
809 806 808
810 807 809
809 808 811
810 809 812
811 812 809
813 810 812
811 814 812
813 812 815
814 815 812
815 816 813
814 817 815
815 818 816
818 815 817
818 817 819
818 820 816
821 818 819
818 821 820
821 819 822
821 822 823
820 821 824
821 823 824
820 824 825
823 826 824
824 826 825
827 828 829
827 829 830
827 830 831
831 830 832
831 832 833
833 832 834
833 834 835
836 835 834
836 834 837
836 837 838
836 838 839
838 840 839
838 841 840
842 840 841
842 841 843
843 844 842
843 845 844
846 844 845
846 845 847
838 837 848
849 841 838
838 848 849
850 843 841
849 850 841
845 843 851
850 851 843
852 847 845
845 851 853
854 848 837
854 837 855
853 856 852
852 856 847
857 854 855
857 855 858
859 857 858
859 858 860
861 859 860
861 860 862
861 862 863
864 848 854
854 865 864
854 857 865
866 865 857
866 857 859
867 866 859
867 859 861
864 868 848
861 869 867
849 848 868
861 870 869
861 863 870
870 871 869
863 872 870
870 872 871
863 873 872
873 874 872
873 875 874
849 868 876
876 850 849
872 877 871
872 874 877
875 878 874
875 879 878
879 880 878
881 877 874
881 874 878
871 877 882
877 881 882
878 880 883
878 883 881
876 884 850
851 850 884
871 882 885
886 871 885
887 883 880
887 880 888
889 887 888
889 890 887
890 883 887
890 891 883
892 883 891
892 881 883
881 892 882
892 893 882
882 893 894
882 894 885
894 895 885
886 885 895
894 896 895
886 895 897
896 897 895
886 897 898
896 899 897
900 898 897
900 897 899
900 901 898
900 899 902
900 903 901
904 900 902
900 904 903
904 902 905
906 903 904
905 907 904
906 904 907
905 908 907
868 906 907
909 907 908
868 907 909
909 908 910
876 868 909
910 911 909
876 909 911
910 912 911
911 884 876
913 911 912
911 913 884
913 912 914
913 915 884
851 884 915
853 851 915
916 913 914
913 916 915
916 914 917
853 915 918
918 915 916
919 853 918
853 919 856
918 916 920
921 920 916
921 922 920
922 921 923
922 923 924
925 922 924
920 922 926
926 922 925
926 918 920
926 925 927
926 928 918
919 918 928
926 927 929
929 928 926
927 930 929
919 928 931
929 931 928
929 930 932
931 929 932
930 933 932
919 931 934
856 919 934
932 933 935
935 933 936
931 932 937
934 931 937
937 932 935
935 936 938
938 936 939
937 935 940
938 940 935
934 937 941
941 937 940
856 934 942
941 942 934
938 939 943
944 943 939
938 945 940
943 945 938
946 856 942
946 847 856
941 947 942
947 946 942
941 940 948
948 940 945
947 941 948
949 847 946
949 950 847
949 951 950
949 952 951
953 952 949
949 946 954
953 949 954
954 946 947
955 953 954
955 954 947
955 956 953
955 957 956
947 948 958
955 947 958
955 959 957
959 955 958
959 960 957
961 958 948
961 959 958
948 945 961
959 962 960
962 963 960
961 945 964
943 964 945
965 959 961
965 962 959
961 964 965
962 966 963
966 967 963
968 964 943
944 968 943
962 965 969
966 962 969
966 970 967
970 966 969
970 971 967
965 964 972
968 972 964
965 972 969
970 973 971
974 971 973
970 969 975
975 973 970
969 972 976
969 976 975
972 968 977
972 977 976
974 973 978
979 974 978
975 980 973
980 975 976
978 973 980
979 978 981
982 979 981
978 980 983
983 981 978
980 976 984
983 980 984
982 981 985
986 982 985
976 987 984
976 977 987
983 988 981
985 981 988
983 984 989
987 989 984
989 988 983
986 985 990
991 986 990
991 990 992
985 988 993
993 990 985
992 990 994
993 994 990
992 994 995
989 996 988
996 993 988
987 997 989
997 996 989
994 993 998
996 998 993
995 994 999
994 998 999
998 996 1000
997 1000 996
1001 997 987
977 1001 987
1002 995 999
1002 1003 995
1002 1004 1003
999 998 1005
998 1000 1005
999 1005 1002
997 1006 1000
1006 1005 1000
1001 1006 997
1007 1004 1002
1007 1008 1004
1007 1009 1008
1010 1002 1005
1010 1007 1002
1007 1010 1009
1006 1010 1005
1011 1009 1010
1011 1010 1006
1001 1011 1006
1001 1012 1011
1013 1012 1001
977 1013 1001
968 1013 977
968 944 1013
944 1012 1013
944 1014 1012
1015 1014 944
1015 1016 1014
1017 1016 1015
1017 1018 1016
1019 1018 1017
1020 1021 1022
1020 1022 1023
1023 1024 1020
1023 1022 1025
1023 1026 1024
1023 1025 1027
1027 1026 1023
1027 1025 1028
1027 1029 1026
1027 1028 1030
1030 1029 1027
1030 1031 1029
1030 1028 1032
1033 1031 1030
1030 1032 1034
1033 1030 1034
1032 1035 1034
1035 1033 1034
1032 1036 1035
1035 1037 1033
1035 1036 1038
1035 1039 1037
1035 1038 1040
1035 1040 1039
1040 1038 1041
1042 1039 1040
1040 1041 1043
1042 1040 1043
1041 1044 1043
1044 1042 1043
1041 1045 1044
1044 1046 1042
1047 1044 1045
1046 1044 1048
1047 1048 1044
1046 1048 1049
1050 1049 1048
1048 1047 1051
1050 1048 1052
1048 1051 1052
1053 1050 1052
1051 1054 1052
1053 1052 1054
1051 1055 1054
1056 1053 1054
1054 1055 1057
1056 1054 1058
1054 1057 1058
1059 1056 1058
1058 1057 1060
1059 1058 1061
1058 1060 1061
1059 1061 1062
1062 1061 1060
1059 1062 1063
1062 1060 1064
1065 1066 1063
1066 1065 1064
1067 1068 1069
1067 1069 1070
1071 1070 1069
1071 1072 1070
1073 1072 1071
1073 1074 1072
1075 1074 1073
1075 1076 1074
1077 1076 1075
1077 1078 1076
1079 1078 1077
1079 1077 1080
1080 1081 1079
1080 1082 1081
1082 1083 1081
1082 1084 1083
1084 1085 1083
1084 1086 1085
1085 1086 1087
1088 1077 1075
1089 1077 1088
1088 1075 1090
1089 1088 1091
1090 1075 1073
1092 1089 1091
1092 1091 1093
1094 1092 1093
1094 1093 1095
1096 1094 1095
1096 1097 1087
1096 1095 1097
1090 1073 1098
1098 1073 1071
1098 1071 1099
1099 1071 1069
1100 1098 1099
1098 1100 1101
1098 1101 1102
1103 1102 1101
1103 1104 1102
1105 1104 1103
1105 1106 1104
1107 1106 1105
1107 1108 1106
1107 1109 1108
1107 1110 1109
1111 1109 1110
1111 1110 1112
1113 1111 1112
1113 1112 1114
1115 1113 1114
1116 1103 1101
1116 1101 1117
1103 1116 1118
1103 1118 1105
1105 1118 1119
1105 1119 1107
1120 1107 1119
1120 1110 1107
1121 1110 1120
1121 1112 1110
1100 1117 1101
1122 1112 1121
1122 1114 1112
1100 1123 1117
1124 1114 1122
1124 1122 1125
1115 1114 1124
1126 1124 1125
1127 1123 1100
1127 1128 1123
1100 1099 1127
1127 1129 1128
1130 1115 1124
1126 1130 1124
1130 1131 1115
1132 1131 1130
1133 1130 1126
1132 1130 1133
1133 1126 1134
1133 1135 1132
1135 1133 1134
1135 1136 1132
1135 1134 1137
1138 1136 1135
1139 1135 1137
1138 1135 1139
1139 1137 1140
1141 1138 1139
1141 1139 1140
1142 1143 1144
1142 1145 1143
1145 1146 1143
1142 1147 1145
1142 1148 1147
1145 1147 1149
1145 1150 1146
1145 1149 1151
1150 1152 1146
1151 1149 1153
1150 1154 1152
1151 1153 1155
1154 1156 1152
1155 1153 1157
1154 1158 1156
1155 1157 1159
1159 1157 1160
1159 1160 1161
1161 1160 1162
1161 1162 1163
1163 1162 1164
1163 1164 1165
1165 1164 1166
1165 1166 1167
1168 1167 1166
1158 1169 1156
1158 1170 1169
1171 1169 1170
1171 1172 1169
1173 1172 1171
1173 1174 1172
1175 1174 1173
1176 1175 1168
1175 1176 1174
1177 1178 1179
1180 1179 1178
1180 1181 1179
1182 1181 1180
1182 1183 1181
1184 1183 1182
1184 1185 1183
1186 1185 1184
1186 1187 1185
1186 1188 1187
1186 1189 1188
1189 1190 1188
1191 1192 1193
1191 1194 1192
1195 1192 1194
1195 1194 1196
1197 1196 1194
1198 1194 1191
1197 1194 1198
1198 1191 1199
1200 1197 1198
1201 1198 1199
1200 1198 1201
1201 1199 1202
1203 1200 1201
1202 1204 1201
1203 1201 1204
1202 1205 1204
1206 1203 1204
1204 1205 1207
1206 1204 1208
1204 1207 1208
1209 1206 1208
1208 1207 1210
1209 1208 1211
1208 1210 1211
1211 1212 1209
1211 1210 1213
1211 1214 1212
1211 1213 1214
1214 1215 1212
1214 1213 1216
1214 1217 1215
1214 1216 1217
1217 1218 1215
1217 1216 1219
1217 1220 1218
1217 1219 1220
1220 1221 1218
1220 1219 1222
1220 1223 1221
1220 1222 1223
1223 1224 1221
1223 1222 1225
1223 1226 1224
1223 1225 1226
1226 1227 1224
1225 1228 1226
1226 1228 1227
1225 1229 1228
1228 1230 1227
1229 1230 1228
1069 1231 1232
1069 1232 1233
1099 1069 1233
1233 1232 1234
1127 1099 1233
1233 1234 1235
1127 1233 1235
1235 1234 1236
1127 1235 1129
1235 1236 1129
1237 1238 1239
1237 1240 1238
1241 1240 1237
1241 1242 1240
1243 1242 1241
1243 1244 1242
1245 1244 1243
1245 1246 1244
1247 1246 1245
1247 1248 1246
1249 1248 1247
1249 1250 1248
1251 1250 1249
1251 1252 1250
1253 1252 1251
1253 1254 1252
1255 1254 1253
1255 1256 1254
1257 1256 1255
1257 1258 1256
1259 1258 1257
1259 1260 1258
1261 1260 1259
1261 1262 1260
1262 1261 1263
1262 1263 1264
1263 1261 1265
1266 1267 1268
1266 1268 1269
1270 1266 1269
1270 1269 1271
1272 1270 1271
1272 1271 1273
1274 1272 1273
1274 1273 1275
1275 1276 1274
1275 1277 1276
1278 1276 1277
1278 1279 1276
1279 1278 1280
1279 1280 1281
1281 1280 1282
1281 1282 1283
1283 1282 1284
1283 1284 1285
1285 1284 1286
1285 1286 1287
1287 1286 1288
1287 1288 1289
1289 1288 1290
1289 1290 1291
1292 1291 1290
1293 1294 1295
1293 1296 1294
1296 1297 1294
1296 1298 1297
1296 1299 1298
1300 1296 1293
1296 1300 1299
1300 1293 1301
1300 1301 1302
1303 1299 1300
1300 1302 1304
1303 1300 1304
1304 1302 1305
1306 1303 1304
1304 1305 1306
1306 1307 1303
1306 1305 1308
1306 1309 1307
1306 1308 1310
1306 1310 1309
1310 1308 1311
1310 1312 1309
1310 1311 1313
1310 1313 1312
1313 1311 1314
1313 1315 1312
1313 1314 1316
1313 1316 1315
1316 1317 1315
1316 1314 1318
1316 1319 1317
1316 1318 1319
1319 1320 1317
1318 1321 1319
1319 1321 1320
1318 1322 1321
1321 1323 1320
1322 1324 1321
1321 1324 1323
1322 1325 1324
1324 1326 1323
1325 1327 1324
1324 1327 1326
1325 1328 1327
1327 1329 1326
1328 1330 1327
1327 1330 1329
1328 1331 1330
1330 1332 1329
1331 1333 1330
1330 1333 1332
1331 1334 1333
1333 1335 1332
1334 1336 1333
1333 1336 1335
1334 1337 1336
1335 1336 1338
1338 1336 1337
1339 1340 1341
1342 1339 1341
1342 1343 1339
1344 1342 1341
1345 1343 1342
1344 1345 1342
1345 1346 1343
1345 1347 1346
1348 1345 1344
1345 1349 1347
1348 1349 1345
1349 1350 1347
1349 1348 1351
1349 1351 1350
1352 1351 1348
1351 1353 1350
1352 1354 1351
1351 1354 1353
1355 1354 1352
1354 1356 1353
1355 1357 1354
1354 1357 1356
1358 1357 1355
1357 1359 1356
1358 1360 1357
1357 1360 1359
1358 1361 1360
1360 1362 1359
1360 1361 1362
1363 1364 1365
1363 1365 1366
1367 1363 1366
1366 1365 1368
1367 1366 1369
1366 1368 1370
1370 1369 1366
1370 1368 1371
1370 1372 1369
1370 1371 1373
1372 1370 1373
1373 1371 1374
1372 1373 1375
1373 1374 1376
1375 1373 1376
1376 1374 1377
1375 1376 1378
1376 1377 1379
1378 1376 1379
1378 1379 1380
1379 1377 1381
1380 1379 1382
1379 1381 1382
1380 1382 1383
1382 1384 1383
1381 1385 1382
1382 1385 1384
1381 1386 1385
1385 1386 1387
1384 1385 1388
1385 1387 1388
1384 1388 1389
1388 1387 1390
1389 1388 1391
1388 1390 1391
1389 1391 1392
1390 1393 1391
1391 1393 1392
1394 1395 1396
1394 1396 1397
1397 1396 1398
1399 1394 1397
1397 1398 1400
1399 1397 1401
1401 1397 1400
1402 1399 1401
1401 1400 1403
1402 1401 1404
1404 1401 1403
1405 1402 1404
1404 1403 1406
1405 1404 1407
1407 1404 1406
1408 1405 1407
1407 1406 1409
1408 1407 1410
1410 1407 1409
1411 1408 1410
1410 1409 1412
1411 1410 1413
1412 1413 1410
1414 1411 1413
1412 1415 1413
1414 1413 1416
1415 1416 1413
1415 1417 1416
1418 1414 1416
1419 1416 1417
1418 1416 1419
1419 1417 1420
1418 1419 1421
1421 1419 1420
1418 1421 1422
1421 1420 1423
1421 1424 1422
1424 1421 1423
1425 1426 1427
1425 1427 1428
1428 1429 1425
1428 1430 1429
1428 1427 1431
1432 1430 1428
1428 1431 1432
1432 1433 1430
1431 1434 1432
1434 1433 1432
1431 1435 1434
1434 1436 1433
1435 1437 1434
1437 1436 1434
1435 1438 1437
1437 1439 1436
1438 1440 1437
1440 1439 1437
1438 1441 1440
1440 1442 1439
1443 1440 1441
1442 1440 1443
1443 1441 1444
1442 1443 1445
1444 1446 1443
1446 1445 1443
1444 1447 1446
1446 1448 1445
1447 1449 1446
1447 1450 1449
1448 1446 1451
1448 1451 1452
1450 1453 1449
1451 1454 1452
1451 1453 1454
1450 1455 1453
1454 1453 1456
1456 1453 1455
1454 1456 1457
1456 1455 1458
1457 1456 1459
1458 1459 1456
1457 1459 1460
1458 1461 1459
1462 1460 1459
1462 1459 1461
1462 1463 1460
1462 1461 1464
1465 1463 1462
1464 1465 1462
1465 1466 1463
1464 1467 1465
1466 1465 1468
1468 1465 1467
1466 1468 1469
1468 1467 1470
1469 1468 1471
1470 1471 1468
1469 1471 1472
1473 1472 1471
1473 1474 1472
1470 1475 1471
1475 1473 1471
1475 1476 1473
1473 1476 1477
1478 1473 1477
1479 1478 1477
1479 1480 1478
1481 1480 1479
1482 1473 1478
1482 1483 1473
1484 1473 1483
1478 1485 1482
1478 1480 1485
1484 1483 1486
1487 1484 1486
1487 1486 1488
1489 1487 1488
1489 1488 1490
1491 1489 1490
1491 1490 1492
1492 1493 1491
1492 1494 1493
1494 1495 1493
1494 1496 1495
1496 1497 1495
1496 1498 1497
1498 1499 1497
1492 1500 1494
1501 1494 1500
1492 1502 1500
1490 1502 1492
1501 1500 1503
1503 1498 1501
1490 1504 1502
1504 1490 1488
1504 1488 1505
1486 1505 1488
1486 1506 1505
1507 1506 1486
1507 1508 1506
1507 1509 1508
1507 1510 1509
1511 1509 1510
1503 1512 1498
1511 1510 1485
1512 1513 1498
1498 1513 1499
1512 1514 1513
1513 1515 1499
1516 1511 1485
1516 1517 1511
1516 1485 1480
1516 1518 1517
1519 1513 1514
1513 1519 1515
1519 1514 1520
1519 1521 1515
1519 1520 1522
1519 1523 1521
1519 1522 1523
1524 1521 1523
1522 1525 1523
1524 1523 1525
1522 1526 1525
1527 1524 1525
1525 1526 1528
1527 1525 1529
1525 1528 1529
1529 1530 1527
1529 1528 1531
1529 1532 1530
1529 1531 1532
1533 1534 1535
1533 1536 1534
1537 1536 1533
1537 1538 1536
1539 1538 1537
1539 1540 1538
1541 1540 1539
1541 1542 1540
1543 1542 1541
1543 1544 1542
1545 1544 1543
1545 1546 1544
1547 1546 1545
1547 1548 1546
1548 1547 1549
1548 1549 1550
1550 1549 1551
1550 1551 1552
1552 1551 1553
1552 1553 1554
1554 1553 1555
1554 1555 1556
1557 1556 1555
1557 1558 1556
1558 1557 1559
1558 1559 1560
1559 1561 1560
1560 1561 1562
1563 1560 1562
1564 1562 1561
1565 1560 1563
1564 1561 1566
1565 1567 1560
1567 1565 1568
1567 1568 1569
1569 1568 1570
1569 1570 1571
1572 1571 1570
1572 1573 1571
1574 1573 1572
1574 1575 1573
1576 1575 1574
1576 1577 1575
1578 1577 1576
1578 1579 1577
1580 1579 1578
1580 1581 1579
1581 1580 1582
1581 1582 1583
1583 1582 1584
1583 1584 1585
1586 1585 1584
1586 1587 1585
1588 1587 1586
1588 1589 1587
1589 1588 1590
1589 1590 1591
1591 1590 1592
1591 1592 1593
1594 1593 1592
1594 1592 1595
1596 1594 1595
1596 1595 1597
1598 1599 1600
1598 1600 1601
1602 1601 1600
1602 1603 1601
1604 1603 1602
1604 1605 1603
1566 1605 1604
1566 1604 1564
1606 1607 1608
1606 1609 1607
1606 1610 1609
1606 1611 1610
1612 1610 1611
1612 1611 1613
1614 1612 1613
1614 1613 1615
1614 1615 1616
1614 1616 1617
1618 1617 1616
1618 1619 1617
1619 1618 1620
1619 1620 1621
1621 1620 1622
1621 1622 1623
1624 1623 1622
1624 1625 1623
1626 1625 1624
1626 1627 1625
1628 1627 1626
1628 1629 1627
1630 1629 1628
1630 1628 1631
1631 1632 1630
1631 1633 1632
1634 1635 1636
1634 1636 1637
1638 1634 1637
1638 1637 1639
1640 1638 1639
1640 1639 1641
1642 1640 1641
1642 1641 1643
1643 1644 1642
1643 1645 1644
1644 1645 1646
1644 1646 1647
1647 1646 1648
1647 1648 1649
1649 1648 1650
1649 1650 1651
1651 1650 1652
1651 1652 1653
1653 1652 1654
1653 1654 1655
1654 1656 1655
1654 1657 1656
1658 1656 1657
1658 1657 1659
1660 1658 1659
1660 1661 1658
1662 1661 1660
1662 1663 1661
1664 1663 1662
1664 1662 1665
1665 1666 1664
1665 1667 1666
1667 1668 1666
1667 1669 1668
1669 1670 1668
1669 1671 1670
1481 1670 1671
1481 1671 1672
1672 1673 1481
1672 1674 1673
1673 1674 1675
1676 1481 1673
1676 1677 1481
1481 1677 1480
1516 1480 1677
1678 1516 1677
1678 1677 1676
1516 1678 1518
1679 1518 1678
1676 1679 1678
1679 1680 1518
1681 1680 1679
1681 1682 1680
1676 1683 1679
1673 1683 1676
1683 1684 1679
1683 1685 1684
1673 1686 1683
1686 1685 1683
1673 1675 1686
1686 1687 1685
1687 1686 1675
1687 1675 1688
1689 1690 1691
1689 1691 1692
1693 1689 1692
1693 1692 1694
1692 1695 1694
1693 1694 1696
1696 1694 1697
1696 1697 1698
1698 1699 1696
1693 1696 1700
1699 1700 1696
1699 1701 1700
1698 1702 1699
1702 1698 1703
1699 1702 1704
1704 1702 1705
1704 1705 1706
1699 1704 1707
1701 1699 1707
1708 1707 1704
1708 1704 1709
1708 1709 1710
1708 1711 1707
1701 1707 1712
1711 1712 1707
1708 1713 1711
1708 1714 1713
1711 1715 1712
1715 1711 1713
1701 1712 1716
1716 1712 1715
1714 1717 1713
1714 1718 1717
1718 1719 1717
1718 1720 1719
1720 1721 1719
1722 1713 1717
1715 1713 1723
1722 1723 1713
1717 1719 1724
1717 1724 1722
1719 1725 1724
1719 1721 1726
1719 1726 1725
1726 1721 1727
1721 1728 1727
1727 1728 1729
1726 1730 1725
1726 1727 1730
1723 1731 1715
1732 1723 1722
1723 1732 1731
1724 1733 1722
1732 1722 1733
1734 1715 1731
1734 1716 1715
1724 1735 1733
1736 1732 1733
1736 1733 1735
1732 1737 1731
1732 1736 1737
1724 1725 1738
1724 1738 1735
1731 1739 1734
1731 1737 1739
1740 1716 1734
1734 1739 1741
1734 1741 1740
1740 1742 1716
1742 1701 1716
1735 1743 1736
1738 1744 1735
1735 1744 1743
1736 1745 1737
1736 1743 1745
1746 1739 1737
1746 1737 1745
1739 1746 1747
1739 1747 1741
1745 1748 1746
1748 1747 1746
1743 1749 1745
1745 1749 1748
1743 1750 1749
1744 1750 1743
1738 1751 1744
1738 1725 1751
1752 1744 1751
1744 1752 1750
1753 1749 1750
1749 1753 1748
1754 1751 1725
1752 1751 1754
1725 1755 1754
1752 1754 1755
1730 1755 1725
1752 1756 1750
1753 1750 1756
1752 1757 1756
1752 1755 1757
1756 1758 1753
1756 1757 1758
1748 1753 1759
1758 1759 1753
1748 1759 1760
1748 1760 1747
1760 1761 1747
1761 1741 1747
1762 1760 1759
1762 1761 1760
1761 1763 1741
1761 1764 1763
1740 1741 1763
1740 1763 1765
1764 1765 1763
1742 1740 1765
1766 1761 1762
1761 1766 1764
1766 1762 1767
1764 1766 1767
1758 1768 1759
1762 1759 1769
1768 1769 1759
1762 1770 1767
1769 1770 1762
1767 1770 1771
1764 1767 1772
1772 1767 1771
1773 1764 1772
1772 1771 1773
1764 1774 1765
1773 1774 1764
1774 1775 1765
1742 1765 1775
1774 1773 1776
1774 1776 1775
1776 1773 1777
1773 1771 1777
1778 1742 1775
1742 1778 1701
1779 1775 1776
1776 1777 1779
1780 1701 1778
1780 1700 1701
1778 1775 1781
1781 1775 1779
1780 1778 1781
1782 1779 1777
1783 1777 1771
1783 1782 1777
1784 1779 1782
1781 1779 1784
1785 1781 1784
1786 1784 1782
1783 1786 1782
1780 1781 1787
1785 1787 1781
1788 1780 1787
1788 1787 1785
1789 1700 1780
1788 1789 1780
1786 1790 1784
1785 1784 1790
1789 1791 1700
1693 1700 1791
1792 1786 1783
1793 1790 1786
1786 1792 1793
1794 1792 1783
1794 1783 1771
1795 1794 1771
1770 1795 1771
1796 1794 1795
1794 1797 1792
1796 1798 1794
1770 1799 1795
1799 1796 1795
1769 1799 1770
1799 1800 1796
1769 1800 1799
1800 1798 1796
1768 1800 1769
1798 1800 1768
1793 1801 1790
1793 1792 1802
1802 1801 1793
1797 1803 1792
1792 1803 1802
1804 1790 1801
1785 1790 1804
1785 1804 1805
1804 1801 1806
1805 1804 1806
1802 1807 1801
1807 1806 1801
1803 1808 1802
1808 1807 1802
1785 1805 1809
1810 1809 1805
1788 1785 1809
1809 1811 1788
1789 1788 1811
1809 1812 1811
1809 1810 1812
1789 1811 1813
1812 1813 1811
1813 1791 1789
1813 1814 1791
1693 1791 1814
1812 1815 1813
1815 1814 1813
1693 1814 1816
1693 1816 1689
1817 1812 1810
1815 1812 1817
1815 1818 1814
1818 1816 1814
1819 1689 1816
1819 1820 1689
1819 1821 1820
1819 1816 1822
1818 1822 1816
1822 1823 1819
1815 1817 1824
1824 1818 1815
1822 1825 1823
1826 1823 1825
1827 1826 1825
1822 1818 1828
1824 1828 1818
1822 1828 1825
1829 1824 1817
1810 1829 1817
1827 1825 1830
1830 1831 1827
1832 1828 1824
1829 1832 1824
1833 1825 1828
1833 1830 1825
1832 1833 1828
1830 1834 1831
1830 1833 1835
1830 1835 1834
1834 1836 1831
1836 1834 1835
1831 1836 1837
1838 1833 1832
1838 1835 1833
1839 1832 1829
1839 1838 1832
1836 1835 1840
1835 1838 1840
1837 1836 1841
1840 1841 1836
1841 1842 1837
1842 1841 1843
1829 1844 1839
1844 1829 1810
1845 1838 1839
1844 1845 1839
1840 1846 1841
1841 1846 1843
1838 1847 1840
1845 1847 1838
1840 1847 1848
1840 1848 1846
1847 1845 1849
1847 1849 1848
1846 1848 1850
1851 1848 1849
1851 1850 1848
1852 1849 1845
1849 1852 1851
1844 1853 1845
1852 1845 1853
1843 1846 1854
1846 1850 1854
1855 1850 1851
1856 1851 1852
1855 1851 1856
1854 1850 1857
1855 1857 1850
1844 1858 1853
1853 1859 1852
1853 1858 1859
1859 1858 1860
1844 1861 1858
1860 1858 1861
1810 1861 1844
1862 1852 1859
1862 1856 1852
1859 1860 1862
1856 1862 1863
1863 1862 1860
1855 1856 1864
1856 1863 1864
1810 1865 1861
1865 1810 1805
1866 1861 1865
1860 1861 1866
1805 1867 1865
1866 1865 1867
1855 1864 1868
1857 1855 1868
1805 1869 1867
1805 1806 1869
1869 1806 1870
1807 1870 1806
1867 1869 1871
1869 1870 1871
1870 1807 1872
1871 1870 1872
1808 1872 1807
1867 1873 1866
1867 1871 1873
1866 1873 1874
1860 1866 1874
1871 1875 1873
1875 1874 1873
1871 1872 1876
1876 1875 1871
1860 1874 1877
1863 1860 1877
1874 1878 1877
1878 1863 1877
1879 1874 1875
1874 1879 1878
1880 1875 1876
1879 1875 1880
1876 1872 1881
1876 1881 1880
1882 1879 1880
1882 1878 1879
1872 1883 1881
1872 1808 1883
1882 1880 1884
1881 1884 1880
1885 1883 1808
1885 1808 1803
1886 1885 1803
1886 1803 1797
1887 1886 1797
1887 1797 1794
1882 1888 1878
1889 1882 1884
1888 1882 1889
1890 1884 1881
1890 1889 1884
1883 1891 1881
1881 1891 1890
1892 1883 1885
1883 1892 1891
1886 1893 1885
1892 1885 1893
1888 1894 1878
1878 1894 1863
1863 1894 1895
1863 1895 1864
1888 1896 1894
1895 1894 1896
1864 1895 1897
1864 1897 1868
1895 1896 1898
1897 1895 1898
1888 1899 1896
1896 1900 1898
1899 1900 1896
1888 1901 1899
1888 1889 1901
1902 1901 1889
1902 1889 1890
1903 1899 1901
1902 1903 1901
1902 1890 1904
1904 1903 1902
1904 1890 1891
1900 1899 1905
1903 1905 1899
1868 1897 1906
1897 1898 1907
1906 1897 1907
1898 1900 1908
1898 1908 1907
1900 1905 1909
1909 1908 1900
1868 1906 1910
1906 1911 1910
1857 1868 1910
1911 1857 1910
1911 1912 1857
1857 1912 1854
1912 1913 1854
1911 1913 1912
1913 1843 1854
1906 1907 1914
1907 1908 1915
1914 1907 1915
1914 1916 1906
1906 1916 1911
1915 1917 1914
1914 1917 1916
1913 1918 1843
1843 1918 1919
1920 1843 1919
1921 1920 1919
1922 1918 1913
1922 1913 1911
1919 1918 1922
1916 1923 1911
1923 1922 1911
1917 1924 1916
1924 1923 1916
1923 1925 1922
1919 1922 1925
1923 1924 1926
1925 1923 1926
1921 1919 1927
1919 1925 1928
1927 1919 1928
1927 1929 1921
1929 1927 1928
1921 1929 1930
1929 1928 1931
1932 1928 1925
1931 1928 1932
1932 1925 1926
1931 1932 1933
1934 1932 1926
1932 1934 1933
1935 1926 1924
1935 1934 1926
1936 1933 1934
1934 1935 1936
1936 1937 1933
1935 1924 1938
1917 1938 1924
1937 1936 1939
1937 1939 1940
1935 1941 1936
1938 1941 1935
1938 1917 1942
1915 1942 1917
1943 1939 1936
1943 1936 1941
1940 1939 1944
1940 1944 1945
1938 1946 1941
1938 1942 1946
1941 1946 1947
1941 1947 1943
1942 1947 1946
1939 1943 1948
1939 1948 1944
1947 1948 1943
1915 1949 1942
1942 1949 1947
1950 1945 1944
1950 1951 1945
1950 1952 1951
1947 1953 1948
1949 1953 1947
1954 1944 1948
1954 1950 1944
1954 1948 1953
1950 1955 1952
1955 1950 1954
1956 1952 1955
1956 1955 1957
1957 1958 1956
1957 1959 1958
1959 1960 1958
1955 1954 1961
1961 1957 1955
1954 1953 1962
1962 1961 1954
1961 1963 1957
1959 1957 1963
1959 1964 1960
1964 1965 1960
1962 1953 1966
1949 1966 1953
1962 1967 1961
1963 1961 1967
1962 1966 1968
1968 1967 1962
1949 1969 1966
1966 1970 1968
1966 1969 1970
1968 1971 1967
1968 1970 1971
1963 1967 1972
1972 1967 1971
1959 1963 1973
1972 1973 1963
1973 1974 1959
1972 1975 1973
1975 1974 1973
1972 1971 1976
1975 1972 1976
1971 1970 1977
1971 1977 1976
1949 1978 1969
1915 1978 1949
1908 1978 1915
1908 1979 1978
1979 1969 1978
1909 1979 1908
1969 1980 1970
1979 1980 1969
1980 1979 1909
1970 1980 1977
1980 1909 1981
1905 1981 1909
1982 1977 1980
1982 1980 1981
1976 1977 1983
1983 1977 1982
1905 1984 1981
1903 1984 1905
1983 1985 1976
1975 1976 1985
1986 1983 1982
1983 1986 1985
1982 1981 1987
1984 1987 1981
1903 1988 1984
1904 1988 1903
1989 1975 1985
1975 1989 1974
1988 1990 1984
1984 1990 1987
1987 1991 1982
1986 1982 1991
1991 1992 1986
1986 1993 1985
1989 1985 1993
1986 1992 1993
1994 1988 1904
1988 1994 1990
1987 1995 1991
1990 1995 1987
1991 1996 1992
1995 1996 1991
1990 1997 1995
1994 1997 1990
1994 1904 1998
1904 1891 1998
1995 1999 1996
1999 1995 1997
2000 1997 1994
1998 2000 1994
1998 1891 2001
1998 2001 2000
1892 2001 1891
2001 1892 2000
1997 2000 2002
1999 1997 2002
2000 1892 2003
2000 2003 2002
1892 1893 2003
2002 2003 2004
1893 2004 2003
2004 1999 2002
1999 2005 1996
1992 1996 2005
2006 2004 1893
2006 1893 1886
2007 1999 2004
1999 2007 2005
2006 2007 2004
2006 1886 2008
1887 2008 1886
2009 2007 2006
2009 2006 2008
2005 2007 2010
2010 2007 2009
2011 2010 2009
2008 1887 2012
2012 1887 1794
2009 2008 2013
2008 2012 2013
2009 2013 2011
2014 2005 2010
1992 2005 2014
2013 2012 2015
2012 1794 2015
2016 2011 2013
2013 2015 2016
2014 2010 2017
2011 2017 2010
2014 2017 2018
2018 2017 2011
1992 2014 2019
2020 2014 2018
2020 2019 2014
1992 2019 2021
1992 2021 1993
2011 2022 2018
2011 2016 2023
2011 2023 2022
2018 2022 2024
2020 2018 2024
2023 2025 2022
2024 2022 2025
2016 2026 2023
2023 2026 2025
2016 2027 2026
2015 2027 2016
2027 2028 2026
2028 2025 2026
2015 2029 2027
2028 2027 2029
1794 2029 2015
2024 2025 2030
2028 2031 2025
2031 2030 2025
2032 2024 2030
2032 2020 2024
2020 2032 2033
2034 2032 2030
2031 2034 2030
2034 2035 2032
2033 2032 2035
2036 2035 2034
2031 2036 2034
2036 2037 2035
2033 2035 2037
2038 2031 2028
2038 2028 2029
2020 2033 2039
2019 2020 2039
2019 2039 2040
2033 2040 2039
2019 2040 2021
2036 2031 2041
2041 2031 2038
2042 2041 2038
2036 2041 2042
2038 2029 2043
2042 2038 2043
2029 2044 2043
1794 2044 2029
2042 2043 2045
2043 2044 2045
2044 1794 2046
1798 2046 1794
2044 2046 2047
2045 2044 2047
1798 2047 2046
2042 2045 2048
2048 2045 2047
1798 2049 2047
2049 1798 1768
2050 2047 2049
2048 2047 2050
2051 2049 1768
2050 2049 2051
2051 1768 1758
2051 1758 1757
2051 1757 2052
2052 2050 2051
2052 1757 1755
2052 2053 2050
2048 2050 2053
2052 1755 2054
2053 2052 2054
1730 2054 1755
2042 2048 2055
2036 2042 2055
2048 2053 2056
2048 2056 2055
1730 2057 2054
1730 1727 2057
2053 2054 2058
2057 2058 2054
2056 2053 2058
2055 2056 2059
2036 2055 2059
2057 1727 2060
2057 2060 2058
2056 2058 2061
2056 2061 2059
2061 2058 2060
2062 2060 1727
1727 1729 2062
2061 2060 2063
2059 2061 2063
2062 2063 2060
2036 2059 2064
2063 2064 2059
2065 2063 2062
2063 2065 2064
2036 2064 2066
2066 2064 2065
2066 2065 2067
2036 2066 2037
2065 2062 2068
2068 2062 1729
2067 2065 2068
2066 2069 2037
2069 2066 2067
2069 2033 2037
2068 1729 2070
1729 2071 2070
2072 2068 2070
2067 2068 2072
2072 2073 2067
2074 2070 2071
2072 2070 2074
2074 2071 2075
2074 2075 1965
2074 2076 2072
1965 2076 2074
2076 2073 2072
1964 2076 1965
2073 2076 1964
2069 2077 2033
2033 2077 2040
2078 2040 2077
2021 2040 2078
2079 2077 2069
2078 2077 2079
2080 2078 2079
2081 2021 2078
2080 2081 2078
1993 2021 2081
2079 2069 2082
2080 2079 2082
2067 2082 2069
2081 2083 1993
2081 2080 2083
2083 1989 1993
2067 2084 2082
2080 2082 2084
2084 2067 2073
1989 2083 2085
2080 2085 2083
1989 2085 1974
2080 2086 2085
2084 2086 2080
2086 1974 2085
2084 2087 2086
2084 2073 2087
2087 2088 2086
2086 2088 1974
2073 2088 2087
1974 2088 2089
2088 2073 2089
1974 2089 1959
2073 1964 2089
2089 1964 1959
2090 2091 2092
2091 2093 2092
2093 2094 2092
2095 2092 2094
2096 2095 2094
2094 2097 2096
2093 2098 2094
2097 2094 2098
2091 2099 2093
2100 2098 2093
2100 2093 2099
2101 2091 2095
2102 2099 2091
2101 2102 2091
2097 2098 2103
2100 2104 2098
2103 2098 2104
2103 2104 2105
2106 2105 2104
2106 2107 2105
2108 2107 2106
2103 2109 2097
2103 2110 2109
2111 2109 2110
2111 2112 2109
2112 2097 2109
2113 2112 2111
2112 2114 2097
2097 2114 2115
2113 2116 2112
2116 2114 2112
2116 2113 2117
2118 2115 2114
2116 2118 2114
2118 2095 2115
2116 2117 2119
2118 2116 2119
2120 2119 2117
2095 2118 2121
2118 2119 2121
2120 2122 2119
2122 2121 2119
2123 2122 2120
2095 2121 2124
2095 2124 2101
2123 2125 2122
2126 2125 2123
2122 2127 2121
2124 2121 2127
2125 2127 2122
2126 2128 2125
2128 2126 2129
2129 2130 2128
2125 2131 2127
2131 2125 2128
2124 2127 2132
2132 2127 2131
2124 2133 2101
2132 2133 2124
2130 2134 2128
2131 2128 2134
2135 2134 2130
2130 2136 2135
2131 2134 2137
2135 2137 2134
2136 2138 2135
2139 2138 2136
2139 2140 2138
2138 2141 2135
2138 2140 2141
2135 2141 2137
2140 2142 2141
2143 2141 2142
2131 2137 2144
2132 2131 2144
2141 2145 2137
2143 2145 2141
2144 2137 2145
2143 2146 2145
2146 2144 2145
2143 2147 2146
2132 2144 2148
2146 2148 2144
2149 2146 2147
2146 2149 2148
2149 2147 2150
2148 2151 2132
2132 2151 2133
2150 2152 2149
2150 2153 2152
2154 2152 2153
2149 2155 2148
2148 2155 2151
2149 2152 2155
2154 2156 2152
2156 2154 2157
2158 2152 2156
2158 2155 2152
2156 2157 2158
2155 2158 2159
2155 2159 2151
2159 2158 2157
2133 2151 2160
2151 2159 2160
2161 2159 2157
2161 2160 2159
2162 2161 2157
2163 2133 2160
2133 2163 2101
2163 2102 2101
2164 2163 2160
2163 2164 2102
2164 2160 2161
2162 2165 2161
2166 2165 2162
2164 2167 2102
2102 2167 2099
2161 2168 2164
2161 2165 2168
2164 2168 2167
2166 2169 2165
2168 2165 2169
2170 2169 2166
2167 2168 2171
2168 2169 2171
2170 2172 2169
2171 2169 2172
2172 2170 2173
2174 2099 2167
2167 2171 2174
2171 2172 2175
2172 2173 2175
2176 2171 2175
2176 2174 2171
2173 2176 2175
2174 2177 2099
2177 2100 2099
2174 2176 2178
2176 2173 2178
2174 2178 2177
2179 2100 2177
2177 2178 2180
2177 2180 2179
2179 2181 2100
2104 2100 2181
2104 2181 2106
2182 2106 2181
2182 2181 2179
2182 2183 2106
2108 2106 2183
2184 2108 2183
2178 2173 2185
2186 2180 2178
2186 2178 2185
2179 2180 2187
2180 2186 2187
2182 2179 2188
2188 2179 2187
2183 2182 2189
2188 2189 2182
2184 2183 2190
2183 2189 2190
2173 2191 2185
2173 2192 2191
2185 2193 2186
2185 2191 2193
2194 2187 2186
2194 2186 2193
2184 2190 2195
2184 2195 2196
2197 2196 2195
2198 2195 2190
2198 2190 2189
2197 2195 2198
2199 2191 2192
2199 2192 2200
2191 2201 2193
2191 2199 2201
2202 2199 2200
2202 2200 2203
2198 2189 2204
2188 2204 2189
2205 2198 2204
2204 2188 2205
2206 2197 2198
2206 2198 2205
2188 2207 2205
2207 2188 2187
2207 2187 2194
2208 2205 2207
2208 2206 2205
2209 2197 2206
2209 2210 2197
2194 2211 2207
2211 2208 2207
2206 2208 2212
2206 2212 2209
2211 2212 2208
2210 2209 2213
2210 2213 2214
2215 2214 2213
2194 2216 2211
2193 2216 2194
2193 2201 2216
2209 2212 2217
2209 2217 2213
2218 2215 2213
2219 2213 2217
2219 2218 2213
2220 2215 2218
2220 2221 2215
2222 2220 2218
2222 2218 2219
2221 2220 2223
2222 2223 2220
2221 2223 2224
2225 2224 2223
2222 2226 2223
2225 2223 2226
2227 2226 2222
2225 2226 2227
2219 2228 2222
2227 2222 2228
2217 2229 2219
2219 2229 2228
2227 2228 2230
2229 2230 2228
2229 2231 2230
2217 2232 2229
2231 2229 2232
2232 2217 2212
2227 2233 2225
2230 2233 2227
2232 2212 2234
2234 2212 2211
2234 2235 2232
2231 2232 2235
2236 2234 2211
2234 2236 2235
2216 2236 2211
2225 2233 2237
2225 2237 2238
2230 2239 2233
2231 2239 2230
2216 2240 2236
2201 2240 2216
2241 2238 2237
2241 2242 2238
2201 2243 2240
2199 2243 2201
2199 2202 2243
2244 2242 2241
2244 2245 2242
2245 2244 2246
2245 2246 2247
2247 2246 2248
2247 2248 2249
2250 2249 2248
2251 2248 2246
2250 2248 2251
2244 2252 2246
2251 2246 2252
2241 2253 2244
2244 2253 2252
2254 2251 2252
2253 2254 2252
2241 2255 2253
2255 2241 2237
2250 2251 2256
2254 2256 2251
2253 2257 2254
2255 2257 2253
2255 2237 2258
2258 2237 2233
2256 2254 2259
2259 2254 2257
2250 2256 2260
2256 2259 2260
2255 2261 2257
2258 2261 2255
2259 2257 2262
2261 2262 2257
2261 2263 2262
2258 2233 2264
2233 2239 2264
2258 2265 2261
2263 2261 2265
2265 2258 2264
2264 2239 2266
2231 2266 2239
2265 2264 2267
2267 2264 2266
2260 2259 2268
2269 2268 2259
2269 2270 2268
2270 2269 2263
2263 2265 2271
2271 2265 2267
2260 2268 2272
2270 2272 2268
2270 2263 2273
2271 2273 2263
2273 2274 2270
2270 2274 2272
2271 2275 2273
2273 2275 2274
2271 2276 2275
2276 2274 2275
2277 2271 2267
2277 2276 2271
2278 2267 2266
2277 2267 2278
2276 2279 2274
2272 2274 2279
2278 2266 2280
2231 2280 2266
2277 2281 2276
2279 2276 2281
2231 2282 2280
2231 2235 2282
2235 2283 2282
2236 2283 2235
2236 2284 2283
2284 2236 2240
2284 2240 2285
2243 2285 2240
2243 2286 2285
2286 2243 2202
2286 2202 2287
2287 2202 2203
2287 2203 2288
2289 2287 2288
2289 2288 2290
2289 2290 2291
2292 2287 2289
2292 2286 2287
2292 2289 2291
2293 2286 2292
2293 2285 2286
2293 2292 2291
2285 2293 2294
2285 2294 2284
2294 2293 2291
2284 2294 2295
2283 2284 2295
2296 2294 2291
2296 2295 2294
2297 2283 2295
2283 2297 2282
2298 2297 2295
2298 2282 2297
2298 2295 2296
2298 2280 2282
2291 2299 2296
2298 2296 2299
2291 2300 2299
2301 2280 2298
2298 2299 2301
2301 2278 2280
2300 2302 2299
2302 2301 2299
2300 2303 2302
2278 2301 2304
2302 2304 2301
2278 2304 2277
2277 2304 2305
2302 2305 2304
2277 2305 2281
2303 2306 2302
2302 2306 2305
2303 2307 2306
2308 2306 2307
2309 2281 2305
2306 2309 2305
2308 2309 2306
2279 2281 2309
2309 2308 2310
2279 2309 2310
2272 2279 2310
2311 2272 2310
2311 2310 2312
2260 2272 2311
2313 2311 2312
2313 2312 2314
2315 2313 2314
2316 2260 2311
2316 2311 2313
2250 2260 2316
2250 2316 2317
2316 2318 2317
2316 2319 2318
2313 2319 2316
2319 2320 2318
2319 2321 2320
2322 2321 2319
2323 2313 2315
2313 2323 2319
2322 2319 2323
2324 2323 2315
2324 2322 2323
2325 2326 2327
2325 2327 2328
2328 2329 2325
2330 2328 2327
2330 2331 2328
2331 2329 2328
2331 2330 2332
2333 2325 2329
2334 2325 2333
2334 2333 2335
2329 2336 2333
2336 2337 2333
2335 2333 2337
2335 2337 2338
2338 2337 2339
2339 2337 2336
2338 2339 2340
2340 2339 2341
2340 2341 2342
2343 2342 2341
2343 2344 2342
2345 2344 2343
2345 2346 2344
2347 2346 2345
2347 2345 2348
2348 2349 2347
2348 2350 2349
2350 2351 2349
2350 2352 2351
2353 2351 2352
2353 2352 2354
2353 2354 2355
2356 2355 2354
2357 2356 2354
2354 2352 2358
2359 2354 2358
2360 2357 2354
2360 2354 2359
2359 2358 2361
2362 2360 2359
2359 2361 2363
2364 2359 2363
2359 2365 2362
2359 2364 2365
2364 2363 2366
2364 2367 2365
2364 2366 2368
2369 2367 2364
2336 2364 2368
2369 2364 2336
2336 2368 2339
2336 2370 2369
2336 2371 2370
2336 2329 2371
2329 2372 2371
2329 2373 2372
2374 2372 2373
2329 2331 2373
2374 2373 2375
2375 2373 2331
2374 2375 2376
2375 2331 2377
2331 2332 2377
2332 2378 2377
2378 2379 2377
2375 2377 2379
2378 2380 2379
2379 2380 2381
2382 2379 2381
2375 2383 2376
2375 2379 2383
2383 2379 2382
2376 2383 2384
2384 2383 2382
2384 2382 2385
2386 2385 2382
2386 2382 2387
2388 2386 2387
2388 2387 2389
2390 2389 2387
2382 2391 2387
2392 2391 2382
2392 2393 2391
2393 2394 2391
2394 2387 2391
2387 2394 2395
2393 2396 2394
2395 2394 2396
2395 2396 2397
2397 2398 2395
2395 2398 2399
2390 2387 2400
2400 2387 2395
2400 2401 2390
2400 2402 2401
2403 2401 2402
2402 2404 2403
2402 2405 2404
2406 2404 2405
2407 2395 2399
2400 2395 2407
2407 2402 2400
2399 2408 2407
2409 2407 2408
2407 2409 2402
2409 2408 2410
2409 2411 2402
2410 2411 2409
2405 2402 2411
2410 2412 2411
2413 2411 2412
2405 2411 2413
2413 2412 2414
2415 2413 2414
2415 2416 2413
2413 2416 2405
2417 2416 2415
2417 2405 2416
2417 2415 2418
2418 2419 2417
2420 2405 2417
2405 2420 2406
2406 2420 2421
2417 2419 2422
2420 2417 2422
2420 2423 2421
2423 2420 2422
2421 2423 2424
2425 2422 2419
2423 2422 2425
2425 2419 2426
2425 2426 2427
2428 2424 2423
2425 2428 2423
2428 2429 2424
2425 2427 2430
2425 2430 2428
2430 2427 2431
2430 2431 2432
2433 2429 2428
2430 2433 2428
2432 2433 2430
2433 2434 2429
2432 2435 2433
2433 2436 2434
2433 2435 2436
2437 2438 2439
2437 2439 2440
2441 2437 2440
2441 2440 2442
2440 2443 2442
2439 2444 2440
2440 2444 2443
2439 2445 2444
2446 2443 2444
2447 2444 2445
2446 2444 2447
2447 2445 2448
2449 2446 2447
2450 2447 2448
2449 2447 2450
2450 2448 2451
2450 2451 2452
2449 2450 2453
2450 2452 2453
2449 2453 2454
2453 2452 2455
2456 2454 2453
2453 2455 2456
2456 2457 2454
2456 2455 2458
2459 2457 2456
2456 2458 2459
2459 2460 2457
2459 2458 2461
2462 2460 2459
2459 2461 2462
2462 2463 2460
2462 2461 2464
2463 2462 2464
2465 2466 2467
2465 2467 2468
2469 2465 2468
2469 2470 2465
2471 2470 2469
2472 2465 2470
2473 2465 2472
2473 2472 2474
2472 2470 2475
2471 2476 2470
2475 2470 2476
2475 2476 2477
2478 2476 2471
2479 2477 2476
2478 2480 2476
2479 2476 2481
2482 2480 2478
2483 2479 2481
2482 2484 2480
2483 2481 2485
2484 2482 2486
2485 2487 2483
2484 2486 2488
2485 2489 2487
2488 2486 2490
2491 2487 2489
2488 2490 2492
2491 2489 2493
2492 2490 2494
2492 2494 2495
2496 2495 2494
2493 2497 2491
2496 2497 2498
2493 2498 2497
2499 2500 2501
2499 2501 2502
2501 2503 2502
2501 2504 2503
2505 2503 2504
2505 2504 2506
2506 2507 2505
2508 2509 2510
2508 2511 2509
2512 2509 2511
2512 2511 2513
2514 2512 2513
2514 2513 2515
2515 2516 2514
2517 2518 2519
2517 2519 2520
2521 2517 2520
2520 2519 2522
2521 2520 2523
2520 2522 2524
2524 2523 2520
2525 2524 2522
2524 2526 2523
2525 2527 2524
2527 2526 2524
2527 2525 2528
2527 2529 2526
2529 2527 2528
2530 2531 2532
2532 2533 2530
2532 2534 2533
2535 2533 2534
2535 2534 2536
2536 2537 2535
2538 2535 2537
2536 2539 2537
2539 2540 2537
2539 2541 2540
2542 2537 2540
2542 2543 2537
2544 2540 2541
2542 2540 2544
2544 2541 2545
2545 2546 2544
2545 2547 2546
2542 2544 2548
2546 2548 2544
2546 2547 2549
2550 2549 2547
2549 2550 2551
2549 2551 2552
2553 2552 2551
2546 2549 2554
2554 2549 2552
2553 2555 2552
2556 2555 2553
2556 2557 2555
2557 2556 2558
2557 2558 2559
2560 2559 2558
2560 2561 2559
2562 2561 2560
2562 2563 2561
2564 2563 2562
2564 2565 2563
2566 2565 2564
2567 2552 2555
2554 2552 2567
2566 2568 2565
2569 2568 2566
2569 2570 2568
2571 2568 2570
2571 2565 2568
2565 2571 2572
2572 2571 2573
2565 2572 2574
2575 2572 2573
2576 2574 2572
2575 2576 2572
2576 2577 2574
2578 2576 2575
2577 2576 2579
2578 2579 2576
2577 2579 2580
2581 2579 2578
2582 2580 2579
2581 2582 2579
2582 2583 2580
2584 2582 2581
2583 2582 2585
2584 2585 2582
2583 2585 2555
2567 2555 2585
2585 2584 2586
2585 2586 2567
2587 2586 2584
2587 2584 2588
2567 2586 2589
2567 2589 2554
2588 2590 2587
2588 2591 2590
2587 2590 2592
2586 2587 2593
2586 2593 2589
2587 2592 2593
2594 2554 2589
2594 2589 2593
2594 2546 2554
2546 2594 2548
2592 2595 2593
2594 2593 2595
2595 2548 2594
2592 2596 2595
2596 2597 2595
2595 2597 2548
2596 2598 2597
2597 2599 2548
2599 2542 2548
2598 2600 2597
2600 2599 2597
2598 2601 2600
2602 2542 2599
2600 2602 2599
2602 2543 2542
2603 2600 2601
2600 2603 2602
2603 2601 2604
2543 2602 2605
2603 2605 2602
2543 2605 2606
2603 2607 2605
2604 2607 2603
2604 2608 2607
2609 2610 2611
2610 2612 2611
2610 2613 2612
2613 2614 2612
2613 2615 2614
2615 2616 2614
2615 2617 2616
2618 2616 2617
2618 2619 2616
2620 2619 2618
2620 2621 2619
2621 2620 2622
2621 2622 2623
2624 2623 2622
2624 2625 2623
2626 2625 2624
2626 2624 2627
2627 2628 2626
2624 2622 2629
2627 2624 2629
2629 2622 2630
2630 2622 2631
2631 2622 2632
2627 2629 2633
2627 2633 2634
2627 2635 2628
2627 2634 2635
2628 2635 2636
2637 2635 2634
2636 2635 2637
2637 2634 2638
2637 2639 2636
2640 2641 2642
2641 2643 2642
2641 2644 2643
2644 2645 2643
2644 2646 2645
2646 2647 2645
2646 2648 2647
2648 2649 2647
2648 2650 2649
2649 2650 2651
2649 2651 2652
2653 2652 2651
2653 2654 2652
2655 2654 2653
2655 2653 2656
2657 2655 2656
2657 2656 2658
2657 2658 2659
2660 2661 2662
2663 2662 2661
2664 2662 2663
2663 2665 2664
2666 2664 2665
2666 2665 2667
2668 2666 2667
2668 2669 2666
2668 2670 2669
2666 2669 2671
2671 2672 2666
2673 2666 2672
2673 2672 2674
2674 2675 2673
2671 2676 2672
2675 2674 2677
2678 2676 2671
2676 2678 2679
2680 2676 2679
2681 2676 2680
2681 2680 2682
2682 2674 2681
2682 2677 2674
2669 2683 2671
2669 2684 2683
2685 2683 2684
2669 2670 2684
2685 2684 2686
2687 2685 2686
2688 2682 2687
2687 2686 2688
2677 2682 2689
2688 2689 2682
2690 2684 2670
2690 2686 2684
2690 2691 2686
2688 2686 2692
2691 2692 2686
2670 2693 2690
2693 2691 2690
2670 2694 2693
2695 2694 2670
2695 2670 2696
2693 2697 2691
2698 2691 2697
2692 2691 2698
2692 2698 2699
2692 2699 2700
2688 2692 2701
2701 2702 2688
2688 2702 2703
2688 2703 2689
2704 2689 2703
2704 2705 2689
2706 2705 2704
2677 2689 2705
2707 2705 2706
2707 2677 2705
2707 2708 2677
2709 2710 2711
2709 2712 2710
2712 2709 2713
2712 2713 2714
2714 2713 2715
2714 2715 2716
2717 2716 2715
2717 2718 2716
2719 2718 2717
2719 2720 2718
2721 2720 2719
2721 2722 2720
2723 2722 2721
2723 2724 2722
2724 2723 2725
2724 2725 2726
2727 2726 2725
2727 2728 2726
2728 2727 2729
2728 2729 2730
2731 2730 2729
2731 2729 2732
2732 2733 2731
2732 2734 2733
2735 2733 2734
2735 2734 2736
2737 2735 2736
2737 2736 2738
2739 2737 2738
2739 2738 2740
2741 2739 2740
2741 2740 2742
2743 2741 2742
2743 2744 2741
2745 2744 2743
2745 2746 2744
2747 2748 2749
2750 2747 2749
2750 2749 2751
2752 2750 2751
2750 2752 2753
2753 2752 2754
2754 2752 2755
2754 2755 2756
2757 2756 2755
2757 2758 2756
2758 2757 2759
2759 2757 2760
2760 2761 2759
2760 2762 2761
2761 2762 2763
2764 2763 2762
2764 2762 2765
2766 2764 2765
2766 2765 2767
2768 2766 2767
2768 2767 2769
2768 2769 2770
2770 2769 2771
2770 2771 2772
2773 2772 2771
2774 2773 2771
2775 2776 2777
2775 2777 2778
2775 2778 2779
2775 2779 2780
2780 2779 2781
2779 2782 2781
2780 2781 2783
2783 2781 2784
2783 2784 2785
2785 2784 2786
2785 2786 2787
2779 2788 2782
2789 2788 2779
2789 2790 2788
2790 2789 2791
2790 2791 2792
2793 2790 2792
2793 2794 2790
2795 2790 2794
2795 2788 2790
2782 2788 2795
2782 2795 2796
2782 2796 2797
2782 2797 2798
2798 2797 2799
2798 2799 2800
2800 2799 2801
2800 2801 2802
2803 2802 2801
2803 2804 2802
2804 2803 2805
2804 2805 2806
2806 2805 2807
2802 2808 2800
2804 2809 2802
2802 2809 2808
2806 2810 2804
2804 2810 2809
2806 2811 2810
2810 2812 2809
2806 2813 2811
2806 2807 2814
2806 2814 2813
2815 2814 2807
2815 2807 2816
2800 2808 2817
2800 2817 2818
2818 2817 2782
2817 2781 2782
2817 2819 2781
2808 2819 2817
2808 2786 2819
2809 2786 2808
2809 2812 2786
2787 2786 2812
2787 2812 2820
2820 2812 2821
2820 2821 2822
2822 2821 2823
2822 2823 2824
2825 2824 2823
2825 2823 2813
2813 2826 2825
2813 2827 2826
2814 2827 2813
2828 2826 2827
2814 2815 2827
2828 2827 2829
2829 2827 2815
2830 2828 2829
2829 2815 2831
2816 2831 2815
2816 2832 2831
2830 2829 2833
2833 2829 2831
2833 2834 2830
2832 2835 2831
2833 2831 2835
2832 2836 2835
2833 2837 2834
2835 2837 2833
2838 2834 2837
2839 2835 2836
2835 2839 2837
2839 2836 2840
2838 2837 2841
2841 2837 2839
2841 2842 2838
2840 2843 2839
2841 2839 2843
2840 2844 2843
2841 2845 2842
2843 2845 2841
2846 2842 2845
2844 2847 2843
2843 2847 2845
2844 2848 2847
2846 2845 2849
2849 2845 2847
2850 2846 2849
2848 2851 2847
2849 2847 2851
2848 2852 2851
2850 2849 2853
2853 2849 2851
2854 2850 2853
2852 2855 2851
2853 2851 2855
2854 2853 2855
2852 2856 2855
2854 2855 2857
2857 2855 2856
2858 2859 2860
2858 2860 2861
2862 2858 2861
2861 2860 2863
2863 2860 2864
2863 2864 2865
2863 2865 2866
2863 2866 2867
2867 2861 2863
2867 2866 2868
2862 2861 2869
2867 2869 2861
2867 2868 2870
2870 2869 2867
2870 2868 2871
2872 2862 2869
2870 2872 2869
2872 2873 2862
2870 2871 2874
2874 2872 2870
2874 2871 2875
2873 2872 2876
2874 2876 2872
2873 2876 2877
2878 2877 2876
2874 2875 2879
2879 2876 2874
2879 2875 2880
2878 2876 2881
2879 2881 2876
2882 2878 2881
2879 2880 2883
2883 2881 2879
2883 2880 2884
2882 2881 2885
2883 2885 2881
2885 2886 2882
2883 2884 2887
2885 2883 2887
2887 2884 2888
2885 2889 2886
2885 2887 2889
2887 2888 2890
2889 2887 2890
2891 2890 2888
2892 2886 2889
2889 2890 2892
2892 2893 2886
2891 2894 2890
2894 2892 2890
2895 2893 2892
2894 2895 2892
2895 2896 2893
2891 2897 2894
2897 2895 2894
2891 2898 2897
2899 2897 2898
2900 2897 2899
2901 2896 2895
2897 2901 2895
2897 2900 2901
2901 2902 2896
2901 2900 2902
2902 2900 2903
2904 2905 2906
2904 2907 2905
2908 2907 2904
2908 2904 2909
2910 2908 2909
2910 2909 2911
2911 2912 2910
2911 2913 2912
2913 2914 2912
2913 2915 2914
2915 2916 2914
2915 2917 2916
2917 2918 2916
2917 2919 2918
2919 2920 2918
2919 2921 2920
2921 2922 2920
2921 2923 2922
2924 2922 2923
2924 2923 2925
2926 2924 2925
2926 2927 2924
2928 2929 2930
2928 2930 2931
2931 2930 2932
2931 2933 2928
2931 2932 2934
2935 2934 2932
2931 2936 2933
2934 2936 2931
2935 2937 2934
2938 2937 2935
2933 2936 2939
2933 2939 2940
2934 2941 2936
2941 2934 2937
2938 2942 2937
2943 2942 2938
2943 2944 2942
2941 2937 2945
2942 2946 2937
2947 2936 2941
2945 2947 2941
2947 2939 2936
2945 2948 2947
2944 2949 2942
2942 2949 2946
2944 2950 2949
2949 2951 2946
2948 2952 2947
2952 2939 2947
2948 2953 2952
2950 2954 2949
2949 2954 2951
2954 2953 2951
2950 2955 2954
2955 2956 2954
2954 2956 2953
2955 2957 2956
2958 2956 2957
2953 2956 2958
2958 2957 2959
2952 2960 2939
2940 2939 2960
2940 2960 2961
2962 2952 2953
2962 2960 2952
2961 2960 2963
2962 2963 2960
2961 2963 2964
2964 2963 2965
2964 2965 2966
2967 2958 2959
2967 2959 2968
2969 2953 2958
2962 2953 2969
2970 2963 2962
2970 2965 2963
2966 2965 2971
2966 2971 2972
2973 2969 2958
2973 2958 2967
2969 2974 2962
2970 2962 2974
2969 2973 2974
2975 2965 2970
2975 2971 2965
2975 2970 2974
2972 2971 2976
2976 2971 2975
2972 2976 2977
2978 2974 2973
2978 2975 2974
2976 2975 2979
2980 2976 2979
2978 2981 2975
2977 2976 2982
2980 2982 2976
2977 2982 2983
2984 2982 2980
2983 2982 2985
2984 2985 2982
2983 2985 2986
2987 2985 2984
2986 2985 2987
2986 2987 2988
2987 2984 2989
2990 2988 2987
2991 2987 2989
2990 2987 2991
2991 2989 2992
2993 2990 2991
2994 2991 2992
2993 2991 2995
2995 2996 2993
2994 2997 2991
2994 2998 2997
2999 3000 3001
2999 3001 3002
3002 3001 3003
3002 3003 3004
3004 3003 3005
3004 3005 3006
3005 3007 3006
3005 3008 3007
3009 3007 3008
3009 3008 3010
3011 3009 3010
3011 3012 3009
3011 3013 3012
3014 3015 3016
3014 3016 3017
3018 3017 3016
3018 3019 3017
3020 3019 3018
3020 3021 3019
3022 3021 3020
3022 3023 3021
3023 3022 3024
3023 3024 3025
3026 3025 3024
3026 3024 3027
3028 3026 3027
3028 3027 3029
3030 3028 3029
3031 3032 3033
3034 3031 3033
3034 3033 3035
3036 3034 3035
3036 3035 3037
3038 3036 3037
3038 3037 3039
3040 3038 3039
3040 3041 3038
3040 3042 3041
3040 3043 3042
3044 3042 3043
3044 3045 3042
3045 3044 3046
3047 3045 3046
3047 3046 3048
3048 3046 3049
3048 3049 3050
3049 3046 3051
3052 3051 3046
3052 3046 3053
3052 3053 3054
3052 3055 3051
3055 3049 3051
3052 3054 3056
3057 3056 3054
3057 3054 3058
3059 3057 3058
3059 3058 3060
3061 3059 3060
3061 3060 3062
3063 3061 3062
3063 3062 3064
3065 3063 3064
3065 3064 3066
3067 3065 3066
3055 3068 3049
3069 3049 3068
3069 3070 3049
3050 3049 3070
3069 3071 3070
3050 3070 3071
3069 3072 3071
3050 3071 3073
3071 3072 3074
3074 3072 3075
3071 3074 3076
3073 3071 3076
3077 3074 3075
3074 3077 3076
3077 3075 3078
3079 3077 3078
3076 3077 3079
3079 3078 3080
3073 3076 3081
3076 3079 3081
3073 3081 3082
3079 3082 3081
3083 3073 3082
3084 3079 3080
3079 3084 3082
3084 3080 3085
3083 3082 3086
3086 3082 3084
3087 3084 3085
3086 3084 3087
3087 3085 3088
3089 3087 3088
3083 3086 3090
3087 3090 3086
3083 3090 3091
3089 3092 3087
3087 3092 3090
3092 3089 3093
3090 3094 3091
3092 3094 3090
3095 3092 3093
3092 3095 3094
3096 3095 3093
3096 3097 3095
3094 3095 3097
3097 3096 3098
3091 3094 3099
3094 3097 3099
3091 3099 3100
3101 3097 3098
3101 3099 3097
3101 3098 3102
3099 3103 3100
3101 3103 3099
3101 3102 3104
3103 3101 3104
3100 3103 3105
3103 3104 3105
3100 3105 3106
3102 3107 3104
3102 2981 3107
2978 3107 2981
3104 3108 3105
3104 3107 3108
3107 2978 3108
3106 3105 3108
3109 3108 2978
2978 2973 3109
3109 2973 2967
3109 2967 3110
3109 3110 3111
3109 3112 3108
3109 3111 3112
3106 3108 3112
3112 3111 3113
3112 3113 3106
3106 3113 3114
3106 3114 3115
3115 3114 3116
3115 3116 3117
3117 3116 3118
3117 3118 3119
3120 3119 3118
3120 3118 3121
3121 3122 3120
3121 3123 3122
3124 3122 3123
3124 3123 3125
3125 3126 3124
3127 3128 3129
3127 3130 3128
3127 3131 3130
3131 3132 3130
3131 3133 3132
3134 3132 3133
3134 3135 3132
3134 3136 3135
3134 3137 3136
3138 3136 3137
3138 3139 3136
3140 3139 3138
3140 3141 3139
3140 3142 3141
3140 3143 3142
3142 3143 3144
3142 3144 3145
3144 2968 3145
3144 2967 2968
3146 3147 3148
3149 3147 3146
3149 3150 3147
3151 3150 3149
3151 3152 3150
3151 3153 3152
3151 3154 3153
3154 3155 3153
3154 3156 3155
3157 3155 3156
3157 3156 3158
3159 3157 3158
3159 3160 3157
3160 3159 3161
3160 3161 3162
3162 3161 3163
3164 3160 3162
3164 3165 3160
3164 3166 3165
3164 3162 3167
3168 3165 3166
3168 3166 3169
3168 3169 3170
3171 3168 3170
3171 3170 3172
3171 3172 3173
3171 3173 3174
3171 3174 3175
3175 3174 3176
3175 3176 3177
3175 3177 3178
3175 3178 3179
3175 3179 3180
3175 3180 3181
3181 3180 3182
3181 3182 3183
3184 3183 3182
3184 3182 3185
3186 3184 3185
3186 3187 3184
3186 3188 3187
3186 3189 3188
3189 3190 3188
3189 3191 3190
3190 3191 3192
3190 3192 3193
3192 3194 3193
3192 3195 3194
3195 3196 3194
3195 3197 3196
3197 3198 3196
3197 3199 3198
3199 3200 3198
3201 3202 3203
3204 3201 3203
3204 3203 3205
3205 3206 3204
3205 3207 3206
3207 3208 3206
3207 3209 3208
3209 3210 3208
3209 3211 3210
3211 3212 3210
3211 3213 3212
3213 3214 3212
3213 3215 3214
3215 3216 3214
3215 3217 3216
3217 3215 3213
3217 3213 3218
3213 3219 3218
3213 3211 3219
3220 3219 3211
3220 3211 3209
3221 3220 3209
3221 3209 3222
3223 3221 3222
3223 3222 3224
3224 3225 3223
3224 3226 3225
3226 3227 3225
3227 3228 3225
3227 3229 3228
3230 3228 3229
3231 3229 3227
3231 3227 3232
3230 3229 3233
3230 3233 3234
3231 3235 3229
3233 3229 3235
3233 3235 3236
3237 3235 3231
3233 3236 3238
3234 3233 3239
3233 3238 3239
3234 3239 3240
3241 3239 3238
3242 3237 3231
3231 3232 3242
3242 3163 3237
3162 3163 3242
3232 3162 3242
3232 3167 3162
3240 3239 3243
3241 3243 3239
3240 3243 3244
3245 3243 3241
3244 3243 3246
3245 3246 3243
3246 3245 3247
3244 3246 3248
3246 3247 3249
3248 3246 3249
3248 3249 3250
3251 3252 3253
3253 3254 3251
3251 3254 3255
3255 3256 3251
3255 3257 3256
3258 3256 3257
3258 3257 3259
3259 3260 3258
3261 3257 3255
3261 3259 3257
3261 3255 3262
3255 3263 3262
3254 3263 3255
3261 3264 3259
3265 3263 3254
3264 3266 3259
3259 3266 3260
3264 3267 3266
3267 3268 3266
3266 3268 3260
3267 3269 3268
3270 3268 3269
3260 3268 3270
3270 3269 3271
3272 3270 3271
3260 3270 3273
3272 3273 3270
3260 3273 3274
3272 3275 3273
3274 3273 3275
3274 3275 3276
3277 3276 3275
3277 3275 3278
3277 3278 3279
3277 3279 3280
3279 3281 3280
3279 3282 3281
3282 3283 3281
3282 3284 3283
3284 3285 3283
3284 3286 3285
3286 3287 3285
3286 3288 3287
3289 3287 3288
3289 3288 3290
3289 3290 3291
3289 3291 3292
3292 3291 3293
3292 3293 3294
3294 3293 3295
3294 3295 3296
3296 3295 3297
3296 3297 3298
3298 3297 3299
3298 3299 3300
3300 3299 3301
3300 3301 3302
3302 3301 3303
3302 3303 3304
3305 3304 3303
3305 3303 3306
3305 3306 3307
3308 3300 3302
3308 3302 3309
3308 3309 3310
3310 3309 3305
3310 3305 3311
3305 3307 3312
3311 3305 3312
3312 3307 3313
3311 3312 3314
3308 3315 3300
3316 3315 3308
3317 3315 3316
3315 3298 3300
3312 3313 3318
3314 3312 3318
3318 3313 3319
3314 3318 3320
3317 3321 3315
3315 3321 3298
3322 3321 3317
3318 3319 3323
3320 3318 3323
3320 3323 3324
3323 3325 3324
3323 3319 3326
3327 3298 3321
3322 3327 3321
3327 3296 3298
3328 3327 3322
3323 3329 3325
3323 3326 3329
3329 3330 3325
3296 3327 3331
3328 3331 3327
3296 3331 3294
3332 3331 3328
3326 3333 3329
3329 3333 3330
3326 3334 3333
3333 3334 3335
3333 3335 3336
3335 3337 3336
3330 3333 3338
3330 3338 3339
3338 3340 3339
3294 3331 3341
3332 3341 3331
3294 3341 3292
3342 3341 3332
3343 3292 3341
3342 3343 3341
3343 3344 3292
3345 3343 3342
3346 3344 3343
3345 3346 3343
3346 3347 3344
3348 3346 3345
3347 3346 3348
3347 3348 3349
3348 3345 3350
3351 3349 3348
3352 3348 3350
3351 3348 3352
3352 3350 3353
3354 3352 3353
3355 3351 3352
3354 3355 3352
3356 3355 3354
3355 3357 3351
3357 3355 3356
3357 3356 3358
3356 3359 3358
3356 3360 3359
3359 3360 3361
3359 3361 3362
3363 3360 3356
3364 3361 3360
3364 3360 3363
3362 3361 3365
3365 3361 3364
3356 3354 3366
3363 3356 3366
3362 3365 3367
3362 3367 3368
3369 3368 3367
3369 3367 3370
3369 3370 3371
3369 3371 3372
3373 3372 3371
3373 3371 3374
3373 3374 3375
3366 3354 3376
3366 3376 3377
3378 3376 3354
3363 3366 3377
3378 3354 3379
3363 3377 3380
3381 3378 3379
3381 3379 3382
3364 3363 3380
3383 3381 3382
3383 3382 3384
3383 3384 3385
3383 3385 3386
3386 3385 3387
3386 3387 3388
3388 3387 3389
3388 3389 3390
3391 3390 3389
3391 3389 3392
3391 3392 3393
3391 3393 3394
3395 3394 3393
3395 3393 3396
3395 3396 3397
3395 3397 3398
3399 3398 3397
3399 3397 3400
3399 3400 3401
3399 3401 3402
3403 3402 3401
3403 3401 3404
3403 3404 3405
3403 3405 3406
3407 3406 3405
3407 3405 3408
3408 3409 3407
3408 3410 3409
3410 3411 3409
3410 3412 3411
3411 3412 3413
3411 3413 3414
3413 3415 3414
3416 3417 3418
3419 3418 3417
3419 3420 3418
3420 3419 3421
3420 3421 3422
3422 3421 3423
3422 3423 3424
3424 3423 3425
3424 3425 3426
3426 3425 3427
3426 3427 3428
3427 3429 3428
3427 3430 3429
3431 3429 3430
3431 3430 3432
3432 3433 3431
3432 3434 3433
3435 3436 3437
3435 3437 3438
3435 3438 3439
3435 3439 3440
3441 3440 3439
3441 3442 3440
3441 3443 3442
3441 3444 3443
3445 3443 3444
3445 3446 3443
3445 3447 3446
3445 3448 3447
3449 3447 3448
3449 3450 3447
3449 3451 3450
3449 3452 3451
3453 3451 3452
3453 3454 3451
3455 3454 3453
3455 3453 3456
3457 3455 3456
3457 3458 3455
3459 3458 3457
3460 3455 3458
3460 3461 3455
3458 3462 3460
3458 3463 3462
3459 3463 3458
3463 3464 3462
3459 3464 3463
3464 3465 3462
3464 3459 3466
3465 3464 3466
3459 3467 3466
3468 3465 3466
3467 3469 3466
3469 3468 3466
3467 3470 3469
3469 3471 3468
3469 3470 3472
3469 3472 3471
3471 3472 3473
3473 3472 3474
3473 3474 3475
3475 3474 3476
3475 3476 3477
3476 3478 3477
3476 3479 3478
3479 3480 3478
3479 3481 3480
3481 3482 3480
3481 3483 3482
3484 3482 3483
3484 3483 3485
3486 3484 3485
3486 3485 3487
3488 3486 3487
3488 3487 3489
3490 3488 3489
3490 3489 3491
3492 3490 3491
3492 3491 3493
3493 3494 3492
3493 3495 3494
3496 3494 3495
3496 3495 3497
3498 3496 3497
3498 3497 3499
3500 3498 3499
3500 3499 3501
3501 3502 3500
3501 3503 3502
3504 3502 3503
3504 3503 3505
3505 3506 3504
3505 3507 3506
3508 3506 3507
3508 3507 3509
3509 3510 3508
3509 3511 3510
3511 3512 3510
3511 3513 3512
3512 3513 3514
3512 3514 3515
3514 3516 3515
3517 3518 3519
3517 3520 3518
3520 3517 3521
3522 3518 3520
3522 3523 3518
3520 3521 3524
3524 3521 3525
3520 3524 3526
3520 3526 3522
3524 3525 3527
3527 3526 3524
3528 3527 3525
3528 3529 3527
3530 3527 3529
3527 3530 3526
3530 3529 3531
3530 3531 3532
3533 3523 3522
3533 3534 3523
3522 3526 3535
3530 3535 3526
3522 3535 3533
3530 3532 3536
3530 3536 3535
3537 3534 3533
3537 3538 3534
3533 3535 3539
3536 3539 3535
3533 3539 3537
3540 3536 3532
3536 3540 3539
3540 3532 3541
3540 3541 3542
3543 3538 3537
3543 3544 3538
3545 3539 3540
3540 3542 3545
3537 3539 3546
3537 3546 3543
3545 3546 3539
3547 3544 3543
3547 3548 3544
3549 3543 3546
3545 3549 3546
3549 3547 3543
3550 3545 3542
3545 3550 3549
3550 3542 3551
3550 3551 3265
3550 3265 3552
3552 3549 3550
3265 3254 3552
3553 3548 3547
3553 3554 3548
3555 3547 3549
3552 3555 3549
3555 3553 3547
3552 3254 3556
3552 3556 3555
3253 3556 3254
3557 3554 3553
3555 3557 3553
3555 3556 3557
3557 3558 3554
3559 3557 3556
3559 3558 3557
3559 3556 3253
3559 3560 3558
3561 3560 3559
3253 3561 3559
3561 3562 3560
3253 3563 3561
3564 3563 3253
3563 3564 3565
3566 3562 3561
3566 3561 3563
3566 3567 3562
3566 3563 3568
3568 3563 3569
3569 3570 3568
3568 3571 3566
3568 3570 3571
3571 3567 3566
3570 3572 3571
3571 3573 3567
3567 3573 3574
3571 3572 3575
3573 3571 3575
3572 3365 3575
3574 3573 3576
3573 3575 3576
3574 3576 3577
3576 3578 3577
3575 3365 3579
3575 3579 3576
3576 3579 3578
3364 3579 3365
3580 3578 3579
3580 3579 3364
3364 3380 3580
3581 3582 3583
3581 3583 3584
3585 3581 3584
3585 3584 3586
3585 3586 3587
3585 3587 3588
3588 3587 3589
3588 3589 3590
3590 3589 3591
3590 3591 3592
3593 3592 3591
3593 3591 3594
3593 3594 3595
3593 3595 3596
3595 3597 3596
3595 3598 3597
3597 3598 3599
3600 3601 3602
3600 3603 3601
3604 3603 3600
3604 3605 3603
3605 3606 3603
3605 3607 3606
3608 3606 3607
3608 3607 3609
3610 3606 3608
3611 3603 3606
3611 3601 3603
3610 3612 3606
3611 3606 3612
3612 3610 3613
3610 3614 3613
3615 3612 3613
3615 3611 3612
3616 3601 3611
3615 3616 3611
3616 3617 3601
3617 3618 3601
3619 3618 3617
3620 3616 3615
3621 3620 3615
3621 3615 3622
3623 3620 3621
3620 3624 3616
3617 3616 3624
3623 3625 3620
3625 3624 3620
3626 3625 3623
3626 3627 3625
3628 3627 3626
3625 3629 3624
3627 3629 3625
3617 3624 3630
3630 3624 3629
3630 3629 3631
3631 3629 3632
3627 3632 3629
3631 3632 3633
3628 3634 3627
3634 3632 3627
3635 3633 3632
3634 3635 3632
3635 3636 3633
3635 3637 3636
3628 3638 3634
3628 3639 3638
3640 3635 3634
3635 3640 3637
3640 3634 3638
3641 3640 3638
3641 3638 3642
3637 3640 3643
3641 3643 3640
3637 3643 3644
3643 3645 3644
3643 3646 3645
3646 3643 3641
3645 3646 3647
3642 3648 3641
3642 3649 3648
3650 3649 3642
3650 3651 3649
3649 3651 3652
3649 3652 3653
3653 3641 3649
3653 3652 3654
3646 3641 3655
3653 3655 3641
3653 3654 3656
3656 3655 3653
3646 3655 3656
3656 3647 3646
3656 3654 3657
3656 3657 3658
3658 3647 3656
3659 3658 3657
3659 3657 3660
3658 3661 3647
3659 3661 3658
3660 3662 3659
3660 3663 3662
3664 3662 3663
3664 3663 3665
3666 3664 3665
3659 3662 3667
3667 3662 3664
3659 3668 3661
3659 3667 3668
3668 3669 3661
3661 3669 3647
3667 3670 3668
3668 3670 3669
3667 3671 3670
3667 3664 3672
3671 3667 3672
3673 3669 3670
3671 3673 3670
3666 3674 3664
3664 3675 3672
3664 3674 3675
3676 3674 3666
3675 3674 3676
3676 3666 3677
3671 3672 3678
3675 3678 3672
3677 3679 3676
3676 3679 3680
3677 3681 3679
3681 3682 3679
3680 3679 3682
3681 3683 3682
3675 3676 3684
3676 3680 3684
3675 3685 3678
3685 3675 3684
3671 3678 3686
3686 3678 3685
3683 3687 3682
3683 3688 3687
3685 3684 3689
3680 3689 3684
3690 3671 3686
3690 3673 3671
3686 3685 3691
3689 3691 3685
3690 3686 3692
3690 3692 3693
3690 3693 3694
3690 3694 3673
3694 3693 3695
3696 3673 3694
3694 3695 3697
3696 3694 3698
3697 3695 3699
3700 3696 3698
3697 3699 3701
3700 3698 3702
3701 3699 3703
3701 3703 3704
3704 3703 3705
3704 3705 3706
3707 3706 3705
3707 3708 3706
3702 3709 3700
3702 3710 3709
3708 3707 3711
3708 3711 3712
3713 3712 3711
3713 3711 3714
3713 3714 3715
3709 3710 3716
3709 3716 3717
3717 3716 3718
3718 3716 3719
3720 3718 3719
3720 3719 3721
3722 3720 3721
3723 3724 3725
3725 3726 3723
3725 3727 3726
3727 3728 3726
3727 3729 3728
3729 3730 3728
3729 3731 3730
3731 3732 3730
3731 3733 3732
3733 3734 3732
3733 3735 3734
3735 3736 3734
3735 3737 3736
3737 3738 3736
3737 3739 3738
3739 3740 3738
3739 3741 3740
3741 3742 3740
3741 3743 3742
3743 3744 3742
3743 3745 3744
3746 3744 3745
3746 3745 3747
3748 3746 3747
3748 3749 3746
3750 3749 3748
3750 3748 3751
3751 3752 3750
3751 3753 3752
3753 3754 3752
3753 3755 3754
3755 3756 3754
3755 3757 3756
3758 3756 3757
3758 3757 3759
3759 3757 3760
3759 3760 3761
3760 3762 3761
3760 3763 3762
3760 3757 3764
3765 3763 3760
3760 3764 3766
3765 3760 3766
3766 3764 3767
3768 3765 3766
3766 3767 3769
3768 3766 3769
3769 3767 3770
3771 3768 3769
3769 3770 3772
3771 3769 3772
3770 3773 3772
3773 3771 3772
3770 3774 3773
3773 3775 3771
3773 3774 3776
3775 3773 3777
3773 3776 3777
3775 3777 3778
3779 3778 3777
3777 3776 3780
3779 3777 3780
3781 3779 3780
3781 3780 3782
3783 3781 3782
3783 3782 3784
3783 3784 3785
3783 3785 3786
3785 3787 3786
3785 3788 3787
3789 3787 3788
3789 3788 3790
3791 3789 3790
3791 3790 3792
3793 3791 3792
3793 3792 3794
3795 3793 3794
3795 3796 3793
3797 3796 3795
3797 3795 3798
3799 3797 3798
3799 3800 3797
3799 3801 3800
3802 3803 3804
3802 3804 3805
3806 3807 3808
3806 3808 3809
3806 3809 3810
3806 3810 3811
3810 3812 3811
3810 3813 3812
3814 3812 3813
3814 3815 3812
3813 3688 3814
3813 3687 3688
3816 3813 3810
3816 3687 3813
3809 3816 3810
3687 3816 3817
3687 3817 3682
3680 3682 3817
3816 3818 3817
3818 3680 3817
3809 3819 3816
3816 3819 3818
3809 3820 3819
3809 3808 3820
3818 3821 3680
3680 3821 3689
3819 3822 3818
3819 3820 3822
3818 3823 3821
3818 3822 3823
3821 3824 3689
3821 3823 3824
3689 3824 3691
3823 3825 3824
3824 3825 3691
3823 3826 3825
3822 3826 3823
3825 3827 3691
3822 3828 3826
3820 3828 3822
3829 3691 3827
3820 3830 3828
3829 3831 3691
3808 3830 3820
3831 3829 3832
3808 3833 3830
3834 3833 3808
3834 3835 3833
3831 3832 3836
3836 3832 3837
3836 3837 3838
3838 3837 3839
3838 3839 3840
3840 3839 3841
3840 3841 3842
3843 3842 3841
3843 3844 3842
3844 3843 3845
3844 3845 3846
3847 3846 3845
3847 3848 3846
3848 3847 3849
3848 3849 3850
3850 3849 3851
3852 3853 3854
3852 3854 3855
3852 3855 3619
3852 3619 3856
3619 3857 3856
3619 3617 3857
3858 3857 3617
3858 3617 3859
3860 3858 3859
3857 3858 3861
3861 3862 3857
3863 3857 3862
3858 3864 3861
3858 3865 3864
3860 3865 3858
3865 3866 3864
3860 3867 3865
3865 3867 3866
3860 3868 3867
3866 3867 3869
3869 3867 3868
3869 3868 3870
3871 3866 3869
3872 3869 3870
3873 3871 3869
3872 3873 3869
3873 3874 3871
3874 3873 3872
3874 3872 3875
3874 3876 3871
3877 3874 3875
3874 3878 3876
3877 3878 3874
3878 3879 3876
3647 3878 3877
3878 3880 3879
3647 3880 3878
3880 3881 3879
3669 3880 3647
3880 3669 3881
3673 3881 3669
3882 3883 3884
3885 3882 3884
3885 3884 3886
3887 3885 3886
3887 3886 3888
3887 3888 3889
3887 3889 3890
3891 3890 3889
3891 3889 3892
3893 3891 3892
3893 3892 3894
3894 3895 3893
3896 3897 3898
3896 3898 3899
3896 3899 3900
3896 3900 3901
3902 3901 3900
3902 3900 3903
3902 3903 3904
3902 3904 3905
3905 3904 3906
3905 3906 3907
3907 3906 3908
3907 3908 3909
47 3909 3908
47 3908 3910
47 3910 65
3910 3911 65
3911 59 65
3911 3912 59
3910 3913 3911
3914 3913 3910
3914 3915 3913
3916 3915 3914
3916 3917 3915
3918 3917 3916
3918 3919 3917
3920 3919 3918
3920 3921 3919
3922 3921 3920
3922 3923 3921
3924 3923 3922
3924 3925 3923
3926 3925 3924
3926 3927 3925
3928 3929 3930
3931 3929 3928
3931 3932 3929
3933 3932 3931
3933 3931 3934
3933 3934 3935
3933 3935 3936
3936 3935 3937
3936 3937 3938
3939 3938 3937
3939 3937 3940
3939 3940 3941
3939 3941 3942
3941 3943 3942
3941 3944 3943
3944 3945 3943
3944 3946 3945
3945 3946 3947
3945 3947 3948
3947 3949 3948
3947 3950 3949
3951 3949 3950
3951 3952 3949
3951 3953 3952
3951 3954 3953
3955 3953 3954
3955 3954 3956
3957 3955 3956
3957 3956 3958
3957 3958 3959
3957 3959 3960
3961 3960 3959
3961 3962 3960
3963 3962 3961
3963 3964 3962
3964 3963 3965
3964 3965 3966
3966 3965 3967
3966 3967 3968
3967 3969 3968
3970 3969 3967
3970 3971 3969
3971 3972 3969
3971 3973 3972
3971 3974 3973
3975 3973 3974
3975 3976 3973
3977 3976 3975
3975 3978 3977
3977 3978 3979
3980 3981 3982
3983 3981 3980
3983 3984 3981
3985 3984 3983
3985 3986 3984
3987 3986 3985
3987 3985 3988
3987 3988 3989
3987 3989 3990
3991 3990 3989
3991 3989 3992
3991 3992 3993
3991 3993 3994
3993 3995 3994
3993 3996 3995
3997 3995 3996
3997 3998 3995
3997 3999 3998
3997 4000 3999
4000 4001 3999
4000 4002 4001
4003 4001 4002
4003 4002 4004
4003 4004 4005
4003 4005 4006
4007 4006 4005
4007 4005 4008
4009 4007 4008
4009 4008 4010
4010 4011 4009
4010 4012 4011
4013 4011 4012
4014 4015 4016
4017 4015 4014
4017 4014 4018
4019 4017 4018
4019 4020 4017
4019 4021 4020
4019 4022 4021
4022 4023 4021
4022 4024 4023
4024 4025 4023
4024 4026 4025
4027 4025 4026
4027 4026 4028
4029 4027 4028
4029 4030 4027
4031 4030 4029
4031 4032 4030
4031 4033 4032
4031 4034 4033
4034 4035 4033
4036 4035 4034
4037 4035 4036
4034 4038 4036
4039 4038 4034
4039 4034 4031
4031 4040 4039
4031 4029 4040
4029 4041 4040
4029 4042 4041
4041 4042 4043
4041 4043 4044
4045 4044 4043
4045 4043 4046
4045 4046 4047
4045 4047 4048
4048 4047 4049
4048 4049 4050
4050 4049 4051
4050 4051 4052
4051 4053 4052
4051 4054 4053
4053 4054 4055
4056 4057 4058
4056 4059 4057
4059 4056 4060
4059 4060 4061
4059 4061 4062
4063 4057 4059
4059 4062 4063
4063 4064 4057
4063 4062 4065
4066 4064 4063
4063 4065 4066
4066 4067 4064
4066 4065 4068
4069 4067 4066
4066 4068 4069
4069 4070 4067
4069 4068 4071
4072 4070 4069
4069 4071 4072
4072 4073 4070
4074 4072 4071
4075 4073 4072
4074 4075 4072
4075 4076 4073
4077 4075 4074
4078 4076 4075
4077 4078 4075
4078 4079 4076
4077 4080 4078
4079 4078 4081
4080 4081 4078
4079 4081 4082
4081 4080 4083
4082 4081 4084
4084 4081 4083
4085 4082 4084
4083 4086 4084
4084 4087 4085
4086 4087 4084
4087 4086 4088
4087 4089 4085
4087 4088 4090
4088 4091 4090
4091 4092 4090
4093 4092 4091
4093 4091 4094
4093 4094 4095
4093 4095 4096
4095 4097 4096
4095 4098 4097
4099 4097 4098
4099 4100 4097
4097 4100 4101
4097 4101 4102
4101 4103 4102
4101 4104 4103
4104 4105 4103
4104 4106 4105
4107 4105 4106
4107 4108 4105
4089 4108 4107
4108 4109 4105
4089 4109 4108
4089 4087 4109
4110 4111 4112
4110 4113 4111
4114 4113 4110
4114 4110 4115
4116 4114 4115
4116 4115 4117
4118 4116 4117
4118 4117 4119
4120 4118 4119
4120 4119 4121
4122 4120 4121
4122 4121 4123
4124 4122 4123
4124 4123 4125
4126 4124 4125
4126 4125 4127
4128 4126 4127
4128 4127 4129
4130 4128 4129
4130 4129 4131
4132 4130 4131
4132 4131 4133
4134 4132 4133
4134 4135 4132
4136 4135 4134
4136 4134 4137
4138 4136 4137
4138 4137 4139
4140 4138 4139
4141 4142 4143
4141 4143 4144
4145 4141 4144
4145 4144 4146
4147 4145 4146
4147 4146 4148
4149 4147 4148
4149 4148 4150
4151 4149 4150
4151 4152 4149
4151 4153 4152
4151 4154 4153
4154 4155 4153
4154 4156 4155
4156 4157 4155
4156 4158 4157
4158 4159 4157
4158 4160 4159
4160 4161 4159
4160 4162 4161
4163 4161 4162
4163 4162 4164
4163 4164 4165
4163 4165 4166
4165 4167 4166
4165 4168 4167
4168 4169 4167
4168 4170 4169
4170 4171 4169
4170 4172 4171
4172 4173 4171
4174 4175 4176
4174 4177 4175
4177 4174 4178
4177 4178 4179
4178 4180 4179
4178 4181 4180
4181 4182 4180
4181 4183 4182
4183 4184 4182
4183 4185 4184
4185 4186 4184
4185 4187 4186
4187 4188 4186
4187 4189 4188
4189 4190 4188
4191 4192 4193
4191 4194 4192
4195 4194 4191
4195 4191 4196
4197 4195 4196
4197 4196 4198
4199 4197 4198
4199 4198 4200
4201 4199 4200
4201 4200 4202
4203 4201 4202
4203 4204 4201
4203 4205 4204
4203 4206 4205
4206 4207 4205
4206 4208 4207
4208 4209 4207
4210 4211 4212
4211 4213 4212
4211 4214 4213
4215 4213 4214
4215 4216 4213
4216 4215 4217
4216 4217 4218
4219 4218 4217
4219 4220 4218
4220 4219 4221
4220 4221 4222
4223 4222 4221
4223 4221 4224
4225 4223 4224
4225 4224 4226
4227 4228 4229
4230 4228 4227
4230 4231 4228
4231 4232 4228
4230 4233 4231
4233 4232 4231
4230 4234 4233
4233 4235 4232
4233 4234 4236
4235 4233 4237
4233 4236 4237
4235 4237 4238
4236 4239 4237
4239 4238 4237
4239 4236 4240
4236 4241 4240
4240 4241 4242
4239 4243 4238
4244 4238 4243
4244 4243 4245
4243 4246 4245
4247 4243 4239
4247 4239 4240
4243 4247 4246
4247 4240 4248
4248 4246 4247
4240 4242 4248
4248 4249 4246
4250 4249 4248
4251 4248 4242
4250 4248 4251
4251 4242 4252
4251 4253 4250
4254 4251 4252
4251 4255 4253
4254 4255 4251
4255 4256 4253
4254 4257 4255
4255 4257 4256
4254 4258 4257
4257 4259 4256
4260 4257 4258
4257 4261 4259
4260 4261 4257
4262 4259 4261
4263 4261 4260
4262 4261 4264
4263 4264 4261
4265 4262 4264
4263 4266 4264
4265 4264 4266
4263 4267 4266
4268 4266 4267
4269 4265 4266
4268 4270 4266
4269 4266 4270
4271 4270 4268
4269 4270 4272
4271 4272 4270
4269 4272 4273
4274 4272 4271
4273 4272 4275
4274 4275 4272
4273 4275 4276
4277 4275 4274
4276 4275 4278
4277 4278 4275
4276 4278 4279
4280 4278 4277
4281 4279 4278
4280 4282 4278
4281 4278 4282
4283 4282 4280
4284 4281 4282
4283 4285 4282
4284 4282 4285
4286 4287 4288
4286 4289 4287
4290 4289 4286
4290 4291 4289
4292 4291 4290
4292 4290 4293
4294 4292 4293
4294 4295 4292
4296 4297 4298
4296 4298 4299
4299 4298 4300
4299 4300 4301
4301 4300 4302
4301 4302 4303
4302 4304 4303
4302 4305 4304
4305 4306 4304
4305 4307 4306
4308 4309 4310
4311 4309 4308
4311 4312 4309
4313 4312 4311
4313 4311 4314
4313 4314 4315
4313 4315 4316
4317 4316 4315
4317 4315 4318
4319 4317 4318
4319 4320 4317
4321 4320 4319
4322 4323 4324
4322 4325 4323
4326 4325 4322
4326 4322 4327
4326 4327 3857
4328 4329 4330
4328 4330 4331
4331 4330 4332
4331 4332 4333
4333 4332 4334
4333 4334 4335
4335 4334 4336
4335 4336 4337
4337 4336 4338
4337 4338 4339
4338 4340 4339
4338 4341 4340
4342 4343 4344
4342 4345 4343
4342 4346 4345
4347 4345 4346
4347 4348 4345
4349 4348 4347
4349 4350 4348
4351 4350 4349
4351 4352 4350
4353 4352 4351
4353 4354 4352
4353 4355 4354
4353 4356 4355
4357 4355 4356
4357 4356 4358
4358 4359 4357
4358 4360 4359
4361 4359 4360
4361 4360 4362
4362 4363 4361
4362 4364 4363
4365 4363 4364
4365 4364 4366
4366 4367 4365
4366 4368 4367
4369 4370 4371
4371 4372 4369
4371 4373 4372
4373 4374 4372
4373 4375 4374
4376 4374 4375
4376 4377 4374
4376 4378 4377
4376 4379 4378
4380 4378 4379
4380 4379 4381
4381 4382 4380
4381 4383 4382
4384 4382 4383
4384 4383 4385
4385 4386 4384
4385 4387 4386
4388 4386 4387
4388 4387 4389
4388 4389 4390
4388 4390 4391
4392 4391 4390
4392 4390 4393
4393 4394 4392
4393 4395 4394
4396 4397 4398
4397 4396 4399
4397 4399 4400
4401 4400 4399
4401 4402 4400
4402 4401 4403
4402 4403 4404
4404 4403 4405
4404 4405 4406
4406 4405 4407
4406 4407 4408
4409 4408 4407
4409 4410 4408
4411 4410 4409
4411 4409 4412
4409 4413 4412
4409 4414 4413
4414 4409 4407
4414 4407 4415
4415 4407 4405
4416 4414 4415
4416 4415 4417
4415 4418 4417
4415 4405 4419
4415 4419 4418
4419 4405 4420
4419 4421 4418
4419 4420 4422
4419 4422 4421
4423 4422 4420
4424 4421 4422
4423 4425 4422
4424 4422 4425
4426 4425 4423
4425 4427 4424
4426 4428 4425
4425 4428 4427
4428 4426 4429
4430 4427 4428
4428 4429 4431
4430 4428 4431
4431 4429 4432
4430 4431 4432
4433 4434 4435
4435 4434 4436
4435 4436 4437
4437 4436 4438
4437 4438 4439
4439 4438 4440
4439 4440 4441
4441 4440 4442
4441 4442 4443
4442 4444 4443
4442 4445 4444
4444 4445 4446
4444 4446 4447
4448 4449 4450
4448 4450 4451
4452 4453 4454
4452 4454 4455
4456 4457 4458
4456 4458 4459
4460 4461 4462
4460 4462 4463
4464 4465 4466
4464 4466 4467
4468 4469 4470
4468 4470 4471
4472 4473 4474
4472 4474 4475
4476 4477 4478
4476 4478 4479
4480 4481 4482
4480 4482 4483
4484 4485 4486
4484 4486 4487
4488 4489 4490
4488 4490 4491
4492 4493 4494
4492 4494 4495
4496 4497 4498
4496 4498 4499
4499 4498 4500
4499 4500 4501
4501 4500 4502
4501 4502 4503
4503 4502 4504
4503 4504 4505
4505 4504 4506
4505 4506 4507
4507 4506 4508
4509 4510 4511
4509 4511 4512
4512 4511 4513
4512 4513 4514
4515 4512 4514
4516 4509 4512
4515 4516 4512
4516 4517 4509
4518 4516 4515
4519 4517 4516
4518 4519 4516
4519 4520 4517
4521 4519 4518
4522 4520 4519
4521 4522 4519
4522 4523 4520
4524 4523 4522
4521 4525 4522
4524 4522 4525
4521 4526 4525
4525 4527 4524
4528 4525 4526
4525 4529 4527
4528 4529 4525
4530 4531 4532
4530 4532 4533
4534 4535 4536
4534 4536 4537
4538 4539 4540
4538 4540 4541
4542 4543 4544
4542 4544 4545
4545 4544 4546
4545 4546 4547
4548 4549 4550
4548 4550 4551
4552 4553 4554
4552 4554 4555
4556 4557 4558
4558 4557 4559
4558 4559 4560
4560 4559 4561
4560 4561 4562
4562 4561 4563
4562 4563 4564
4564 4563 4565
4564 4565 4566
4566 4565 4567
4566 4567 4568
4568 4567 4569
4568 4569 4570
4570 4569 4571
4570 4571 4572
4572 4571 4573
4572 4573 4574
4574 4573 4575
4574 4575 4576
4577 4576 4575
4577 4578 4576
4579 4576 4578
4579 4574 4576
4580 4574 4579
4580 4581 4574
4582 4581 4580
4582 4583 4581
4584 4583 4582
4584 4585 4583
4586 4585 4584
4586 4587 4585
4588 4587 4586
4588 4589 4587
4590 4589 4588
4590 4591 4589
4560 4591 4590
4592 4593 4594
4592 4594 4595
4596 4597 4598
4599 4596 4598
4600 4598 4597
4599 4598 4601
4600 4601 4598
4601 4602 4599
4600 4603 4601
4601 4604 4602
4604 4601 4603
4604 4603 4605
4604 4606 4602
4607 4604 4605
4604 4608 4606
4607 4608 4604
4609 4606 4608
4608 4607 4610
4609 4608 4611
4608 4610 4611
4612 4609 4611
4610 4613 4611
4612 4611 4613
4610 4614 4613
4613 4615 4612
4616 4613 4614
4613 4617 4615
4616 4617 4613
4618 4615 4617
4617 4616 4619
4618 4617 4620
4617 4619 4620
4621 4618 4620
4619 4622 4620
4621 4620 4622
4619 4623 4622
4624 4621 4622
4623 4625 4622
4624 4622 4625
4623 4626 4625
4627 4624 4625
4626 4627 4625
4628 428 4629
428 4628 427
4628 4629 4630
4630 4629 4631
4632 427 4628
427 4632 419
413 419 4632
413 4632 4633
4632 4628 4634
4633 4632 4634
4630 4634 4628
4633 4634 4635
4635 4634 4636
4630 4636 4634
4635 4636 4637
4637 4636 4638
4630 4631 4639
4639 4636 4630
4639 4638 4636
4640 4639 4631
4639 4640 4638
4641 4642 4643
4641 4643 4644
4641 4644 4645
4645 4644 4646
4641 4647 4642
4648 4642 4647
4648 4649 4642
4649 4648 4650
4649 4650 4651
4651 4650 4652
4650 4653 4652
4651 4652 4654
4648 4655 4650
4650 4655 4653
4648 4656 4655
4647 4656 4648
4657 4654 4652
4657 4658 4654
4659 4652 4653
4659 4657 4652
4657 4659 4660
4661 4658 4657
4657 4660 4661
4661 4662 4658
4663 4661 4660
4664 4662 4661
4663 4664 4661
4664 4665 4662
4666 4665 4664
4667 4664 4663
4666 4664 4668
4667 4668 4664
4668 4669 4666
4667 4670 4668
4668 4670 4669
4667 4671 4670
4672 4669 4670
4673 4670 4671
4672 4670 4673
4673 4671 4674
4673 4675 4672
4674 4676 4673
4673 4676 4675
4674 4677 4676
4676 4678 4675
4678 4676 4677
4679 4680 4681
4680 4682 4681
4679 4683 4680
4683 4679 4684
4680 4685 4682
4685 4686 4682
4685 4687 4686
4688 4686 4687
4689 4685 4680
4689 4687 4685
4688 4687 4690
4690 4646 4688
4683 4684 4691
4691 4684 4692
4693 4680 4683
4689 4680 4693
4694 4690 4687
4689 4694 4687
4690 4695 4646
4645 4646 4695
4691 4696 4683
4693 4683 4696
4691 4692 4697
4697 4692 4698
4694 4699 4690
4699 4695 4690
4691 4700 4696
4700 4691 4697
4697 4698 4701
4702 4701 4698
4700 4697 4703
4703 4697 4701
4702 4704 4701
4704 4702 4705
4703 4701 4706
4704 4706 4701
4700 4703 4707
4706 4707 4703
4708 4696 4700
4700 4707 4708
4704 4705 4709
4710 4709 4705
4710 4711 4709
4704 4712 4706
4712 4704 4709
4711 4713 4709
4712 4709 4713
4711 4714 4713
4706 4715 4707
4712 4715 4706
4713 4714 4716
4716 4714 4717
4716 4717 4718
4719 4712 4713
4712 4719 4715
4719 4713 4716
4720 4707 4715
4720 4708 4707
4716 4718 4721
4721 4718 4722
4721 4722 4723
4724 4716 4721
4721 4723 4724
4724 4719 4716
4725 4724 4723
4726 4715 4719
4726 4719 4724
4725 4726 4724
4720 4715 4726
4725 4720 4726
4727 4720 4725
4728 4720 4727
4720 4728 4708
4728 4727 4729
4730 4708 4728
4708 4730 4696
4693 4696 4730
4728 4729 4731
4729 4732 4731
4693 4730 4733
4689 4693 4733
4730 4728 4734
4734 4728 4731
4733 4730 4734
4731 4735 4734
4731 4732 4735
4733 4734 4735
4689 4733 4736
4736 4733 4735
4736 4694 4689
4732 4737 4735
4736 4735 4737
4732 4738 4737
4736 4739 4694
4737 4739 4736
4699 4694 4739
4738 4740 4737
4737 4740 4739
4738 4741 4740
4699 4739 4742
4740 4742 4739
4743 4740 4741
4740 4743 4742
4743 4741 4744
4745 4699 4742
4699 4745 4695
4743 4746 4742
4745 4742 4746
4747 4743 4744
4743 4747 4746
4747 4744 4748
4695 4745 4749
4749 4745 4746
4695 4749 4645
4750 4746 4747
4749 4746 4750
4750 4747 4751
4748 4751 4747
4748 4752 4751
4752 4753 4751
4753 4754 4751
4754 4749 4751
4754 4753 4755
4645 4749 4756
4756 4749 4754
4645 4756 4641
4754 4755 4757
4756 4754 4757
4757 4755 4758
4757 4758 4759
4756 4757 4759
4759 4758 4760
4761 4641 4756
4756 4759 4761
4761 4647 4641
4759 4760 4762
4763 4762 4760
4764 4761 4759
4647 4761 4764
4764 4759 4762
4763 4765 4762
4765 4764 4762
4766 4765 4763
4647 4764 4767
4767 4764 4765
4647 4767 4656
4656 4767 4768
4767 4765 4768
4656 4768 4769
4766 4770 4765
4770 4768 4765
4771 4770 4766
4769 4768 4772
4770 4772 4768
4771 4773 4770
4773 4772 4770
4774 4773 4771
4769 4772 4653
4775 4769 4653
4776 4775 4653
4653 4772 4777
4776 4653 4777
4773 4777 4772
4777 4778 4776
4774 4779 4773
4779 4777 4773
4780 4779 4774
4777 4781 4778
4779 4781 4777
4782 4778 4781
4782 4781 4783
4783 4781 4779
4783 4784 4782
4780 4785 4779
4783 4779 4785
4783 4786 4784
4785 4786 4783
4787 4785 4780
4785 4787 4786
4787 4780 4788
4789 4787 4788
4784 4786 4790
4790 4786 4787
4784 4790 4791
4789 4792 4787
4790 4787 4792
4793 4791 4790
4792 4793 4790
4793 4794 4791
4795 4792 4789
4792 4795 4793
4795 4789 4796
4797 4795 4796
4798 4794 4793
4795 4798 4793
4798 4799 4794
4797 4800 4795
4795 4800 4798
4801 4800 4797
4798 4800 4801
4801 4797 4802
4803 4801 4802
4799 4798 4804
4798 4801 4804
4801 4803 4804
4799 4804 4805
4804 4803 4805
4806 4807 4808
4809 4807 4806
4806 4808 4810
4809 4806 4811
4812 4806 4810
4813 4811 4806
4812 4810 4814
4813 4815 4811
4816 4812 4814
4816 4815 4813
4816 4814 4817
4816 4818 4815
4819 4816 4817
4819 4818 4816
4819 4820 4818
4819 4817 4821
4822 4820 4819
4823 4819 4821
4822 4819 4823
4823 4821 4824
4825 4822 4823
4826 4823 4824
4825 4823 4826
4826 4824 4827
4828 4825 4826
4829 4826 4827
4828 4826 4829
4829 4827 4830
4831 4828 4829
4832 4829 4830
4831 4829 4832
4832 4830 4833
4834 4831 4832
4835 4832 4833
4834 4832 4835
4835 4833 4836
4835 4837 4834
4836 4837 4835
4838 4839 4840
4841 4840 4839
4838 4840 4842
4843 4838 4842
4841 4844 4840
4844 4841 4845
4846 4842 4840
4847 4840 4844
4846 4840 4847
4843 4842 4848
4842 4846 4849
4842 4849 4848
4850 4848 4849
4846 4851 4849
4851 4850 4849
4846 4852 4851
4847 4852 4846
4851 4853 4850
4847 4854 4852
4850 4853 4855
4856 4854 4847
4847 4844 4856
4856 4857 4854
4857 4856 4858
4858 4856 4844
4857 4858 4859
4858 4844 4860
4844 4845 4860
4861 4859 4858
4860 4861 4858
4861 4862 4859
4861 4863 4862
4861 4864 4863
4865 4864 4861
4860 4865 4861
4865 4866 4864
4867 4866 4865
4860 4868 4865
4867 4865 4868
4860 4845 4868
4867 4868 4869
4845 4869 4868
4845 4870 4869
4870 4845 4871
4870 4871 4872
4873 4872 4871
4873 4874 4872
4875 4874 4873
4875 4876 4874
4876 4875 4843
4876 4843 4877
4843 4878 4877
4843 4879 4878
4879 4843 4848
4880 4878 4879
4879 4848 4881
4850 4881 4848
4880 4879 4882
4881 4882 4879
4882 4883 4880
4850 4884 4881
4881 4884 4882
4882 4885 4883
4884 4885 4882
4886 4883 4885
4850 4887 4884
4850 4855 4887
4886 4885 4888
4888 4889 4886
4884 4890 4885
4887 4890 4884
4888 4885 4890
4855 4891 4887
4887 4891 4890
4855 4892 4891
4891 4892 4893
4888 4894 4889
4894 4895 4889
4888 4890 4896
4896 4890 4891
4894 4888 4896
4891 4893 4897
4896 4891 4897
4897 4893 4898
4894 4899 4895
4894 4896 4899
4899 4896 4897
4895 4899 4900
4897 4898 4901
4899 4897 4901
4900 4899 4901
4902 4901 4898
4902 4900 4901
4903 4904 4905
4905 4904 4906
4903 4907 4904
4908 4907 4903
4908 4909 4907
4910 4909 4908
4910 4911 4909
4912 4911 4910
4907 4909 4913
4913 4909 4911
4914 4904 4907
4907 4913 4914
4912 4915 4911
4915 4912 4916
4917 4904 4914
4906 4904 4917
4917 4914 4918
4913 4918 4914
4913 4911 4919
4919 4911 4915
4915 4916 4920
4920 4916 4921
4917 4922 4906
4918 4922 4917
4913 4923 4918
4919 4923 4913
4919 4915 4924
4924 4915 4920
4922 4925 4906
4926 4906 4925
4918 4927 4922
4923 4927 4918
4925 4922 4927
4919 4928 4923
4928 4919 4924
4929 4926 4925
4930 4926 4929
4925 4927 4931
4931 4929 4925
4923 4932 4927
4928 4932 4923
4931 4927 4932
4930 4929 4933
4931 4933 4929
4930 4933 4934
4931 4932 4935
4933 4931 4935
4934 4933 4936
4933 4935 4936
4934 4936 4937
4928 4938 4932
4938 4935 4932
4928 4924 4939
4939 4938 4928
4937 4936 4940
4937 4940 4941
4940 4942 4941
4936 4935 4943
4938 4943 4935
4936 4943 4940
4940 4944 4942
4943 4944 4940
4945 4942 4944
4946 4943 4938
4939 4946 4938
4939 4924 4947
4924 4920 4947
4943 4948 4944
4946 4948 4943
4946 4939 4949
4939 4947 4949
4950 4947 4920
4920 4921 4950
4951 4948 4946
4946 4949 4951
4952 4944 4948
4951 4952 4948
4945 4944 4953
4952 4953 4944
4950 4954 4947
4954 4949 4947
4955 4950 4921
4954 4950 4955
4956 4955 4921
4956 4957 4955
4958 4951 4949
4954 4958 4949
4959 4954 4955
4957 4959 4955
4959 4958 4954
4957 4960 4959
4960 4958 4959
4957 4961 4960
4958 4962 4951
4960 4962 4958
4952 4951 4962
4952 4962 4963
4963 4962 4960
4953 4952 4963
4961 4964 4960
4963 4960 4964
4961 4965 4964
4953 4963 4966
4966 4963 4964
4965 4966 4964
4945 4953 4966
4945 4966 4965
4967 4968 4969
4970 4969 4968
4971 4970 4968
4972 4968 4967
4971 4968 4973
4972 4974 4968
4974 4973 4968
4974 4975 4973
4976 4974 4972
4977 4975 4974
4976 4978 4974
4977 4974 4978
4979 4978 4976
4977 4978 4980
4979 4980 4978
4977 4980 4981
4982 4980 4979
4981 4980 4983
4982 4983 4980
4981 4983 4984
4983 4982 4985
4983 4986 4984
4983 4985 4987
4983 4987 4986
4987 4985 4988
4986 4987 4988
4989 4990 4991
4989 4991 4992
4989 4992 4993
4994 4990 4989
4989 4993 4995
4994 4989 4996
4989 4995 4996
4997 4996 4995
4998 4994 4996
4997 4999 4996
4998 4996 4999
5000 4999 4997
5001 4998 4999
5000 5001 4999
5001 5002 4998
5001 5000 5003
5002 5001 5004
5001 5003 5004
5002 5004 5005
5004 5003 5006
5007 5005 5004
5004 5006 5007
5007 5008 5005
5007 5006 5009
5007 5010 5008
5007 5009 5011
5007 5011 5010
5009 5012 5011
5011 5012 5010
