byte offset: 0
first index: 0
index count: 13056
topology: trianglelist
format: DXGI_FORMAT_R16_UINT

0 1 2
3 4 5
6 7 8
9 10 11
12 10 13
12 14 10
15 14 12
15 16 14
16 15 17
16 17 18
19 18 17
19 20 18
21 20 22
21 23 20
24 23 25
24 26 23
27 26 24
27 28 26
29 28 27
29 30 28
31 30 32
31 33 30
34 33 31
34 31 35
36 34 35
36 37 34
38 39 36
38 36 40
41 38 40
41 42 38
43 42 41
43 44 42
45 44 46
45 47 44
48 47 45
48 49 47
50 49 48
51 52 53
54 55 56
57 58 59
60 61 59
60 62 61
63 62 64
63 65 62
66 65 63
66 63 67
66 67 68
66 68 69
69 68 70
69 70 71
72 73 74
75 76 74
75 74 77
78 75 77
78 77 79
78 79 80
78 80 81
82 83 80
82 80 84
85 86 84
85 84 87
88 89 87
88 87 90
91 88 90
91 90 92
93 91 92
93 92 94
95 96 94
95 94 97
98 95 97
98 99 95
100 99 98
100 98 101
102 100 103
102 104 100
105 104 102
105 102 106
107 105 106
107 106 108
109 110 108
109 108 111
112 109 111
112 111 113
114 112 113
115 116 117
118 116 119
118 120 116
118 121 120
122 120 121
120 122 123
124 116 120
120 123 124
122 125 123
122 126 125
123 127 124
123 128 127
129 116 124
124 127 130
124 130 129
131 116 129
132 116 131
119 132 133
133 132 134
133 134 135
129 130 136
129 136 131
137 132 131
134 132 137
131 136 138
131 138 137
139 130 127
140 136 130
140 130 139
141 138 136
141 136 140
139 127 142
142 127 125
142 125 143
143 125 126
139 144 140
140 144 145
140 145 141
139 146 144
142 146 139
147 141 145
142 148 146
143 148 142
148 149 146
147 150 141
150 147 151
150 138 141
152 149 148
149 152 153
143 154 148
152 148 154
150 151 155
155 151 156
150 157 138
155 157 150
157 137 138
153 152 158
159 153 158
155 156 160
160 156 161
155 162 157
160 162 155
157 163 137
163 157 162
164 137 163
164 134 137
163 162 165
165 164 163
166 134 164
165 166 164
165 162 167
160 167 162
160 161 168
168 161 169
165 167 170
170 166 165
171 167 160
168 171 160
171 170 167
168 169 172
172 171 168
173 172 169
166 174 134
174 135 134
170 175 166
174 166 175
176 135 174
174 175 176
177 135 176
171 178 170
178 175 170
173 179 172
179 173 180
172 181 171
178 171 181
181 172 179
182 176 175
178 182 175
177 176 183
182 183 176
179 180 184
184 180 185
181 179 186
186 179 184
182 178 187
187 183 182
188 177 183
187 188 183
188 189 177
190 189 188
178 181 191
187 178 191
191 181 186
184 185 192
193 192 185
190 188 194
195 190 194
187 196 188
191 196 187
194 188 196
191 186 197
196 191 197
186 184 198
192 198 184
198 197 186
193 199 192
200 199 193
195 194 201
202 195 201
202 201 203
194 196 204
196 197 204
204 201 194
205 203 201
204 205 201
205 206 203
204 197 207
204 207 205
198 207 197
192 208 198
208 207 198
199 208 192
205 207 209
205 209 206
208 209 207
199 210 208
209 208 210
206 209 211
209 210 211
211 212 206
213 210 199
200 213 199
214 213 200
211 215 212
215 216 212
211 210 217
213 217 210
211 217 215
214 218 213
218 217 213
219 218 214
220 215 217
218 220 217
219 221 218
221 220 218
222 221 219
223 216 215
220 223 215
222 224 221
224 222 225
221 226 220
223 220 226
226 221 224
223 227 216
223 226 227
227 228 216
226 224 229
227 226 229
227 230 228
227 229 230
229 224 231
224 225 231
232 228 230
233 228 232
234 230 229
229 231 234
234 232 230
231 225 235
236 234 231
231 235 236
232 234 237
236 237 234
232 237 238
238 233 232
236 239 237
239 238 237
240 233 238
239 240 238
240 241 233
233 241 242
240 243 241
243 240 239
236 244 239
235 244 236
245 235 225
245 225 246
247 241 243
247 248 241
243 239 249
244 249 239
247 243 249
235 250 244
245 250 235
244 251 249
250 251 244
247 249 252
252 249 251
247 253 248
253 247 252
254 245 246
255 245 254
255 254 256
254 246 257
245 258 250
255 258 245
250 259 251
259 250 258
252 251 260
259 260 251
254 257 261
254 261 256
259 258 262
255 262 258
263 261 257
263 257 264
265 263 264
266 252 260
253 252 266
259 267 260
267 259 262
256 261 268
268 261 263
266 260 269
267 269 260
265 270 263
268 263 271
271 263 270
271 270 272
265 273 270
274 273 265
275 270 273
274 276 273
277 276 274
275 273 278
278 273 276
277 279 276
280 279 277
271 275 281
281 275 278
278 276 282
279 282 276
283 278 282
281 278 283
279 284 282
283 282 285
284 285 286
287 283 285
287 288 283
289 287 285
284 289 285
283 288 290
283 290 281
284 291 289
281 290 292
284 293 291
279 293 284
294 291 293
281 292 295
281 295 271
292 296 295
271 295 296
292 297 296
271 296 268
296 297 298
279 299 293
280 299 279
294 293 300
300 293 299
300 301 294
268 296 302
296 298 302
268 302 303
256 268 303
298 304 302
304 303 302
298 305 304
304 305 306
304 307 303
307 256 303
304 306 308
307 304 308
308 306 309
308 309 310
311 310 309
307 308 312
312 308 310
307 313 256
313 307 312
311 314 310
314 311 315
312 310 316
314 316 310
313 312 317
317 312 316
317 316 318
319 318 316
314 319 316
319 320 318
256 313 321
255 256 321
314 315 322
319 314 322
320 319 323
319 322 323
320 323 324
315 325 322
325 323 322
315 326 325
325 326 327
328 324 323
325 328 323
328 329 324
325 327 330
328 325 330
330 327 331
329 328 332
328 330 332
329 332 333
332 334 333
332 335 334
330 331 336
337 330 336
337 336 335
338 336 331
338 331 339
340 335 336
340 336 338
335 340 341
335 341 342
343 341 340
343 340 344
340 338 344
339 345 338
339 346 345
347 345 346
348 344 338
348 338 345
348 343 344
347 349 345
348 345 349
349 347 350
348 349 351
352 351 349
349 350 352
352 353 351
350 354 352
354 353 352
350 355 354
355 356 354
355 357 356
356 357 358
348 359 343
359 348 360
359 360 361
353 361 360
354 362 353
356 362 354
356 358 363
363 358 364
365 343 359
361 365 359
353 366 361
366 353 362
356 367 362
363 367 356
365 368 343
365 369 368
361 370 365
365 370 369
361 371 370
371 361 366
366 362 372
367 372 362
371 366 373
373 366 372
363 374 367
367 375 372
375 367 374
376 374 363
363 364 376
364 377 376
364 301 377
300 377 301
376 378 374
377 378 376
300 379 377
377 379 378
378 380 374
375 374 380
300 381 379
300 299 381
379 382 378
378 382 380
299 383 381
299 280 383
384 379 381
379 384 382
384 381 383
380 382 385
384 385 382
375 380 386
380 385 386
280 387 383
280 388 387
389 384 383
384 389 385
389 383 387
388 390 387
388 391 390
392 390 391
393 385 389
393 386 385
394 389 387
394 387 390
393 389 394
392 395 390
395 394 390
395 392 396
395 397 394
397 393 394
395 396 398
398 397 395
398 396 399
398 399 400
400 399 401
398 402 397
400 402 398
397 403 393
403 397 402
404 393 403
393 404 386
405 386 404
405 404 406
400 401 407
400 408 402
408 400 407
403 402 409
408 409 402
404 403 410
410 403 409
411 406 404
411 404 410
412 407 401
413 412 401
413 414 412
413 415 414
416 414 415
416 415 417
418 416 417
418 417 419
420 418 419
420 419 421
422 416 418
420 422 418
423 414 416
422 423 416
424 412 414
423 424 414
421 425 420
421 426 425
427 425 426
420 428 422
428 420 425
427 429 425
430 429 427
428 431 422
428 432 431
428 433 432
428 425 434
428 434 433
434 425 429
434 435 433
434 436 435
434 429 436
437 435 436
436 429 438
430 438 429
437 436 439
436 438 439
440 438 430
439 438 440
437 439 441
437 441 442
443 442 441
440 430 444
159 444 430
439 440 445
439 445 441
443 441 446
447 443 446
447 446 448
445 440 449
449 440 444
450 441 445
450 446 441
445 449 450
451 446 450
451 452 446
450 453 451
450 449 453
453 449 454
449 444 454
453 454 455
454 456 455
444 457 454
454 457 456
444 458 457
159 458 444
159 158 458
456 457 459
456 459 460
457 458 461
458 158 461
457 461 459
460 459 462
460 462 463
462 464 463
465 461 158
158 152 465
465 152 154
466 459 461
465 466 461
466 462 459
466 465 154
462 467 464
467 462 466
467 468 464
466 154 469
467 466 469
467 470 468
469 470 467
470 471 468
470 472 471
469 154 473
469 473 470
473 154 143
474 470 473
143 126 473
474 473 126
475 471 474
126 476 474
475 474 476
126 477 476
121 475 476
476 477 121
478 479 480
480 481 482
483 482 484
483 484 485
483 485 486
487 486 485
487 488 486
489 488 487
489 490 488
491 490 489
491 492 490
493 492 491
493 494 492
495 494 493
495 496 494
497 498 496
497 499 498
500 501 502
503 504 502
503 502 505
503 505 506
507 506 505
505 508 507
509 505 502
505 509 508
507 508 510
507 510 511
508 509 512
508 512 513
514 509 502
509 515 512
509 514 515
516 514 502
517 516 502
504 518 517
518 519 517
518 520 519
514 521 515
514 516 521
522 516 517
519 522 517
516 523 521
516 522 523
524 512 515
525 515 521
525 524 515
526 521 523
526 525 521
524 527 512
527 510 512
527 528 510
528 511 510
524 525 529
525 530 529
525 526 530
524 529 531
527 524 531
532 530 526
527 531 533
528 527 533
533 531 534
532 526 535
535 536 532
535 526 523
537 533 534
534 538 537
528 533 539
537 539 533
535 540 536
540 541 536
535 523 542
540 535 542
542 523 522
538 543 537
544 543 538
540 545 541
545 546 541
540 542 547
545 540 547
542 522 548
548 547 542
549 548 522
549 522 519
548 550 547
550 548 549
551 549 519
550 549 551
550 552 547
545 547 552
545 553 546
553 554 546
550 555 552
555 550 551
545 552 556
553 545 556
556 552 555
553 557 554
557 553 556
558 554 557
551 519 559
559 519 520
555 551 560
559 560 551
561 559 520
559 561 560
562 561 520
556 555 563
563 555 560
558 557 564
564 565 558
557 556 566
563 566 556
566 564 557
567 560 561
563 560 567
562 568 561
567 561 568
564 569 565
569 570 565
566 571 564
571 569 564
567 572 563
572 567 568
573 568 562
572 568 573
573 562 574
575 573 574
563 576 566
572 576 563
576 571 566
569 577 570
578 570 577
575 579 573
580 579 575
572 573 581
576 572 581
579 581 573
576 582 571
581 582 576
571 583 569
577 569 583
583 571 582
578 577 584
585 578 584
580 586 579
587 586 580
587 588 586
579 589 581
581 589 582
589 579 586
590 586 588
589 586 590
590 588 591
589 592 582
589 590 592
583 582 592
577 583 593
593 583 592
584 577 593
590 594 592
590 591 594
593 592 594
584 593 595
594 595 593
591 596 594
594 596 595
596 591 597
598 584 595
585 584 598
599 585 598
596 597 600
600 597 601
596 602 595
598 595 602
596 600 602
599 598 603
603 598 602
604 599 603
605 602 600
603 602 605
604 603 606
606 603 605
607 604 606
608 600 601
605 600 608
607 606 609
609 610 607
606 605 611
608 611 605
611 609 606
608 601 612
608 612 611
612 601 613
611 614 609
612 614 611
612 613 615
612 615 614
614 616 609
609 616 610
617 615 613
618 617 613
619 614 615
614 619 616
619 615 617
616 620 610
621 616 619
616 621 620
617 622 619
621 619 622
617 623 622
623 617 618
621 622 624
624 622 623
625 623 618
624 623 625
625 618 626
618 627 626
625 626 628
628 624 625
621 624 629
620 621 629
630 610 620
630 631 610
632 628 626
632 626 633
628 634 624
629 624 634
632 634 628
620 629 635
630 620 635
629 634 636
635 629 636
632 637 634
637 636 634
632 633 638
638 637 632
639 631 630
640 639 630
640 641 639
639 642 631
630 635 643
640 630 643
635 636 644
644 643 635
637 645 636
644 636 645
639 646 642
639 641 646
644 647 643
640 643 647
648 642 646
648 649 642
650 649 648
651 645 637
638 651 637
644 645 652
652 647 644
641 653 646
653 648 646
651 654 645
652 645 654
650 648 655
653 656 648
656 655 648
650 655 657
658 650 657
656 659 655
659 657 655
659 660 657
658 657 661
660 661 657
662 658 661
662 661 663
664 662 663
663 661 665
660 666 661
663 665 667
668 666 660
667 666 669
668 669 666
670 668 660
670 660 671
656 670 671
667 669 672
672 669 673
673 669 668
673 668 674
668 675 674
668 670 675
667 672 676
670 677 675
667 676 678
663 667 678
679 678 676
670 656 680
670 680 677
656 681 680
677 680 681
677 681 682
656 653 681
681 683 682
663 678 684
664 663 684
679 685 678
685 684 678
685 679 686
653 687 681
681 687 683
653 688 687
641 688 653
683 687 689
689 687 688
683 689 690
689 691 690
689 688 692
692 688 641
689 693 691
692 693 689
693 694 691
693 695 694
696 694 695
692 697 693
697 695 693
692 641 698
698 697 692
696 695 699
699 700 696
697 701 695
699 695 701
698 702 697
702 701 697
702 703 701
704 701 703
699 701 704
704 703 705
699 706 700
704 706 699
705 707 704
704 707 706
705 708 707
700 706 709
709 706 707
700 709 710
709 711 710
712 707 708
709 707 712
712 708 713
709 714 711
712 714 709
714 715 711
713 716 712
712 716 714
713 717 716
716 717 718
716 718 719
714 720 715
721 720 714
721 719 720
722 715 720
722 720 723
723 720 719
722 723 724
722 724 725
726 725 724
726 724 727
727 728 726
729 724 723
729 727 724
723 719 730
719 731 730
719 732 731
733 730 731
733 734 730
723 730 734
729 723 734
729 734 733
729 735 727
736 727 735
727 736 728
736 735 737
728 736 738
739 736 737
728 738 740
739 737 741
740 738 742
742 738 741
740 742 743
742 744 743
742 745 744
745 746 744
729 733 747
747 748 729
737 748 749
747 749 748
750 741 737
737 749 750
742 741 751
745 742 751
752 747 733
749 747 752
750 753 741
751 741 753
752 733 754
752 754 755
749 752 756
752 755 756
749 756 757
757 750 749
758 753 750
757 758 750
745 751 759
751 753 760
760 759 751
761 745 759
745 761 746
746 761 762
746 762 686
685 686 762
761 759 763
762 761 763
685 762 764
762 763 764
763 759 765
760 765 759
685 764 766
685 766 684
764 763 767
763 765 767
684 766 768
684 768 664
769 766 764
764 767 769
769 768 766
765 770 767
769 767 770
760 771 765
765 771 770
664 768 772
664 772 773
774 768 769
769 770 774
774 772 768
773 772 775
773 775 776
777 776 775
778 774 770
778 770 771
779 772 774
779 775 772
778 779 774
777 775 780
780 775 779
780 781 777
780 779 782
782 779 778
780 783 781
783 780 782
783 784 781
783 785 784
785 786 784
783 782 787
785 783 787
782 778 788
788 787 782
778 771 789
789 788 778
790 789 771
790 791 789
785 792 786
785 787 793
793 792 785
788 794 787
793 787 794
789 795 788
795 794 788
796 789 791
796 795 789
797 786 792
798 786 797
798 797 799
798 799 800
801 800 799
801 802 800
803 802 801
803 804 802
805 804 803
805 806 804
807 803 801
805 803 807
808 801 799
807 801 808
809 799 797
808 799 809
806 805 810
806 810 811
812 811 810
805 807 813
813 810 805
812 810 814
815 812 814
813 807 816
813 816 817
813 817 818
813 819 810
813 818 819
819 814 810
819 818 820
819 820 821
819 821 814
822 821 820
821 823 814
815 814 823
822 824 821
821 824 823
825 815 823
824 825 823
822 826 824
822 827 826
828 826 827
825 829 815
544 815 829
824 830 825
824 826 830
828 831 826
832 831 828
832 452 831
830 833 825
833 829 825
834 830 826
834 826 831
830 834 833
835 834 831
835 831 448
834 835 836
834 836 833
836 837 833
833 837 829
836 838 837
837 838 839
829 837 840
837 839 840
829 840 841
544 829 841
544 841 543
839 842 840
839 843 842
840 844 841
841 844 543
840 842 844
843 845 842
843 846 845
845 846 847
848 543 844
543 848 537
848 539 537
849 844 842
848 844 849
849 842 845
849 539 848
845 847 850
850 849 845
850 847 851
849 852 539
850 852 849
850 851 853
852 850 853
853 851 854
853 854 855
852 856 539
852 853 856
856 528 539
857 856 853
528 856 511
857 511 856
858 857 854
511 857 859
858 859 857
511 859 860
506 859 858
859 506 860
861 862 863
862 864 865
866 867 864
866 868 867
866 869 868
870 868 869
870 869 871
872 870 871
872 871 873
874 872 873
874 873 875
876 874 875
876 875 877
878 876 877
878 877 879
880 879 881
880 881 882
883 884 885
883 885 886
883 886 887
883 887 888
889 888 887
889 890 888
889 891 890
892 893 894
892 895 893
892 896 895
892 897 896
898 896 897
898 897 899
898 899 900
901 902 903
904 905 902
904 902 906
906 903 907
906 907 908
906 908 904
909 905 904
908 910 904
911 910 908
909 904 912
913 909 912
913 914 909
915 912 904
915 913 912
910 915 904
915 916 913
910 917 915
918 917 910
911 918 910
918 919 917
920 918 911
920 919 918
920 911 921
920 922 919
920 921 923
920 923 922
924 925 914
916 926 924
924 926 925
916 927 926
928 926 927
929 925 926
928 930 926
929 926 930
931 930 928
929 930 932
931 932 930
929 932 933
932 934 933
931 935 932
932 935 934
931 936 935
935 936 937
938 934 935
935 937 938
938 939 934
940 939 938
941 938 937
940 938 941
941 937 942
943 940 941
942 943 941
942 944 943
943 945 940
943 944 946
947 945 943
943 946 947
947 948 945
949 947 946
950 948 947
949 951 947
950 947 951
951 949 952
952 950 951
953 954 955
956 955 957
956 958 955
958 959 954
958 960 959
958 956 960
961 956 957
960 956 962
963 960 962
961 964 956
965 964 961
965 961 966
967 956 964
967 964 965
962 956 967
967 965 968
962 967 969
970 962 969
963 962 970
970 969 971
972 963 970
972 970 971
972 973 963
972 971 974
972 975 973
972 974 975
976 966 977
968 976 978
976 977 978
968 978 979
980 979 978
981 978 977
980 978 982
981 982 978
983 980 982
981 984 982
983 982 984
981 985 984
984 985 986
983 984 987
984 986 987
983 987 988
987 989 988
990 987 986
987 990 989
990 986 991
992 990 991
993 989 990
992 993 990
993 994 989
995 993 992
994 993 995
994 995 996
995 992 997
995 998 996
999 995 997
995 999 998
999 997 1000
1001 998 999
1002 999 1000
1001 999 1003
1002 1003 999
1003 1004 1001
1004 1003 1002
1005 1006 1007
1005 1007 1008
1007 1009 1008
1007 1010 1009
1008 1011 1005
1009 1011 1008
1010 1012 1009
1012 1011 1009
1005 1011 1013
1014 1011 1012
1010 1015 1012
1016 1005 1013
1012 1015 1017
1012 1017 1014
1016 1013 1018
1017 1019 1014
1019 1011 1014
1017 1020 1019
1021 1019 1020
1018 1013 1022
1013 1011 1022
1018 1022 1023
1021 1024 1019
1024 1011 1019
1025 1024 1021
1025 1026 1024
1026 1011 1024
1025 1027 1026
1027 1011 1026
1025 1028 1027
1022 1011 1029
1030 1011 1027
1028 1030 1027
1031 1011 1030
1028 1032 1030
1032 1031 1030
1033 1022 1029
1033 1029 1034
1032 1035 1031
1031 1035 1036
1031 1036 1037
1037 1011 1031
1036 1038 1037
1038 1011 1037
1036 1039 1038
1039 1040 1038
1011 1038 1040
1039 1041 1040
1042 1040 1041
1042 1043 1040
1043 1011 1040
1042 1044 1043
1044 1011 1043
1042 1045 1044
1046 1044 1045
1047 1011 1044
1046 1047 1044
1029 1011 1047
1047 1046 1048
1047 1048 1029
1049 1050 1051
1049 1052 1050
1050 1052 1053
1050 1053 1054
1052 1049 1055
1053 1052 1055
1054 1053 1056
1056 1053 1055
1049 1057 1055
1058 1056 1055
1054 1056 1059
1060 1057 1049
1056 1061 1059
1056 1058 1061
1060 1062 1057
1061 1058 1063
1063 1058 1055
1061 1063 1064
1065 1064 1063
1062 1066 1057
1057 1066 1055
1062 1067 1066
1065 1063 1068
1068 1063 1055
1069 1065 1068
1069 1068 1070
1070 1068 1055
1069 1070 1071
1071 1070 1055
1069 1071 1072
1066 1073 1055
1074 1071 1055
1072 1071 1074
1075 1074 1055
1072 1074 1076
1076 1074 1075
1077 1073 1066
1077 1078 1073
1076 1075 1079
1075 1080 1079
1075 1081 1080
1081 1075 1055
1080 1081 1082
1082 1081 1055
1080 1082 1083
1083 1082 1084
1055 1084 1082
1083 1084 1085
1086 1085 1084
1086 1084 1087
1087 1084 1055
1086 1087 1088
1088 1087 1055
1086 1088 1089
1090 1089 1088
1073 1091 1055
1091 1088 1055
1090 1088 1091
1091 1073 1092
1091 1092 1090
1093 1094 1095
1093 1095 1096
1095 1097 1096
1097 1095 1098
1099 1095 1100
1099 1100 1101
1100 1102 1101
1100 1103 1102
1104 1103 1100
1104 1105 1103
1103 1106 1102
1106 1103 1105
1107 1106 1105
1108 1107 1109
1108 1109 1110
1110 1109 1111
1112 1110 1111
1110 1112 1113
1114 1113 1102
1115 1110 1113
1114 1115 1113
1116 1115 1114
1117 1118 1119
1117 1120 1118
1121 1120 1117
1121 1122 1120
1123 1122 1121
1123 1124 1122
1125 1124 1123
1126 1118 1127
1126 1127 1128
1128 1127 1129
1128 1129 1130
1130 1129 1131
1130 1131 1132
1132 1131 1133
1132 1133 1134
1134 1133 1135
1134 1135 1136
1136 1135 1137
1138 1139 1140
1141 1139 1138
1141 1138 1142
1142 1138 1143
1138 1144 1143
1138 1145 1144
1141 1142 1146
1147 1142 1143
1146 1142 1147
1143 1144 1148
1144 1145 1149
1144 1149 1148
1147 1143 1150
1143 1148 1150
1148 1151 1150
1148 1152 1151
1153 1148 1149
1147 1150 1154
1151 1154 1150
1147 1154 1155
1151 1156 1154
1157 1146 1147
1147 1155 1157
1145 1158 1149
1153 1149 1159
1158 1159 1149
1145 1160 1158
1139 1160 1145
1161 1151 1153
1161 1153 1162
1162 1153 1159
1163 1151 1161
1163 1156 1151
1162 1159 1164
1165 1156 1163
1164 1159 1166
1158 1166 1159
1164 1166 1167
1168 1167 1166
1165 1169 1156
1169 1170 1156
1171 1169 1165
1169 1155 1170
1171 1172 1169
1172 1155 1169
1172 1171 1173
1174 1166 1158
1168 1166 1174
1172 1175 1155
1175 1157 1155
1172 1173 1176
1175 1172 1176
1177 1176 1173
1175 1178 1157
1178 1146 1157
1177 1179 1176
1180 1179 1177
1175 1176 1181
1181 1178 1175
1179 1182 1176
1179 1183 1182
1180 1184 1179
1184 1183 1179
1185 1184 1180
1178 1186 1146
1141 1146 1186
1181 1187 1178
1186 1178 1187
1188 1181 1183
1188 1187 1181
1189 1186 1187
1141 1186 1189
1188 1189 1187
1141 1189 1190
1190 1189 1188
1191 1188 1183
1184 1191 1183
1185 1192 1184
1193 1192 1185
1141 1190 1194
1141 1194 1195
1141 1195 1196
1190 1188 1197
1191 1197 1188
1194 1190 1197
1198 1191 1184
1197 1191 1198
1198 1184 1192
1199 1197 1198
1194 1197 1199
1200 1198 1192
1200 1199 1198
1193 1201 1192
1200 1192 1201
1199 1200 1202
1202 1200 1201
1203 1201 1193
1202 1201 1203
1203 1193 1204
1205 1203 1204
1194 1199 1206
1199 1202 1206
1194 1206 1207
1207 1206 1202
1194 1207 1195
1205 1208 1203
1209 1208 1205
1210 1202 1203
1207 1202 1210
1210 1203 1208
1211 1210 1208
1209 1212 1208
1211 1208 1212
1213 1212 1209
1195 1207 1214
1214 1215 1211
1214 1207 1215
1216 1195 1214
1216 1214 1217
1216 1196 1195
1216 1217 1218
1218 1217 1212
1196 1216 1219
1213 1220 1212
1218 1212 1220
1221 1220 1213
1221 1222 1220
1222 1218 1220
1223 1222 1221
1224 1196 1219
1141 1196 1224
1222 1225 1218
1226 1218 1225
1226 1225 1219
1223 1227 1222
1228 1227 1223
1229 1225 1222
1229 1222 1227
1230 1219 1225
1230 1224 1219
1230 1225 1229
1228 1231 1227
1231 1229 1227
1224 1230 1232
1232 1230 1229
1141 1224 1233
1224 1232 1233
1234 1231 1228
1234 1228 1235
1236 1234 1235
1231 1237 1229
1232 1229 1237
1238 1233 1232
1141 1233 1238
1239 1237 1231
1239 1231 1234
1240 1232 1237
1240 1237 1239
1238 1232 1240
1241 1239 1234
1241 1240 1239
1236 1242 1234
1241 1234 1242
1243 1242 1236
1243 1236 1244
1245 1243 1244
1246 1242 1243
1246 1241 1242
1245 1247 1243
1247 1246 1243
1248 1247 1245
1241 1249 1240
1249 1238 1240
1250 1249 1241
1238 1249 1250
1250 1241 1246
1248 1251 1247
1252 1251 1248
1253 1238 1250
1141 1238 1253
1247 1254 1246
1251 1254 1247
1255 1250 1246
1253 1250 1255
1255 1246 1254
1252 1256 1251
1256 1252 1168
1256 1168 1174
1141 1253 1257
1257 1253 1255
1251 1258 1254
1256 1258 1251
1259 1255 1254
1257 1255 1259
1259 1254 1258
1141 1257 1260
1260 1257 1259
1141 1260 1139
1261 1256 1174
1256 1261 1258
1262 1259 1258
1260 1259 1262
1262 1258 1261
1139 1260 1263
1260 1262 1263
1263 1262 1261
1139 1263 1160
1261 1174 1264
1263 1261 1264
1160 1263 1264
1174 1158 1264
1160 1264 1158
1265 1266 1267
1265 1267 1268
1269 1267 1270
1269 1270 1271
1272 1273 1271
1272 1271 1274
1274 1275 1276
1274 1277 1275
1278 1275 1277
1278 1277 1279
1278 1280 1281
1278 1281 1282
1283 1282 1281
1283 1281 1284
1284 1285 1283
1284 1286 1285
1286 1287 1285
1286 1288 1287
1287 1288 1289
1287 1289 1290
1289 1291 1290
1289 1292 1291
1292 1293 1291
1292 1294 1293
1294 1295 1293
1294 1296 1295
1297 1295 1296
1297 1296 1298
1299 1297 1298
1300 1301 1302
1300 1302 1303
1304 1300 1303
1305 1303 1302
1304 1303 1306
1305 1307 1303
1307 1306 1303
1304 1306 1308
1304 1308 1309
1310 1309 1308
1310 1311 1309
1311 1310 1312
1311 1312 1313
1313 1312 1314
1313 1314 1315
1316 1315 1314
1316 1317 1315
1318 1317 1316
1319 1318 1316
1319 1320 1318
1319 1321 1320
1306 1322 1308
1323 1310 1308
1323 1308 1322
1324 1312 1310
1324 1310 1323
1325 1314 1312
1325 1312 1324
1326 1316 1314
1326 1314 1325
1327 1319 1316
1327 1316 1326
1306 1328 1322
1307 1328 1306
1329 1324 1323
1324 1330 1325
1324 1329 1330
1331 1326 1325
1331 1325 1330
1332 1323 1322
1329 1323 1332
1333 1327 1326
1333 1326 1331
1334 1322 1328
1332 1322 1334
1335 1330 1329
1335 1329 1336
1332 1336 1329
1330 1335 1337
1330 1337 1331
1332 1338 1336
1334 1338 1332
1331 1337 1339
1331 1339 1333
1334 1340 1338
1333 1339 1341
1327 1333 1341
1339 1342 1341
1340 1334 1343
1340 1343 1344
1334 1328 1343
1344 1343 1345
1345 1343 1328
1344 1345 1346
1345 1328 1307
1346 1345 1347
1347 1345 1307
1346 1347 1348
1347 1307 1305
1349 1348 1347
1349 1347 1305
1349 1305 1350
1349 1351 1348
1349 1350 1352
1353 1351 1349
1349 1352 1353
1354 1353 1352
1353 1355 1351
1354 1356 1353
1355 1353 1356
1355 1356 1357
1358 1359 1360
1358 1360 1361
1362 1358 1361
1362 1361 1363
1362 1363 1364
1362 1364 1365
1364 1366 1365
1364 1367 1366
1368 1366 1367
1368 1367 1369
1368 1369 1370
1371 1372 1373
1371 1374 1372
1375 1374 1376
1375 1376 1377
1378 1375 1377
1379 321 1380
1381 321 1379
1381 255 321
255 1381 1382
255 1382 262
1383 262 1382
267 262 1383
1384 267 1383
267 1384 269
1384 1385 269
266 269 1385
266 1385 1386
1386 253 266
1386 1387 253
253 1387 248
1387 1388 248
1387 1389 1388
1386 1389 1387
1388 1389 1390
1388 1390 1391
1390 1392 1391
1390 1393 1392
1393 1394 1392
1393 1395 1394
1396 1390 1389
1396 1393 1390
1395 1393 1397
1396 1397 1393
1395 1397 1398
1398 1397 1399
1399 1397 1396
1398 1399 1400
1386 1401 1389
1396 1389 1401
1386 1402 1401
1386 1385 1402
1401 1403 1396
1399 1396 1403
1401 1402 1403
1404 1400 1399
1404 1405 1400
1399 1403 1406
1406 1403 1402
1399 1406 1404
1385 1407 1402
1406 1402 1407
1405 1404 1408
1405 1408 1409
1410 1404 1406
1410 1406 1407
1410 1408 1404
1385 1411 1407
1384 1411 1385
1409 1408 1412
1409 1412 1413
1408 1410 1414
1408 1414 1412
1410 1407 1415
1411 1415 1407
1414 1410 1415
1416 1411 1384
1411 1416 1415
1417 1413 1412
1417 1418 1413
1419 1418 1417
1419 1420 1418
1419 1421 1420
1412 1414 1422
1412 1422 1417
1414 1415 1423
1416 1423 1415
1423 1422 1414
1416 1384 1424
1384 1383 1424
1417 1422 1425
1417 1425 1419
1416 1426 1423
1424 1426 1416
1423 1427 1422
1425 1422 1427
1427 1423 1426
1428 1424 1383
1383 1382 1428
1424 1429 1426
1428 1429 1424
1427 1426 1430
1430 1426 1429
1425 1427 1431
1431 1427 1430
1432 1429 1428
1430 1429 1432
1433 1428 1382
1432 1428 1433
1433 1382 1434
1434 1382 1381
1435 1430 1432
1431 1430 1435
1431 1436 1425
1419 1425 1436
1434 1381 1437
1379 1437 1381
1431 1438 1436
1435 1438 1431
1435 1432 1439
1439 1432 1440
1419 1436 1441
1438 1441 1436
1440 1434 1442
1442 1434 1437
1435 1443 1438
1439 1443 1435
1439 1440 1444
1440 1442 1444
1419 1441 1445
1419 1445 1421
1446 1421 1445
1438 1447 1441
1447 1438 1443
1439 1448 1443
1444 1448 1439
1446 1445 1449
1449 1450 1446
1445 1441 1451
1451 1441 1447
1447 1443 1452
1452 1443 1448
1453 1445 1451
1445 1453 1449
1451 1447 1454
1454 1447 1452
1453 1451 1454
1444 1455 1448
1452 1448 1456
1456 1448 1455
1454 1452 1457
1456 1457 1452
1453 1454 1458
1458 1454 1457
1449 1453 1459
1459 1453 1458
1459 1458 1460
1458 1457 1461
1460 1458 1461
1456 1462 1457
1462 1461 1457
1463 1455 1444
1463 1444 1442
1456 1455 1464
1462 1456 1464
1465 1463 1442
1442 1437 1465
1455 1463 1466
1455 1466 1464
1467 1465 1437
1379 1467 1437
1465 1468 1463
1466 1463 1468
1469 1467 1379
1469 1379 313
1470 1469 313
1471 1469 1470
1471 1472 1469
1472 1467 1469
1472 1471 1473
1474 1472 1473
1467 1475 1465
1472 1475 1467
1475 1468 1465
1475 1472 1474
1475 1476 1468
1475 1474 1476
1466 1468 1477
1477 1468 1476
1478 1476 1474
1478 1477 1476
1479 1466 1477
1464 1466 1479
1464 1479 1480
1462 1464 1480
1480 1481 1462
1462 1481 1461
1481 1482 1461
1460 1461 1482
1483 1478 1474
1484 1477 1478
1478 1483 1484
1479 1477 1485
1484 1485 1477
1486 1480 1479
1485 1486 1479
1480 1487 1481
1486 1487 1480
1488 1483 1474
1489 1488 1474
1488 1490 1483
1483 1490 1484
1488 1491 1490
1492 1490 1491
1490 1492 1493
1493 1494 1490
1494 1484 1490
1494 1485 1484
1485 1495 1486
1494 1495 1485
1496 1487 1486
1496 1486 1495
1496 1497 1487
1498 1495 1494
1496 1495 1499
1498 1499 1495
1500 1496 1499
1500 1499 1498
1497 1496 1501
1500 1501 1496
1502 1498 1494
1502 1494 1503
1504 1502 1503
1504 1505 1502
1502 1505 1506
1502 1506 1507
1498 1502 1507
1507 1506 343
1498 1507 1508
1508 1507 343
1500 1498 1508
1508 343 1509
369 1508 1509
369 1500 1508
369 1501 1500
369 1510 1501
1511 1510 369
1511 369 1512
371 1511 1512
1510 1513 1501
1497 1501 1513
371 1514 1511
373 1514 371
1510 1511 1515
1510 1516 1513
1510 1515 1516
1497 1513 1517
1513 1516 1518
1513 1518 1517
1516 1515 1519
1516 1519 1518
1497 1517 1520
1520 1521 1497
1520 1481 1521
1481 1520 1482
1522 1520 1517
1522 1482 1520
1523 1517 1518
1523 1522 1517
1524 1482 1522
1524 1460 1482
1525 1518 1519
1525 1523 1518
1526 1522 1523
1526 1524 1522
1527 1460 1524
1527 1528 1460
1527 1449 1528
1529 1527 1524
1529 1524 1526
1527 1530 1449
1529 1530 1527
1449 1530 1450
1531 1526 1523
1531 1523 1525
1532 1529 1526
1529 1532 1530
1532 1526 1531
1450 1530 1533
1530 1532 1533
1450 1533 1534
1535 1532 1531
1535 1533 1532
1525 1536 1531
1535 1531 1536
1537 1534 1533
1537 1538 1534
1539 1533 1535
1539 1537 1533
1539 1535 1536
1525 1540 1536
1540 1525 1519
1539 1536 1541
1541 1536 1540
1541 1540 1542
1540 1519 1543
1543 1544 1540
1543 1545 1544
1515 1543 1519
1546 1545 1543
1515 1546 1543
1546 1547 1545
1515 1548 1546
1548 1547 1546
1515 1511 1548
1549 1548 1511
1549 1511 1514
1548 1550 1547
1548 1549 1551
1548 1551 1550
1514 1552 1549
1549 1553 1551
1549 1552 1553
1514 1554 1552
373 1554 1514
1554 373 1555
373 372 1555
1556 1555 372
1556 372 375
375 386 1556
1554 1555 1557
1557 1555 1556
1558 1552 1554
1558 1554 1557
1559 1553 1552
1559 1552 1558
1551 1553 1560
1559 1560 1553
1551 1560 1561
1561 1550 1551
1561 1562 1550
1547 1550 1562
1547 1562 1563
1547 1563 1564
1547 1564 1565
1566 1565 1564
1566 1542 1565
1542 1566 1567
1542 1567 1568
1568 1567 1569
1568 1569 1539
1569 1570 1539
1559 1571 1560
1572 1571 1559
1572 1573 1571
1573 1572 1574
1573 1574 1575
1576 1575 1574
1570 1577 1538
1570 1578 1577
1579 1578 1570
1580 1577 1578
1580 1578 1581
1582 1580 1581
1582 1583 1580
1583 1582 1584
1583 1584 1585
1586 1585 1584
1586 1587 1585
1586 1588 1587
1586 1589 1588
1589 1590 1588
1589 1591 1590
1592 1590 1591
1592 1591 1593
1594 1592 1593
1594 1593 1595
1595 1596 1594
1595 1597 1596
1598 1596 1597
1598 1597 1599
1600 1598 1599
1600 1599 1601
1601 1602 1600
1601 1603 1602
1604 1601 1599
1597 1604 1599
1605 1603 1601
1604 1605 1601
1605 1606 1603
1607 1606 1605
1607 1605 1608
1604 1608 1605
1609 1607 1608
1609 633 1607
638 633 1609
1610 638 1609
1610 1609 1608
1610 651 638
1604 1611 1608
1610 1608 1611
1597 1612 1604
1611 1604 1612
651 1610 1613
651 1613 654
1610 1611 1614
1611 1612 1614
1610 1614 1613
1597 1615 1612
1615 1614 1612
1597 1595 1615
1615 1616 1614
1613 1614 1616
1617 1615 1595
1617 1616 1615
1617 1595 1593
1618 654 1613
652 654 1618
1613 1616 1619
1618 1613 1619
1593 1620 1617
1593 1591 1620
1617 1621 1616
1619 1616 1621
1620 1621 1617
1591 1622 1620
1591 1589 1622
1619 1621 1623
1623 1618 1619
1620 1624 1621
1624 1620 1622
1623 1621 1624
1618 1625 652
652 1625 647
1589 1626 1622
1589 1586 1626
1623 1627 1618
1618 1627 1625
1623 1624 1628
1627 1623 1628
1624 1622 1629
1626 1629 1622
1629 1628 1624
1625 1630 647
640 647 1630
1631 1625 1627
1625 1631 1630
1627 1628 1632
1631 1627 1632
1629 1633 1628
1633 1632 1628
1626 1634 1629
1634 1633 1629
1635 1631 1632
1633 1635 1632
1636 1630 1631
1635 1636 1631
1636 1637 1630
640 1630 1638
1637 1638 1630
1639 1635 1633
1634 1639 1633
1634 1626 1640
1586 1640 1626
1634 1640 1641
1639 1634 1641
1586 1642 1640
1641 1640 1642
1586 1584 1642
1639 1643 1635
1643 1644 1635
1639 1641 1645
1643 1639 1645
1641 1642 1646
1646 1645 1641
1584 1647 1642
1647 1646 1642
1648 1647 1584
1584 1582 1648
1647 1649 1646
1648 1649 1647
1646 1650 1645
1649 1650 1646
1643 1645 1651
1650 1651 1645
1643 1652 1644
1652 1643 1651
1644 1652 1653
1644 1653 1637
1653 1654 1637
1637 1654 1638
1582 1655 1648
1655 1656 1648
1648 1656 1649
1655 1657 1656
1649 1658 1650
1656 1658 1649
1650 1659 1651
1659 1650 1658
1652 1651 1660
1659 1660 1651
1661 1653 1652
1661 1652 1660
1656 1662 1658
1657 1662 1656
1659 1658 1663
1663 1658 1662
1659 1664 1660
1663 1664 1659
1665 1653 1661
1653 1665 1654
1660 1666 1661
1660 1664 1666
1665 1661 1667
1666 1667 1661
1663 1662 1668
1663 1669 1664
1669 1663 1668
1664 1670 1666
1664 1669 1670
1666 1671 1667
1670 1671 1666
1668 1662 1672
1657 1672 1662
1673 1654 1665
1674 1665 1667
1673 1665 1674
1675 1667 1671
1674 1667 1675
1676 1654 1673
1676 1638 1654
1638 1676 1677
1638 1677 640
1676 1678 1677
640 1677 641
641 1677 698
698 1676 1673
698 1673 1679
698 1679 1680
1679 1673 1681
1681 1680 1679
1673 1674 1681
1681 1682 1680
1683 1682 1681
1684 1683 1681
1674 1684 1681
1674 1675 1684
1684 1675 1685
1685 1675 1671
1686 1684 1685
1687 1685 1671
1685 1687 1686
1684 1686 1688
1689 1684 1688
1688 1686 1690
1687 1690 1686
1688 1690 1691
1692 1691 1690
1690 1693 1692
1690 1694 1693
1690 1687 1694
1687 1671 1695
1694 1687 1695
1670 1695 1671
1695 1670 1696
1696 1670 1669
1694 1695 1697
1695 1696 1697
1696 1669 1698
1669 1668 1698
1699 1696 1698
1699 1697 1696
1699 1698 1700
1701 1694 1697
1699 1702 1697
1701 1697 1702
1703 1702 1699
1703 1701 1702
1700 1704 1699
1703 1699 1704
1694 1701 1705
1706 1694 1705
1707 1706 1705
1707 1705 1708
1709 1708 1705
1701 1709 1705
1709 1710 1708
733 1710 1709
1701 1711 1709
1711 733 1709
1703 1711 1701
1711 1712 733
755 1712 1711
755 1711 1703
755 1703 1704
755 1704 1713
1714 755 1713
1714 1715 755
757 1715 1714
1713 1704 1716
1700 1716 1704
757 1714 1717
758 757 1717
1713 1718 1714
1713 1716 1719
1713 1719 1718
1700 1720 1716
1716 1721 1719
1716 1720 1721
1719 1722 1718
1719 1721 1722
1700 1723 1720
1723 1700 1724
1723 1724 1668
1668 1672 1723
1725 1720 1723
1725 1723 1672
1726 1721 1720
1726 1720 1725
1727 1725 1672
1727 1672 1657
1728 1722 1721
1728 1721 1726
1729 1726 1725
1729 1725 1727
1730 1727 1657
1730 1657 1731
1730 1731 1582
1730 1582 1581
1732 1727 1730
1732 1730 1581
1732 1729 1727
1732 1581 1733
1733 1729 1732
1581 1578 1733
1734 1726 1729
1733 1734 1729
1734 1728 1726
1735 1733 1578
1735 1734 1733
1579 1735 1578
1735 1736 1734
1728 1734 1736
1579 1736 1735
1728 1736 1737
1737 1722 1728
1579 1738 1736
1738 1737 1736
1738 1739 1737
1737 1740 1722
1740 1737 1741
1740 1741 1742
1718 1722 1740
1743 1740 1742
1718 1740 1743
1743 1742 1744
1718 1743 1745
1745 1743 1744
1718 1745 1714
1746 1714 1745
1746 1717 1714
1745 1744 1747
1745 1748 1746
1745 1747 1748
1717 1746 1749
1746 1748 1750
1746 1750 1749
1717 1749 1751
758 1717 1751
1751 1752 758
758 1752 753
1753 753 1752
1753 760 753
760 1753 771
1751 1754 1752
1754 1753 1752
1755 1751 1749
1755 1754 1751
1756 1749 1750
1756 1755 1749
1748 1757 1750
1756 1750 1757
1748 1758 1757
1758 1748 1747
1758 1747 1759
1744 1759 1747
1744 1760 1759
1744 1761 1760
1744 1762 1761
1763 1761 1762
1763 1762 1739
1739 1764 1763
1739 1765 1764
1765 1766 1764
1765 1579 1766
1766 1579 1537
1756 1757 1767
1768 1756 1767
1768 1767 1769
1769 1770 1768
1769 1771 1770
1772 1770 1771
1773 1755 1756
1773 1774 1755
1774 1773 1770
1774 1754 1755
1774 1775 1754
1754 1775 1753
791 1753 1775
1774 1770 1776
1775 1774 1776
791 1775 1777
1775 1776 1777
1778 1776 1770
1778 1770 1576
1778 1576 1779
791 1777 1780
791 1780 796
1777 1776 1781
1781 1776 1778
1777 1781 1780
1782 1778 1779
1782 1781 1778
1783 1782 1779
1781 1784 1780
1784 1781 1782
1785 1782 1783
1782 1785 1784
1786 1785 1783
1787 796 1780
1784 1787 1780
1784 1785 1788
1788 1787 1784
1789 1785 1786
1789 1788 1785
1787 1790 796
795 796 1790
795 1790 1791
795 1791 794
1792 794 1791
793 794 1792
1790 1793 1791
1792 1791 1793
1787 1794 1790
1790 1794 1793
1795 1793 1794
1796 1787 1788
1787 1796 1794
1797 1788 1789
1788 1797 1796
1798 793 1792
793 1798 792
1799 1792 1793
1799 1793 1795
1798 1792 1799
1794 1796 1800
1797 1800 1796
1789 1801 1797
1789 1802 1801
1795 1794 1803
1803 1794 1800
1800 1797 1804
1797 1801 1804
1805 1803 1800
1805 1800 1804
1806 1803 1805
1803 1806 1795
1807 1805 1804
1807 1806 1805
1801 1808 1804
1807 1804 1808
1809 1806 1807
1806 1809 1810
1795 1806 1811
1808 1812 1807
1809 1807 1812
1808 1813 1812
1814 1809 1812
1815 1809 1814
1815 1816 1809
1811 1809 1816
1817 1816 1815
1801 1818 1808
1818 1819 1813
1820 1818 1801
1821 1795 1811
1822 1811 1816
1821 1811 1822
1817 1823 1816
1822 1816 1823
1824 1823 1817
1822 1823 1824
1824 1817 1825
1826 1795 1821
1826 1799 1795
1821 1822 1827
1822 1824 1827
1825 1828 1824
1825 1829 1828
1830 1828 1829
1824 1828 1831
1824 1831 1827
1830 1832 1828
1831 1828 1832
1832 1830 1833
1832 1833 1834
1834 1835 1832
1831 1832 1835
1834 1836 1835
1835 1837 1831
1836 1837 1835
1827 1831 1837
1836 1838 1837
1821 1827 1839
1827 1837 1839
1838 1840 1837
1840 1839 1837
1838 1841 1840
1821 1839 1842
1840 1842 1839
1821 1842 1826
1841 1843 1840
1843 1842 1840
1841 1844 1843
1845 1826 1842
1843 1845 1842
1844 1846 1843
1844 1847 1846
1845 1848 1826
1826 1848 1799
1848 1798 1799
1849 1845 1843
1849 1843 1846
1849 1848 1845
1847 1850 1846
1849 1846 1850
1847 1851 1850
1848 1852 1798
1849 1852 1848
1849 1850 1853
1853 1852 1849
808 1853 1850
1854 1798 1852
1853 1854 1852
792 1798 1854
808 809 1853
1854 1853 809
792 1854 1855
1854 809 1855
797 792 1855
809 797 1855
1856 1851 1857
1856 1857 808
807 808 1857
807 1857 1858
1859 1860 1861
1860 1859 1862
1860 1862 1863
1863 1862 1864
1863 1864 1865
1866 1867 1864
1866 1868 1867
1866 1869 1868
1870 1871 1872
1870 1873 1871
1870 1874 1873
1875 1873 1874
1876 1875 1874
1875 1876 1877
1878 1875 1877
1879 1878 1877
1880 1879 1877
1879 1880 1881
1882 1879 1881
1882 1881 1883
1882 1883 1884
1883 1885 1884
1885 1886 1884
1887 1888 1889
1887 1890 1888
1888 1890 1891
1891 1892 1888
1893 1894 1888
1893 1895 1894
1894 1895 1896
1894 1896 1897
1898 1894 1897
1898 1897 1899
1897 1896 1900
1900 1899 1897
1901 1899 1900
1902 1903 1901
1902 1904 1903
1904 1905 1903
1906 1905 1904
1907 1906 1904
1908 1896 1907
1909 1907 1904
1908 1907 1909
1910 1908 1909
1911 1912 1913
1911 1913 1914
1915 1911 1914
1915 1914 1916
1917 1915 1916
1917 1916 1918
1919 1917 1918
1920 1921 1913
1920 1922 1921
1922 1923 1921
1922 1924 1923
1924 1925 1923
1924 1926 1925
1926 1927 1925
1926 1928 1927
1928 1929 1927
1928 1930 1929
1930 1931 1929
1932 1933 1934
1935 1932 1934
1935 1936 1932
1936 1937 1932
1932 1937 1938
1932 1938 1939
1935 1940 1936
1941 1937 1936
1940 1941 1936
1937 1942 1938
1938 1943 1939
1938 1942 1943
1941 1944 1937
1937 1944 1942
1942 1944 1945
1942 1945 1946
1947 1943 1942
1941 1948 1944
1945 1944 1948
1941 1949 1948
1945 1948 1950
1951 1941 1940
1941 1951 1949
1939 1943 1952
1947 1953 1943
1952 1943 1953
1939 1952 1954
1934 1939 1954
1955 1947 1945
1955 1956 1947
1956 1953 1947
1957 1955 1945
1957 1945 1950
1956 1958 1953
1959 1957 1950
1958 1960 1953
1952 1953 1960
1958 1961 1960
1962 1960 1961
1959 1950 1963
1963 1950 1964
1965 1959 1963
1963 1964 1949
1965 1963 1966
1966 1963 1949
1966 1967 1965
1968 1952 1960
1962 1968 1960
1966 1949 1969
1969 1949 1951
1966 1970 1967
1969 1970 1966
1971 1967 1970
1969 1951 1972
1972 1951 1940
1971 1970 1973
1974 1971 1973
1969 1975 1970
1975 1969 1972
1973 1970 1976
1973 1976 1977
1974 1973 1978
1978 1973 1977
1979 1974 1978
1972 1940 1980
1935 1980 1940
1975 1972 1981
1980 1981 1972
1982 1977 1975
1982 1975 1981
1983 1981 1980
1935 1983 1980
1982 1981 1983
1935 1984 1983
1984 1982 1983
1985 1977 1982
1978 1977 1985
1979 1978 1986
1987 1979 1986
1935 1988 1984
1935 1989 1988
1935 1990 1989
1984 1991 1982
1985 1982 1991
1988 1991 1984
1992 1978 1985
1991 1992 1985
1992 1986 1978
1987 1986 1993
1994 1987 1993
1995 1992 1991
1988 1995 1991
1996 1986 1992
1996 1993 1986
1996 1992 1995
1994 1993 1997
1997 1993 1996
1998 1994 1997
1988 1999 1995
1999 1996 1995
1988 2000 1999
1988 1989 2000
1999 2001 1996
1997 1996 2001
2000 2001 1999
1998 1997 2002
2003 1998 2002
2004 1997 2001
2000 2004 2001
2004 2002 1997
2005 2002 2004
2003 2002 2006
2005 2006 2002
2007 2003 2006
1989 2008 2000
2008 2005 2009
2008 2009 2000
2010 2008 1989
2010 2011 2008
2010 1989 1990
2010 2012 2011
2012 2006 2011
1990 2013 2010
2007 2006 2014
2012 2014 2006
2015 2007 2014
2015 2014 2016
2016 2014 2012
2017 2015 2016
2018 2013 1990
1935 2018 1990
2016 2012 2019
2020 2019 2012
2020 2013 2019
2017 2016 2021
2022 2017 2021
2023 2019 2013
2023 2013 2018
2024 2016 2019
2024 2021 2016
2023 2024 2019
2022 2021 2025
2025 2021 2024
2018 2026 2023
2026 2024 2023
1935 2027 2018
2018 2027 2026
2028 2022 2025
2028 2029 2022
2030 2029 2028
2025 2024 2031
2026 2031 2024
2032 2026 2027
1935 2032 2027
2033 2025 2031
2033 2028 2025
2034 2031 2026
2034 2033 2031
2032 2034 2026
2035 2028 2033
2035 2033 2034
2030 2028 2036
2035 2036 2028
2037 2030 2036
2037 2038 2030
2039 2038 2037
2040 2037 2036
2040 2036 2035
2039 2037 2041
2041 2037 2040
2042 2039 2041
2035 2034 2043
2043 2034 2032
2044 2035 2043
2032 2044 2043
2044 2040 2035
2042 2041 2045
2046 2042 2045
2047 2044 2032
1935 2047 2032
2041 2040 2048
2045 2041 2048
2049 2040 2044
2047 2049 2044
2049 2048 2040
2046 2045 2050
2050 1962 2046
2050 1968 1962
1935 2051 2047
2051 2049 2047
2045 2048 2052
2050 2045 2052
2053 2048 2049
2051 2053 2049
2053 2052 2048
1935 2054 2051
2054 2053 2051
1935 1934 2054
2055 1968 2050
2050 2052 2055
2056 2052 2053
2054 2056 2053
2056 2055 2052
1934 2057 2054
2054 2057 2056
2057 2055 2056
1934 1954 2057
2055 2058 1968
2057 2058 2055
1954 2058 2057
1968 2058 1952
1954 1952 2058
2059 2060 2061
2059 2062 2060
2063 2062 2059
2064 2060 2062
2063 2065 2062
2064 2062 2066
2066 2062 2065
2063 2067 2065
2063 2068 2067
2069 2067 2068
2069 2068 2070
2070 2071 2069
2070 2072 2071
2072 2073 2071
2072 2074 2073
2075 2073 2074
2075 2074 2076
2077 2075 2076
2078 2075 2077
2078 2077 2079
2078 2079 2080
2065 2067 2081
2082 2067 2069
2082 2081 2067
2083 2069 2071
2083 2082 2069
2084 2071 2073
2084 2083 2071
2085 2073 2075
2085 2084 2073
2086 2075 2078
2086 2085 2075
2065 2081 2087
2066 2065 2087
2078 2080 2088
2089 2086 2078
2089 2078 2088
2080 2090 2088
2080 2091 2090
2088 2092 2089
2088 2090 2092
2091 2093 2090
2091 2094 2093
2090 2095 2092
2090 2093 2095
2094 2096 2093
2094 2097 2096
2098 2096 2097
2098 2097 2099
2100 2096 2098
2093 2096 2101
2100 2101 2096
2093 2101 2095
2100 2102 2101
2102 2095 2101
2100 2103 2102
2102 2103 2104
2102 2104 2105
2102 2106 2095
2105 2106 2102
2106 2092 2095
2105 2107 2106
2106 2108 2092
2107 2108 2106
2107 2109 2108
2108 2089 2092
2108 2109 2110
2108 2111 2089
2111 2108 2110
2086 2089 2111
2111 2110 2112
2086 2111 2113
2113 2111 2112
2113 2085 2086
2114 2113 2112
2113 2114 2085
2114 2112 2115
2114 2084 2085
2116 2114 2115
2114 2116 2084
2116 2115 2117
2083 2084 2116
2117 2118 2116
2083 2116 2118
2117 2119 2118
2118 2082 2083
2120 2118 2119
2118 2120 2082
2120 2119 2121
2120 2081 2082
2122 2120 2121
2120 2122 2081
2122 2121 2123
2122 2087 2081
2123 2124 2122
2122 2124 2087
2123 2125 2124
2126 2087 2124
2125 2126 2124
2126 2066 2087
2125 2127 2126
2128 2066 2126
2127 2128 2126
2128 2064 2066
2127 2129 2128
2130 2064 2128
2130 2128 2129
2130 2131 2064
2130 2129 2132
2130 2133 2131
2134 2130 2132
2130 2134 2133
2135 2133 2134
2134 2132 2136
2135 2134 2137
2136 2137 2134
2136 2138 2137
2139 2140 2141
2139 2141 2142
2143 2144 2142
2143 2145 2144
2146 2145 2143
2147 2148 2149
2147 2150 2148
2150 2151 2152
2150 2152 2153
2154 2153 2152
2154 2155 2153
2156 2148 2157
2156 2157 2158
2159 2158 2157
2159 2157 2160
2161 2159 2160
2154 2162 2163
2154 2164 2162
2165 2162 2164
2165 2166 2162
2166 2165 2167
2166 2167 2168
2168 2167 2169
2168 2169 2170
2169 2171 2170
2169 2172 2171
2171 2172 2173
2171 2173 2174
2174 2173 2175
2174 2175 2176
2176 2175 2177
2176 2177 2178
2179 2178 2177
2179 2180 2178
2181 2180 2179
2182 2183 2184
2184 2185 2182
2184 2186 2185
2186 2187 2185
2186 2188 2187
2189 2187 2190
2189 2190 2191
2189 2191 2192
2193 2194 2195
2193 2195 2196
2193 2196 2197
2197 2196 2198
2199 2197 2198
2200 2199 2198
2201 2200 2198
2200 2201 2202
2203 2200 2202
2204 2203 2202
2205 2204 2202
2205 2206 2204
2205 2207 2206
2206 2207 2208
2207 2209 2208
2210 2211 2212
2212 2213 2210
2212 2214 2213
2215 2214 2212
2216 2215 2212
2216 2212 2217
2218 2216 2217
2219 2217 2212
2220 2219 2210
1819 2213 2214
1819 2214 2221
2218 2217 2222
2223 2217 2219
2223 2222 2217
2224 2218 2222
2223 2224 2222
2224 2225 2218
2226 2223 2219
2226 2219 2220
2225 2224 2227
2225 2227 2228
2229 2228 2227
2223 2230 2224
2226 2230 2223
2229 2227 2231
2231 2232 2229
2231 2233 2232
2224 2234 2227
2234 2231 2227
2224 2230 2234
2233 2231 2235
2234 2235 2231
2233 2235 2236
2235 2234 2237
2236 2235 2237
2230 2237 2234
2236 2237 2238
2230 2239 2237
2226 2239 2230
2238 2237 2240
2240 2237 2239
2238 2240 2241
2226 2242 2239
2240 2239 2242
2241 2240 2243
2243 2240 2242
2241 2243 2244
2226 2245 2242
2245 2226 2220
2243 2242 2246
2246 2242 2245
2244 2243 2247
2244 2247 2248
2249 2243 2246
2249 2247 2243
2248 2247 2250
2249 2250 2247
2248 2250 2251
2246 2245 2252
2249 2246 2252
2249 2253 2250
423 2250 2253
2245 2220 2254
2245 2254 2252
2249 2252 2255
2253 2249 2255
2252 2256 2255
2252 2254 2256
2253 2255 2257
2257 2255 2256
423 2253 424
2257 424 2253
2257 2258 424
424 2258 412
412 2258 407
407 2258 2257
407 2257 2256
408 407 2256
2256 2259 408
2256 2254 2259
408 2259 409
2254 2260 2259
2254 2220 2260
2259 2261 409
2259 2260 2261
410 409 2261
410 2261 2262
2262 2261 2260
410 2262 411
2220 2263 2260
2262 2260 2263
2264 411 2262
2264 2262 2263
2220 2265 2263
2265 2220 2210
2210 2266 2265
2213 2266 2210
2265 2267 2263
2266 2267 2265
2213 2268 2266
2266 2268 2267
2213 1819 2268
2263 2267 2269
2264 2263 2269
2270 2268 1819
2270 1819 2271
2267 2268 2272
2272 2269 2267
2272 2268 2270
2273 2270 2271
2274 2269 2272
2269 2274 2264
2275 2272 2270
2272 2275 2274
2275 2270 1786
1801 1786 2273
2275 2276 2274
2275 1802 2276
2270 1820 1802
1802 2277 2276
2274 2278 2264
2278 2274 2276
2276 2277 2279
2279 2278 2276
2277 2280 2279
2278 2281 2264
2264 2281 411
406 411 2281
2279 2280 2282
2282 2280 1772
2282 1772 1574
2278 2279 2283
2283 2281 2278
2279 2282 2283
406 2281 2284
2284 2281 2283
2283 2282 2285
2282 1574 2285
2284 2283 2285
406 2284 2286
2286 2284 2285
406 2286 1556
1557 1556 2286
2287 2285 1574
2286 2285 2287
2287 1557 2286
2287 1574 2288
2287 1558 1557
2288 1558 2287
2288 1559 1558
2271 2221 1808
2289 2290 2291
2291 2290 2292
2291 2292 2293
2294 2293 2292
2294 2295 2293
2294 2296 2295
2294 2297 2296
2298 2296 2297
2298 2297 2299
2299 2300 2298
2299 2301 2300
2302 2300 2301
2302 2301 2303
2304 2305 2303
2304 2303 2306
422 2307 2308
422 2308 423
2309 423 2308
2309 2308 2251
2310 2311 2312
2310 2312 2313
2314 2313 2312
2315 2310 2313
2314 2316 2313
2317 2316 2314
2315 2313 2318
2316 2318 2313
2317 2319 2316
1321 2319 2317
2315 2318 2320
2315 2320 2321
2320 2322 2321
2320 2323 2322
2316 2324 2318
2320 2318 2324
2319 2324 2316
2323 2320 2325
2320 2324 2325
2323 2325 2326
1321 2327 2319
1319 2327 1321
2319 2328 2324
2325 2324 2328
2327 2328 2319
2326 2325 2329
2325 2328 2329
2326 2329 2330
1342 2330 2329
1341 1342 2329
2331 2327 1319
2327 2331 2328
2329 2328 2331
2329 2331 1341
2331 1319 1327
1327 1341 2331
2332 2333 2334
2333 2335 2334
2333 2336 2335
2337 2335 2336
2337 2336 2338
2337 2338 2339
2337 2339 2340
2341 2340 2339
2341 2342 2340
2342 2341 2343
2342 2343 2344
2345 2344 2343
2345 2346 2344
2347 2348 2346
2347 2346 2349
2350 2351 2352
2350 2353 2351
2354 2353 2350
2353 2354 2355
2353 2355 2356
2356 2355 2357
2356 2357 2358
2354 2350 2359
2360 2359 2350
2360 2361 2359
2362 2355 2354
2355 2362 2357
2359 2363 2354
2363 2362 2354
2363 2359 2364
2363 2364 2365
2363 2366 2362
2362 2366 2357
2363 2365 2366
2358 2357 2367
2366 2367 2357
2358 2367 2368
2369 2368 2367
2369 2367 2370
2366 2370 2367
2370 2371 2369
2365 2372 2366
2366 2372 2370
2365 2373 2372
2370 2374 2371
2374 2370 2372
2371 2374 2375
2372 2373 2376
2374 2372 2376
2373 2377 2376
2375 2374 2378
2378 2374 2376
2375 2378 2379
2379 2378 2376
2375 2379 2380
2379 2381 2380
2377 2382 2376
2382 2379 2376
2379 2382 2381
2383 2382 2377
2381 2382 2384
2385 2382 2383
2381 2385 2386
2387 2388 2389
2390 2387 2389
2390 2391 2387
2392 2387 2391
2392 2393 2387
2394 2392 2391
2390 2394 2391
2394 2395 2392
2396 2394 2390
2395 2394 2396
2395 2396 2397
2398 2396 2390
2397 2396 2399
2399 2396 2398
2397 2399 2400
2399 2398 2401
2400 2399 2401
2400 2401 2402
2401 2398 2403
2404 2402 2401
2404 2401 2403
2404 2405 2402
2406 2404 2403
2406 2405 2404
2406 2403 2407
2406 2408 2405
2409 2406 2407
2408 2406 2409
2410 2411 2412
2410 2412 2413
2414 2410 2413
2413 2415 2414
2413 2416 2415
2416 2417 2415
2416 2418 2417
2414 2419 2410
2420 2410 2419
2420 2419 2421
2422 2414 2415
2415 2417 2422
2419 2414 2423
2423 2414 2422
2423 2424 2419
2423 2425 2424
2423 2422 2426
2422 2417 2426
2423 2426 2425
2418 2427 2417
2426 2417 2427
2418 2428 2427
2429 2427 2428
2429 2430 2427
2426 2427 2430
2430 2429 2431
2425 2426 2432
2426 2430 2432
2425 2432 2433
2430 2431 2434
2434 2432 2430
2431 2435 2434
2432 2436 2433
2434 2436 2432
2433 2436 2437
2435 2438 2434
2438 2436 2434
2435 2439 2438
2439 2436 2438
2435 2440 2439
2439 2440 2441
2437 2436 2442
2442 2436 2439
2439 2441 2442
2443 2437 2442
2441 2444 2442
2445 2443 2442
2441 2446 2445
2447 2448 2449
2450 2448 2447
2450 2447 2451
2452 2451 2447
2452 2447 2453
2454 2451 2452
2450 2451 2454
2454 2452 2455
2456 2450 2454
2455 2456 2454
2455 2457 2456
2458 2450 2456
2457 2459 2456
2459 2458 2456
2457 2460 2459
2459 2461 2458
2460 2461 2459
2460 2462 2461
2461 2463 2458
2464 2461 2462
2464 2463 2461
2464 2462 2465
2466 2463 2464
2466 2464 2465
2466 2467 2463
2466 2465 2468
2469 2467 2466
2468 2469 2466
2470 2471 2472
2470 2472 2473
2474 2470 2473
2474 2473 2475
2476 2474 2475
2476 2475 2477
2478 2476 2477
2475 2473 2479
2473 2480 2479
2473 2481 2480
2479 2480 2482
2475 2479 2483
2475 2483 2477
2479 2482 2484
2483 2479 2484
2484 2482 2485
2483 2484 2486
2477 2483 2486
2484 2485 2487
2486 2484 2487
2486 2487 2488
2488 2487 2489
2477 2486 2490
2486 2488 2490
2488 2489 2491
2490 2488 2491
2492 2477 2490
2478 2477 2492
2478 2492 2493
2478 2493 2494
2495 2494 2493
2495 2496 2494
2497 2495 2493
2498 2493 2492
2497 2493 2498
2492 2490 2499
2498 2492 2499
2490 2491 2500
2499 2490 2500
2501 2497 2498
2501 2498 2502
2502 2498 2499
2502 2503 2501
2502 2499 2504
2499 2500 2504
2502 2505 2503
2504 2505 2502
2504 2506 2505
2507 2504 2500
2506 2504 2507
2508 2506 2507
2509 2508 2507
2509 2507 2500
2491 2510 2500
2510 2509 2500
2511 2505 2506
2505 2511 2503
2491 2512 2510
2491 2489 2512
2511 2506 2513
2514 2513 2506
2511 2515 2503
2515 2511 2513
2516 2503 2515
2516 2517 2503
2515 2513 2518
2518 2516 2515
2514 2519 2513
2519 2518 2513
2510 2512 2520
2510 2520 2509
2521 2514 2509
2521 2519 2514
2512 2522 2520
2512 2523 2522
2489 2523 2512
2489 2524 2523
2525 2524 2489
2525 2485 2524
2526 2509 2520
2526 2527 2509
2520 2528 2526
2520 2529 2528
2521 2526 2530
2530 2526 2531
2530 2531 2532
2521 2530 2533
2519 2521 2533
2534 2530 2532
2534 2532 2535
2519 2533 2536
2519 2536 2518
2530 2537 2533
2530 2534 2537
2538 2534 2535
2538 2535 2539
2536 2540 2518
2518 2540 2516
2541 2536 2533
2541 2533 2537
2536 2541 2540
2534 2542 2537
2534 2538 2542
2537 2542 2541
2543 2538 2539
2543 2539 2544
2545 2516 2540
2541 2545 2540
2538 2546 2542
2538 2543 2546
2547 2541 2542
2547 2542 2546
2541 2547 2545
2548 2543 2544
2548 2544 2549
2543 2550 2546
2546 2550 2547
2543 2548 2550
2551 2548 2549
2551 2549 2552
2548 2553 2550
2548 2551 2553
2554 2547 2550
2554 2550 2553
2555 2551 2552
2555 2552 2556
2551 2557 2553
2553 2557 2554
2551 2555 2557
2547 2554 2558
2547 2558 2545
2559 2554 2557
2558 2554 2559
2559 2557 2560
2555 2560 2557
2555 2561 2560
2561 2555 2562
2561 2562 2563
2558 2559 2564
2558 2564 2565
2545 2558 2566
2558 2565 2566
2565 2567 2566
2565 2496 2567
2566 2567 2497
2545 2566 2568
2566 2497 2568
2545 2568 2516
2568 2497 2517
2568 2517 2516
2569 2570 2571
2569 2572 2570
2569 2573 2572
2573 2574 2572
2573 2575 2574
2572 2574 2576
2572 2576 2577
2570 2578 2577
2570 2577 2579
2576 2574 2580
2576 2580 2581
2582 2576 2581
2582 2583 2576
2583 2584 2576
2584 2585 2579
2583 2586 2584
2584 2586 2585
2586 2587 2585
2586 2588 2587
2589 2587 2588
2586 2590 2588
2586 2591 2590
2582 2590 2591
2582 2592 2590
2589 2588 2593
2593 2588 2594
2593 2594 2595
2592 2595 2594
2592 2596 2595
2597 2598 2596
2597 2599 2598
2598 2599 2600
2598 2600 2601
2600 2589 2601
2600 2602 2589
2603 2597 2604
2603 2605 2597
2606 2605 2603
2606 2607 2605
2606 2602 2607
2606 2608 2602
2609 2604 2610
2609 2610 2611
2612 2609 2611
2612 2611 2613
2614 2608 2612
2614 2612 2613
2615 2614 2616
2615 2616 2617
2618 2617 2616
2618 2616 2619
2618 2619 2610
2618 2610 2620
2621 2622 2620
2621 2623 2622
2624 2622 2623
2624 2623 2625
2615 2624 2625
2615 2625 2626
2627 2626 2625
2627 2628 2626
2627 2625 2629
2630 2629 2621
2627 2629 2631
2630 2631 2629
2632 2628 2627
2632 2633 2628
2634 2632 2627
2634 2635 2632
2635 2634 2630
2635 2630 2636
2635 2636 2637
2635 2637 2638
2639 2635 2638
2639 2640 2635
2640 2641 2633
2640 2642 2641
2643 2639 2638
2643 2638 2644
2645 2639 2643
2645 2641 2639
2645 2646 2641
2647 2648 2637
2644 2648 2649
2647 2649 2648
2650 2651 2652
2650 2653 2651
2654 2651 2653
2654 2653 2655
2655 2656 2657
2655 2657 2658
2659 2660 2661
2659 2661 2662
2659 2662 2663
2663 2662 2664
2663 2664 2665
2665 2666 2667
2668 2667 2666
2668 2666 2669
2670 2669 2664
2670 2671 2669
2672 2670 2664
2672 2661 2673
2670 2674 2671
2672 2673 2675
2672 2675 2670
2676 2670 2675
2670 2676 2674
2676 2675 2677
2678 2679 2673
2678 2677 2679
2680 2677 2678
2680 2681 2677
2677 2681 2682
2677 2682 2683
2682 2674 2683
2682 2684 2674
2685 2680 2686
2685 2686 2687
2688 2681 2687
2688 2687 2689
2689 2684 2688
2689 2690 2684
2691 2692 2690
2691 2693 2692
2691 2694 2693
2691 2695 2694
2694 2695 2686
2694 2686 2696
2697 2698 2692
2697 2692 2699
2700 2697 2699
2700 2699 2701
2696 2700 2701
2696 2702 2700
2703 2704 2698
2703 2705 2704
2706 2705 2703
2706 2707 2705
2706 2702 2708
2706 2708 2707
2709 2708 2710
2709 2710 2711
2712 2709 2711
2712 2713 2709
2704 2713 2712
2704 2712 2714
2715 2716 2714
2715 2717 2716
2717 2715 2718
2717 2718 2719
2720 2718 2710
2720 2710 2721
2721 2722 2719
2721 2723 2722
2722 2724 2719
2724 2725 2716
2723 2726 2722
2723 2727 2726
2722 2728 2724
2724 2728 2725
2729 2722 2730
2725 2729 2731
2729 2730 2731
2725 2731 2732
2731 2733 2732
2734 2730 2727
2734 2731 2730
2734 2727 2735
2734 2736 2731
2731 2736 2733
2737 2735 2738
2737 2739 2735
2737 2740 2739
2740 2736 2739
2740 2741 2736
2742 2743 2733
2741 2744 2742
2742 2744 2743
2745 2746 2747
2745 2748 2746
2746 2748 2749
2746 2749 2750
2750 2749 2751
2750 2751 2752
2753 2754 2755
2753 2756 2754
2757 2756 2753
2757 2758 2756
2759 2758 2757
2759 2760 2758
2761 2760 2759
2758 2762 2756
2756 2762 2763
2756 2763 2764
2762 2765 2763
2758 2766 2762
2758 2760 2766
2762 2767 2765
2766 2767 2762
2767 2768 2765
2766 2769 2767
2760 2769 2766
2767 2770 2768
2769 2770 2767
2769 2771 2770
2771 2772 2770
2760 2773 2769
2769 2773 2771
2771 2774 2772
2773 2774 2771
2775 2773 2760
2761 2775 2760
2761 2776 2775
2761 2777 2776
2778 2776 2777
2778 2777 2779
2780 2776 2778
2781 2775 2776
2780 2781 2776
2775 2782 2773
2781 2782 2775
2773 2783 2774
2782 2783 2773
2784 2781 2780
2784 2785 2781
2785 2782 2781
2785 2784 2786
2785 2787 2782
2782 2787 2783
2785 2786 2788
2787 2785 2788
2787 2788 2789
2790 2783 2787
2789 2790 2787
2791 2790 2789
2792 2790 2791
2792 2783 2790
2774 2783 2793
2793 2783 2792
2794 2789 2788
2788 2786 2794
2774 2793 2795
2774 2795 2772
2794 2796 2789
2797 2789 2796
2794 2786 2798
2798 2796 2794
2799 2798 2786
2799 2786 2800
2798 2801 2796
2799 2801 2798
2797 2796 2802
2802 2796 2801
2793 2792 2803
2793 2803 2795
2804 2792 2797
2804 2797 2802
2795 2803 2805
2795 2805 2806
2772 2795 2806
2772 2806 2807
2808 2772 2807
2808 2807 2768
2809 2803 2792
2809 2792 2810
2803 2809 2811
2803 2811 2812
2804 2813 2809
2813 2814 2809
2813 2815 2814
2804 2816 2813
2802 2816 2804
2817 2815 2813
2817 2818 2815
2802 2819 2816
2802 2801 2819
2813 2816 2820
2813 2820 2817
2821 2818 2817
2821 2822 2818
2819 2801 2823
2799 2823 2801
2824 2816 2819
2824 2820 2816
2819 2823 2824
2817 2820 2825
2817 2825 2821
2820 2824 2825
2826 2822 2821
2826 2827 2822
2828 2823 2799
2824 2823 2828
2821 2825 2829
2821 2829 2826
2830 2825 2824
2830 2829 2825
2824 2828 2830
2831 2827 2826
2831 2832 2827
2826 2829 2833
2829 2830 2833
2826 2833 2831
2834 2832 2831
2834 2835 2832
2831 2833 2836
2831 2836 2834
2837 2833 2830
2837 2836 2833
2838 2835 2834
2838 2839 2835
2834 2836 2840
2836 2837 2840
2834 2840 2838
2830 2841 2837
2830 2828 2841
2842 2840 2837
2842 2837 2841
2842 2843 2840
2838 2840 2843
2838 2843 2844
2844 2845 2838
2844 2846 2845
2842 2841 2847
2841 2848 2847
2828 2849 2841
2841 2849 2848
2848 2849 2850
2848 2850 2779
2849 2780 2850
2828 2851 2849
2849 2851 2780
2828 2799 2851
2851 2800 2780
2851 2799 2800
2852 2853 2854
2852 2854 2855
2856 2855 2854
2856 2857 2855
2857 2858 2859
2857 2859 2860
2861 2862 2863
2861 2863 2864
2863 2865 2864
2863 2866 2865
2866 2867 2865
2866 2868 2867
2575 2869 2870
2870 2869 2871
2870 2871 2580
2872 2873 2874
2872 2874 2875
2875 2874 2876
2875 2876 2877
2874 2878 2876
2879 2875 2877
2879 2877 2880
2879 2881 2875
2879 2882 2881
2873 2881 2882
2873 2882 2883
2884 2873 2883
2874 2885 2878
2885 2874 2873
2885 2886 2878
2884 2887 2873
2885 2873 2887
2887 2884 2888
2885 2889 2886
2889 2885 2887
2890 2886 2889
2887 2888 2891
2889 2887 2891
2890 2889 2892
2892 2889 2891
2893 2890 2892
2891 2888 2894
2895 2894 2888
2892 2891 2896
2891 2894 2896
2893 2892 2897
2897 2892 2896
2898 2896 2894
2897 2896 2898
2899 2893 2897
2899 2900 2893
2901 2897 2898
2901 2899 2897
2898 2894 2902
2902 2901 2898
2902 2903 2901
2903 2899 2901
2903 2904 2899
2900 2899 2904
2900 2904 2905
2904 2906 2905
2904 2907 2906
2907 2904 2908
2906 2907 2909
2906 2909 2910
2907 2908 2911
2911 2909 2907
2911 2908 2912
2912 2894 2913
2895 2913 2894
2911 2912 2914
2911 2914 2909
2912 2913 2914
2909 2914 2913
2910 2909 2915
2909 2913 2915
2895 2915 2913
2910 2915 2916
2916 2915 2917
2895 2917 2915
2916 2917 2918
2917 2895 2919
2920 2919 2895
2920 2921 2919
2918 2917 2922
2917 2919 2922
2918 2922 2923
2921 2924 2919
2922 2919 2924
2921 2925 2924
2924 2925 2926
2923 2922 2927
2922 2924 2927
2923 2927 2928
2924 2926 2929
2929 2927 2924
2929 2930 2927
2928 2927 2930
2928 2930 2931
2931 2930 2932
2931 2932 2880
2932 2933 2926
2932 2930 2933
2934 2935 2936
2934 2936 2937
2935 2938 2936
2935 2939 2938
2936 2938 2940
2941 2939 2935
2941 2942 2939
2941 2935 2943
2941 2943 2944
2937 2944 2943
2937 2945 2944
2946 2945 2937
2936 2940 2947
2947 2937 2936
2947 2940 2948
2946 2937 2949
2947 2949 2937
2949 2950 2946
2947 2948 2951
2951 2949 2947
2952 2951 2948
2949 2953 2950
2951 2953 2949
2952 2954 2951
2954 2953 2951
2955 2954 2952
2953 2956 2950
2957 2950 2956
2954 2958 2953
2953 2958 2956
2955 2959 2954
2959 2958 2954
2960 2956 2958
2959 2960 2958
2961 2959 2955
2961 2955 2962
2963 2960 2959
2963 2959 2961
2960 2964 2956
2964 2960 2963
2964 2963 2965
2965 2963 2961
2965 2961 2966
2962 2966 2961
2962 2967 2966
2966 2967 2968
2966 2968 2969
2969 2970 2966
2968 2971 2969
2968 2972 2971
2969 2973 2970
2973 2969 2971
2973 2974 2970
2974 2975 2956
2957 2956 2975
2973 2976 2974
2973 2971 2976
2974 2976 2975
2971 2975 2976
2972 2977 2971
2971 2977 2975
2957 2975 2977
2972 2978 2977
2978 2979 2977
2957 2977 2979
2978 2980 2979
2979 2981 2957
2982 2957 2981
2982 2981 2983
2980 2984 2979
2979 2984 2981
2980 2985 2984
2983 2981 2986
2984 2986 2981
2983 2986 2987
2986 2988 2987
2985 2989 2984
2984 2989 2986
2985 2990 2989
2986 2991 2988
2991 2986 2989
2991 2989 2992
2990 2992 2989
2990 2993 2992
2993 2994 2992
2993 2942 2994
2994 2988 2995
2994 2995 2992
2996 2997 2998
2996 2999 2997
3000 2996 2998
3000 2999 2996
3000 2998 3001
3000 3002 2999
3003 3000 3001
3003 3002 3000
3003 3001 3004
3003 3005 3002
3006 3007 3004
3005 3007 3006
3006 3004 3008
3005 3006 3009
3010 3006 3008
3009 3006 3011
3010 3011 3006
3009 3011 3012
3013 3011 3010
3012 3011 3014
3013 3014 3011
3012 3014 3015
3016 3014 3013
3015 3014 3017
3016 3017 3014
3015 3017 3018
3019 3017 3016
3018 3017 3020
3019 3020 3017
3018 3020 3021
3020 3019 3022
3021 3020 3023
3020 3022 3023
3021 3023 3024
3025 3023 3022
3024 3023 3026
3025 3026 3023
3024 3026 3027
3028 3029 3025
3027 3029 3030
3028 3030 3029
3027 3030 3031
3030 3028 3032
3033 3031 3030
3030 3032 3033
3033 3034 3031
3035 3033 3032
3034 3033 3035
3035 3032 3036
3034 3035 3037
3038 3035 3036
3038 3037 3035
3038 3036 3039
3038 3040 3037
3041 3038 3039
3042 3040 3038
3041 3042 3038
3042 3043 3040
3042 3041 3044
3043 3042 3045
3042 3044 3045
3043 3045 3046
3047 3045 3044
3045 3047 3046
3048 3049 3050
3048 3050 3051
3052 3049 3048
3052 3048 3051
3052 3053 3049
3052 3051 3054
3055 3053 3052
3055 3052 3054
3055 3056 3053
3055 3054 3057
3058 3059 3056
3058 3056 3060
3057 3058 3060
3061 3059 3058
3057 3062 3058
3061 3058 3063
3062 3063 3058
3064 3061 3063
3062 3065 3063
3064 3063 3066
3065 3066 3063
3067 3064 3066
3065 3068 3066
3067 3066 3069
3068 3069 3066
3070 3067 3069
3068 3071 3069
3070 3069 3072
3071 3072 3069
3072 3073 3070
3071 3074 3072
3072 3075 3073
3074 3075 3072
3076 3073 3075
3074 3077 3075
3076 3075 3078
3077 3078 3075
3077 3079 3078
3080 3076 3081
3079 3082 3081
3080 3081 3082
3079 3083 3082
3082 3084 3080
3085 3082 3083
3082 3085 3084
3085 3083 3086
3087 3084 3085
3086 3087 3085
3087 3088 3084
3086 3089 3087
3090 3088 3087
3090 3087 3089
3090 3091 3088
3090 3089 3092
3093 3091 3090
3094 3090 3092
3093 3090 3094
3094 3092 3095
3094 3096 3093
3095 3097 3094
3094 3097 3096
3095 3098 3097
3099 3096 3097
3097 3098 3099
