byte offset: 0
first index: 0
index count: 14292
topology: trianglelist
format: DXGI_FORMAT_R16_UINT

0 1 2
3 1 4
3 4 5
4 6 5
4 7 6
7 8 6
9 10 11
12 13 10
12 14 13
12 15 16
12 17 15
18 15 17
18 19 15
18 20 19
18 21 20
22 20 21
22 23 20
23 22 24
23 24 25
25 24 26
25 26 27
28 29 26
28 30 29
28 31 30
28 32 31
33 34 35
36 35 37
36 38 35
39 38 36
39 40 38
40 39 41
40 41 42
42 41 43
42 43 44
43 45 44
44 45 46
47 46 45
47 45 48
48 45 49
43 50 45
45 50 51
52 41 39
52 39 53
53 39 54
55 41 52
55 43 41
56 43 55
56 50 43
50 56 57
50 57 58
59 60 61
62 63 64
65 66 67
65 68 69
70 69 68
70 68 71
72 70 71
72 71 73
68 65 74
75 71 68
68 74 75
73 71 76
75 76 71
65 77 74
65 78 77
75 74 79
80 76 75
75 79 80
74 77 81
74 81 79
73 76 82
80 83 76
83 82 76
84 73 82
85 73 84
85 84 86
78 87 77
77 87 88
77 88 81
78 89 87
89 78 90
89 90 91
92 91 90
92 93 91
94 93 92
94 95 93
88 96 81
88 97 96
79 81 96
96 97 98
79 96 99
96 98 99
79 99 100
80 79 100
98 101 99
100 99 101
98 102 101
101 102 103
101 103 104
101 104 100
80 100 105
105 83 80
103 106 104
103 107 106
104 108 100
105 100 108
104 106 108
107 109 106
107 110 109
108 106 111
106 109 111
105 108 112
111 112 108
105 113 83
112 113 105
110 114 109
110 115 114
116 114 115
109 114 117
109 117 111
116 118 114
118 117 114
119 118 116
119 120 118
120 121 118
118 121 117
120 122 121
111 117 123
123 117 121
124 121 122
123 121 124
124 122 125
125 126 124
125 127 126
111 123 128
111 128 112
124 129 123
124 126 129
127 130 126
127 131 130
130 131 132
123 133 128
123 129 133
128 134 112
128 133 134
112 134 113
126 135 129
126 130 135
129 136 133
129 135 136
133 137 134
133 136 137
134 138 113
134 137 138
135 139 136
137 136 139
130 140 135
135 140 139
130 132 141
130 141 140
132 142 141
132 143 142
143 144 142
141 145 140
141 142 145
142 144 146
142 146 145
147 146 144
140 145 148
140 148 139
146 149 145
148 145 149
150 146 147
150 149 146
151 149 150
152 150 147
152 151 150
152 147 153
152 154 151
151 154 155
139 148 156
157 148 149
157 156 148
151 158 149
158 157 149
151 159 158
159 157 158
151 155 160
151 160 159
155 161 160
155 162 161
161 162 163
139 156 164
137 139 164
165 137 164
165 138 137
166 164 156
166 165 164
167 156 157
167 166 156
168 165 166
168 166 167
169 138 165
168 169 165
170 169 168
169 171 138
113 138 171
113 171 83
83 171 82
172 171 169
172 82 171
170 172 169
84 82 172
84 172 170
157 173 167
159 173 157
168 167 174
170 168 174
167 173 175
175 173 159
167 175 174
84 170 176
86 84 176
170 174 177
170 177 178
170 178 176
174 179 177
174 175 179
178 177 179
175 159 180
175 181 179
175 180 181
182 180 159
182 159 160
161 182 160
180 182 183
180 183 181
184 182 161
182 184 183
184 161 185
161 163 185
186 185 163
186 187 185
187 184 185
188 187 186
183 184 189
187 189 184
188 190 187
190 189 187
191 190 188
192 181 183
183 189 192
191 193 190
194 193 191
192 195 181
195 179 181
190 196 189
193 196 190
189 197 192
189 196 197
197 195 192
195 198 179
178 179 198
193 199 196
197 196 199
194 200 193
200 199 193
197 201 195
201 198 195
202 178 198
176 178 202
203 200 194
203 194 204
200 203 205
200 205 206
200 206 199
206 205 207
199 206 207
208 207 205
197 199 209
199 207 209
208 209 207
209 201 197
208 210 209
209 210 201
211 210 208
210 212 201
210 211 212
211 202 212
201 212 198
202 198 212
176 202 213
86 176 213
214 213 202
214 86 213
214 202 215
214 216 86
217 86 216
214 215 218
218 215 219
220 218 219
220 219 221
220 221 222
223 220 222
223 222 224
223 224 225
226 225 224
226 227 225
228 229 230
231 232 233
78 234 232
235 236 237
238 239 240
241 238 242
241 242 243
244 241 243
244 243 245
246 244 245
246 245 247
248 246 247
248 247 249
247 250 249
251 248 249
252 249 250
251 249 252
252 250 253
251 252 254
252 253 254
251 254 255
253 256 254
256 257 254
256 258 257
256 259 258
260 258 259
260 261 258
256 262 259
262 260 259
262 263 260
264 261 260
260 263 265
264 260 266
264 266 267
260 268 266
268 267 266
260 265 268
268 269 267
265 269 268
265 270 269
271 272 273
274 275 272
276 277 278
279 280 281
282 283 280
282 284 283
282 280 285
286 287 284
288 285 289
288 290 285
291 288 289
291 289 292
291 292 293
291 293 294
295 294 293
295 296 294
297 296 295
288 298 290
299 290 298
299 300 290
288 301 298
291 301 288
291 302 301
302 291 294
302 294 303
296 303 294
296 304 303
305 304 296
297 305 296
305 306 304
297 307 305
306 305 307
307 297 308
306 307 309
310 307 308
309 307 311
310 311 307
309 311 312
313 311 310
311 314 312
313 315 311
311 315 314
316 317 318
319 320 317
319 317 321
322 319 323
322 323 324
323 325 324
325 326 327
326 328 327
326 329 328
328 329 330
328 330 331
332 333 334
332 334 335
336 332 335
336 337 332
338 337 336
338 336 339
340 338 339
340 339 341
342 343 344
342 344 345
346 342 345
346 345 347
348 349 346
348 346 350
351 352 353
351 353 354
353 355 356
356 355 357
356 357 358
359 358 357
359 357 360
360 361 359
360 362 361
362 363 361
362 364 363
364 365 363
364 366 365
367 365 366
367 368 365
369 367 370
369 370 371
372 371 370
372 373 371
372 374 373
372 375 374
376 375 377
376 377 378
378 377 379
378 379 380
379 381 380
382 351 383
382 384 351
385 384 382
385 382 386
387 385 386
387 388 385
389 390 391
392 391 390
392 393 391
393 392 394
392 395 394
396 393 394
394 395 397
396 394 398
394 397 398
396 398 399
400 396 399
397 401 398
401 399 398
397 402 401
401 403 399
402 404 401
402 405 404
406 403 401
404 406 401
406 407 403
407 406 408
405 409 404
409 406 404
406 409 408
405 410 409
410 411 409
411 408 409
410 412 411
412 413 411
412 414 413
413 414 415
411 416 408
413 416 411
413 415 417
417 415 418
417 418 419
420 413 417
420 417 419
421 408 416
422 408 421
420 423 413
413 423 416
416 423 424
424 423 420
421 416 425
416 424 425
426 421 425
427 421 426
426 425 428
425 429 428
425 424 429
420 419 430
424 420 431
431 420 430
432 430 419
432 419 433
419 434 433
430 432 435
430 435 436
431 430 436
424 431 437
437 431 436
424 437 438
439 424 438
437 436 440
438 437 440
441 440 436
441 442 440
438 440 443
443 440 442
444 438 443
445 438 444
444 443 446
446 443 447
443 442 447
446 447 448
447 442 449
449 442 450
447 449 451
447 451 452
448 447 452
448 452 453
454 455 456
455 457 456
455 458 457
458 459 457
458 460 459
459 460 461
459 461 462
462 461 463
462 463 464
463 465 464
463 466 465
463 467 466
468 465 466
467 469 466
467 470 469
471 472 465
465 472 473
474 473 472
474 472 475
475 472 476
477 478 479
478 480 479
478 481 480
481 482 480
480 482 483
481 484 482
482 485 483
484 486 482
482 486 485
484 487 486
486 488 485
487 489 486
486 489 488
488 489 490
487 491 489
491 490 489
491 492 490
490 492 493
488 490 494
495 488 494
496 495 494
496 494 490
496 497 495
490 493 498
496 490 498
493 499 498
496 498 499
493 500 499
497 496 501
496 499 501
497 501 502
502 501 503
499 503 501
502 503 504
505 504 503
505 503 506
507 499 500
499 507 503
507 506 503
507 508 506
507 500 509
508 507 510
510 507 509
510 509 511
512 513 514
512 514 515
516 512 515
516 517 512
518 517 516
519 520 521
519 521 522
523 522 521
523 524 522
525 524 523
525 523 526
527 525 526
527 528 525
529 528 527
529 527 530
531 529 530
531 532 529
531 533 532
531 534 533
535 533 534
535 536 533
536 535 537
536 537 538
539 538 537
539 537 540
539 540 541
539 541 542
543 542 541
543 541 544
544 545 543
544 546 545
547 545 546
547 546 548
549 547 548
549 548 550
551 549 550
551 550 552
553 554 555
553 555 556
556 555 557
556 557 558
557 559 558
557 560 559
560 561 559
560 562 561
563 564 565
565 564 566
567 565 566
566 568 567
569 568 566
568 569 570
570 571 568
569 572 570
572 571 570
572 573 571
574 573 572
575 573 574
576 575 574
576 577 575
576 578 577
577 578 579
577 579 580
580 579 581
582 583 584
582 584 585
586 585 584
586 584 587
588 586 587
588 587 589
590 588 589
590 589 591
590 591 592
593 590 592
591 594 592
595 596 597
595 598 596
598 599 596
598 600 599
600 601 599
600 602 601
602 603 601
602 604 603
605 606 607
605 607 608
607 609 608
607 610 609
610 611 609
610 612 611
612 613 611
612 614 613
615 616 617
615 618 616
619 618 615
619 620 618
621 620 619
621 622 620
623 622 621
623 624 622
625 624 623
625 623 626
627 628 629
627 630 628
627 631 630
627 632 631
628 630 633
628 633 634
632 635 631
632 636 635
637 635 636
638 630 631
638 633 630
635 638 631
634 633 639
634 639 640
641 640 639
641 639 642
643 642 639
644 639 633
644 633 638
643 639 644
637 645 635
645 637 646
635 647 638
647 644 638
645 647 635
648 643 644
647 648 644
648 649 643
649 648 650
647 650 648
649 650 651
652 651 650
647 653 650
645 653 647
652 650 654
653 654 650
655 652 654
656 653 645
653 656 654
655 654 657
656 657 654
658 655 657
656 645 659
645 646 659
658 657 660
661 658 660
656 662 657
662 656 659
660 657 662
646 663 659
662 659 663
646 664 663
661 660 665
665 666 661
660 662 667
667 662 663
665 660 667
664 668 663
667 663 668
664 669 668
665 670 666
670 671 666
665 667 672
672 667 668
672 670 665
669 673 668
672 668 673
669 674 673
670 675 671
675 676 671
672 677 670
673 677 672
677 675 670
678 673 674
673 678 677
678 674 679
680 678 679
678 681 677
677 681 675
682 675 681
680 683 678
678 683 681
683 682 681
684 683 680
684 685 683
683 685 682
686 685 684
686 687 685
687 682 685
682 688 675
675 688 676
689 676 688
682 689 688
689 690 676
689 691 690
682 692 689
687 692 682
689 693 691
693 689 692
693 694 691
693 695 694
696 695 693
693 692 697
696 693 697
687 697 692
698 696 697
687 699 697
698 697 699
686 699 687
686 700 699
700 698 699
700 701 698
702 703 704
702 704 705
704 706 705
707 706 704
707 708 706
709 708 707
709 710 708
711 712 713
711 713 714
715 711 714
715 716 711
717 716 715
717 718 716
718 717 719
718 719 720
721 713 722
721 722 723
724 723 722
724 725 723
726 723 725
723 727 721
726 728 723
723 728 727
729 728 726
730 727 728
729 730 728
731 730 729
730 732 727
730 731 733
732 730 733
732 733 734
735 736 737
735 737 738
738 737 739
738 739 740
740 739 741
740 741 742
742 741 743
742 743 744
745 744 743
745 746 744
747 746 745
747 748 746
749 748 747
749 747 750
751 749 750
751 750 752
753 751 752
753 752 754
753 754 755
753 755 756
757 756 755
757 758 756
757 759 758
757 760 759
761 762 763
761 763 764
764 763 765
764 765 766
767 768 769
767 769 770
770 769 771
770 771 772
772 771 773
772 773 774
773 775 774
773 776 775
775 776 777
775 777 778
779 780 781
779 781 782
783 779 782
783 782 784
784 785 783
784 786 785
786 787 785
786 788 787
789 787 788
789 788 790
790 791 789
790 792 791
793 794 795
793 795 796
795 797 796
795 798 797
798 799 797
798 800 799
800 801 799
800 802 801
802 803 801
802 804 803
805 803 804
805 804 806
806 807 805
808 807 806
808 809 807
810 809 808
806 811 812
806 812 813
813 812 814
815 814 812
816 812 811
815 812 816
816 811 817
818 816 817
815 816 818
818 817 819
815 818 820
821 820 818
815 820 822
823 822 820
823 820 821
821 824 823
825 818 819
821 818 825
821 825 826
825 819 827
826 825 827
826 827 828
826 828 829
826 829 830
831 830 829
832 826 830
831 832 830
833 832 831
833 831 834
835 833 834
821 826 836
832 836 826
821 836 837
837 836 832
837 832 833
821 837 824
824 837 833
824 833 838
838 833 839
835 839 833
838 839 840
841 840 839
835 842 839
841 839 842
835 843 842
842 843 844
841 842 845
842 844 845
841 845 846
846 845 847
845 848 847
845 844 848
844 849 848
844 850 849
851 849 850
851 850 852
852 853 851
852 854 853
855 851 853
855 856 851
856 857 851
855 858 856
855 859 858
856 860 857
858 860 856
861 857 860
862 858 859
862 859 863
858 862 864
858 864 865
858 865 860
866 865 864
867 860 865
866 867 865
861 860 868
867 868 860
869 867 866
869 868 867
869 866 870
869 871 868
871 861 868
871 847 861
872 873 874
872 875 873
876 875 872
876 872 877
877 878 876
877 879 878
880 878 879
880 881 878
882 883 884
882 885 883
886 883 885
886 887 883
888 887 886
888 886 889
890 888 889
890 889 891
892 890 891
892 893 890
894 895 896
894 897 895
898 897 894
898 899 897
899 898 900
901 899 900
902 901 900
902 900 903
904 902 903
905 906 907
905 907 908
909 908 907
909 910 908
911 910 909
911 909 912
911 912 913
911 913 914
915 911 914
916 915 914
917 913 912
918 917 912
917 918 919
918 920 919
917 919 921
922 917 921
913 917 922
923 922 921
923 924 922
913 922 925
922 924 925
925 914 913
926 925 924
926 914 925
926 927 914
928 927 926
927 929 914
916 914 929
930 927 928
930 929 927
930 916 929
928 931 930
930 932 916
933 930 931
933 932 930
854 934 935
854 935 905
936 937 938
936 939 937
939 940 937
939 941 940
941 942 940
941 943 942
943 944 942
943 945 944
946 944 945
946 947 944
946 948 947
946 949 948
950 948 949
950 951 948
950 952 951
950 953 952
952 953 954
952 954 955
955 954 956
955 956 957
956 958 957
958 959 957
958 960 959
958 961 960
961 813 960
961 962 813
963 964 965
963 966 964
963 967 966
963 968 967
967 968 969
967 969 970
971 972 970
971 973 972
974 972 973
974 975 972
976 975 974
976 977 975
978 977 976
978 979 977
978 980 979
978 981 980
980 981 982
980 982 983
983 982 984
983 984 985
984 986 985
984 987 986
988 986 987
988 989 986
990 989 988
990 991 989
990 992 993
990 993 994
995 996 997
995 998 996
999 998 995
996 998 1000
998 999 1000
996 1000 1001
999 1002 1000
1003 1001 1000
1002 1004 1000
1004 1003 1000
1005 1006 1007
1005 1007 1008
1007 1009 1008
1007 1010 1009
1009 1010 1011
1009 1011 1012
1012 1011 1013
1012 1013 1014
1015 1016 1017
1015 1017 1018
1018 1017 1019
1018 1019 1020
1020 1019 1021
1020 1021 1022
1022 1021 1023
1022 1023 1024
1025 1026 1027
1025 1028 1026
1026 1028 1029
1026 1029 1030
1029 1031 1030
1029 1032 1031
1032 1033 1031
1032 1034 1033
1035 1036 1037
1035 1038 1036
1038 1039 1036
1038 1040 1039
1040 1041 1039
1040 1042 1041
1042 1043 1041
1042 1044 1043
1045 1046 1047
1045 1047 1048
1047 1049 1048
1047 1050 1049
1051 1050 1047
1052 1050 1051
1049 1050 1052
1049 1052 1053
1054 1055 1056
1054 1057 1055
1057 1058 1055
1059 1057 1054
1059 1054 1060
1060 1061 1059
1057 1062 1058
1059 1062 1057
1062 1063 1058
1059 1064 1062
1062 1065 1063
1064 1065 1062
1066 1064 1059
1066 1059 1067
1068 1063 1065
1068 1069 1063
1070 1068 1065
1064 1071 1065
1070 1065 1071
1066 1071 1064
1072 1070 1071
1066 1073 1071
1072 1071 1073
1074 1073 1066
1072 1073 1074
1075 1074 1066
1074 1075 1076
1072 1074 1077
1077 1074 1078
1079 1080 1081
1079 1081 1082
1079 1082 1083
1079 1083 1084
1085 1084 1083
1085 1083 1086
1087 1085 1086
1087 1086 1088
1089 1087 1088
1089 1088 1090
1091 1089 1092
1091 1092 1093
1094 1091 1093
1094 1093 1095
1094 1095 1096
1094 1096 1097
1098 1097 1096
1098 1096 1099
1099 1100 1098
1099 1101 1100
1102 1100 1101
1102 1101 1103
1104 1102 1103
1104 1103 1105
1105 1106 1104
1105 1107 1106
1108 1106 1107
1108 1107 1109
1109 1110 1108
1111 1112 1113
1114 1113 1112
1114 1112 1115
1116 1114 1115
1116 1117 1114
1117 1116 1118
1116 1119 1118
1120 1119 1116
1120 1121 1119
1118 1119 1121
1118 1121 1122
1120 1123 1121
1120 1124 1123
1123 1124 1125
1123 1125 1126
1126 1125 1127
1126 1127 1128
1129 1128 1127
1129 1130 1128
1131 1130 1129
1131 1132 1130
1118 1122 1133
1118 1133 1134
1135 1134 1133
1135 1133 1136
1137 1132 1131
1137 1138 1132
1139 1135 1136
1139 1136 1140
1137 1141 1138
1141 1139 1140
1137 1142 1141
1141 1142 1139
1143 1144 1145
1146 1144 1143
1146 1143 1147
1148 1149 1150
1148 1150 1151
1150 1152 1151
1150 1153 1152
1154 1152 1153
1154 1155 1152
1154 1156 1155
1154 1157 1156
1157 1158 1156
1157 1159 1158
1159 1160 1158
1159 1161 1160
1162 1160 1161
1162 1163 1160
1164 1165 1166
1165 1167 1166
1167 1168 1166
1169 1170 1171
1169 1172 1170
1173 1170 1172
1173 1172 1174
1174 1175 1173
1176 1172 1169
1176 1174 1172
1174 1177 1175
1178 1175 1177
1169 1179 1176
1169 1180 1179
1179 1181 1176
1182 1177 1174
1176 1182 1174
1176 1181 1183
1176 1183 1182
1183 1181 1184
1178 1177 1185
1182 1185 1177
1186 1178 1185
1186 1187 1178
1188 1186 1185
1182 1188 1185
1189 1188 1182
1189 1182 1183
1189 1183 1190
1183 1184 1190
1189 1190 1191
1192 1191 1190
1193 1190 1184
1192 1190 1193
1193 1184 1194
1193 1195 1192
1196 1193 1194
1193 1197 1195
1196 1197 1193
1197 1198 1195
1199 1197 1196
1197 1200 1198
1199 1200 1197
1201 1200 1199
1200 1202 1198
1201 1203 1200
1200 1203 1202
1201 1204 1203
1204 1202 1203
1204 1205 1202
1204 1206 1205
1207 1208 1209
1207 1209 1210
1211 1207 1210
1211 1210 1212
1213 1211 1212
1213 1212 1214
1213 1214 1215
1213 1215 1216
1217 1213 1216
1218 1217 1216
1218 1219 1217
1218 1220 1219
1218 1221 1220
1222 1220 1221
1222 1223 1220
1224 1223 1222
1225 1226 1227
1226 1228 1227
1226 1229 1228
1229 1230 1228
1229 1231 1230
1232 1230 1231
1232 1233 1230
1234 1233 1232
1234 1235 1233
1235 1234 1236
1235 1236 1237
1237 1236 1238
1237 1238 1239
1240 1239 1238
1240 1241 1239
1240 1242 1241
1240 1243 1242
1242 1243 1244
1242 1244 1245
1245 1244 1246
1245 1246 1247
1246 1248 1247
1246 1249 1248
1250 1251 1252
1250 1253 1251
1253 1254 1251
1254 1253 1255
1255 1253 1250
1255 1250 1256
1255 1256 1257
1255 1257 1258
1259 1258 1257
1259 1257 1260
1261 1259 1260
1261 1260 1262
1261 1262 1263
1261 1263 1264
1265 1264 1263
1265 1263 1266
1265 1266 1267
1265 1267 1268
1269 1270 1271
1269 1271 1272
1272 1271 1273
1272 1273 1274
1273 1275 1274
1273 1276 1275
1276 1277 1275
1276 1278 1277
1278 1279 1277
1280 1269 1272
1280 1272 1281
1281 1272 1282
1281 1282 1283
1282 1284 1283
1282 1285 1284
1285 1286 1284
1285 1287 1286
1287 1288 1286
1287 1289 1288
1290 1269 1280
1291 1269 1290
1290 1280 1292
1291 1290 1293
1294 1290 1292
1293 1290 1294
1294 1292 1295
1293 1294 1296
1297 1294 1295
1298 1296 1294
1297 1298 1294
1299 1298 1297
1298 1300 1296
1298 1301 1300
1298 1302 1301
1303 1301 1302
1303 1302 1304
1304 1302 1305
1302 1306 1305
1307 1308 1309
1307 1309 1310
1311 1310 1309
1311 1312 1310
1311 1313 1312
1311 1314 1313
1314 1315 1313
1315 1314 1316
1317 1315 1316
1317 1316 1318
1319 1320 1321
1319 1321 1322
1319 1323 1324
1319 1324 1325
1324 1326 1325
1324 1327 1326
1327 1328 1326
1327 1329 1328
1328 1329 1330
1331 1330 1329
1328 1330 1332
1328 1332 1333
1334 1333 1332
1331 1335 1330
1330 1336 1332
1335 1336 1330
1334 1332 1337
1336 1337 1332
1338 1334 1337
1338 1339 1334
1340 1338 1337
1341 1340 1337
1336 1341 1337
1342 1340 1341
1343 1342 1341
1344 1343 1341
1344 1341 1336
1344 1336 1335
1345 1344 1335
1335 1331 1346
1345 1335 1346
1331 1347 1346
1348 1345 1346
1347 1348 1346
1347 1349 1348
1350 1348 1349
1351 1352 1353
1351 1354 1352
1355 1354 1351
1355 1351 1356
1352 1354 1357
1352 1357 1358
1359 1354 1355
1359 1357 1354
1360 1355 1356
1359 1355 1360
1360 1356 1323
1361 1359 1360
1358 1357 1362
1362 1357 1359
1358 1362 1363
1359 1361 1364
1362 1359 1364
1361 1365 1364
1364 1365 1366
1364 1366 1367
1367 1362 1364
1366 1368 1367
1367 1369 1362
1369 1363 1362
1369 1370 1363
1371 1372 1373
1371 1373 1374
1375 1371 1374
1376 1374 1373
1375 1374 1377
1378 1375 1377
1376 1379 1374
1380 1379 1376
1374 1379 1381
1374 1381 1377
1378 1377 1382
1382 1383 1378
1380 1384 1379
1384 1381 1379
1377 1381 1385
1377 1385 1382
1381 1384 1385
1380 1386 1384
1380 1387 1386
1386 1387 1388
1386 1388 1389
1390 1389 1388
1390 1391 1389
1392 1391 1390
1393 1386 1389
1391 1393 1389
1384 1386 1394
1393 1394 1386
1394 1393 1395
1391 1396 1393
1397 1394 1395
1384 1394 1398
1397 1398 1394
1384 1398 1385
1398 1397 1399
1400 1396 1391
1392 1400 1391
1400 1401 1396
1402 1401 1400
1392 1403 1400
1402 1400 1403
1392 1404 1403
1405 1403 1404
1402 1403 1406
1402 1406 1407
1406 1408 1407
1405 1409 1403
1410 1409 1405
1410 1411 1409
1412 1411 1410
1412 1413 1411
1413 1414 1415
1416 1415 1414
1417 1418 1419
1417 1419 1420
1419 1421 1420
1419 1422 1421
1421 1422 1423
1421 1423 1424
1423 1425 1424
1423 1426 1425
1425 1426 1427
1425 1427 1428
1429 1430 1431
1432 1429 1431
1383 1433 1434
1383 1435 1433
1382 1435 1383
1382 1436 1435
1436 1433 1435
1382 1385 1436
1398 1436 1385
1436 1437 1433
1436 1398 1437
1433 1437 1399
1398 1399 1437
1438 1439 1440
1438 1440 1441
1440 1442 1441
1438 1441 1443
1441 1442 1443
1444 1438 1443
1445 1438 1444
1443 1442 1446
1442 1447 1446
1444 1443 1448
1444 1448 1449
1443 1446 1450
1443 1450 1448
1446 1447 1450
1450 1451 1448
1451 1449 1448
1447 1452 1450
1450 1452 1451
1447 1453 1452
1454 1453 1447
1455 1452 1453
1456 1453 1454
1455 1453 1456
1452 1457 1451
1452 1455 1457
1456 1454 1458
1458 1454 1459
1458 1459 1460
1461 1460 1459
1462 1458 1460
1462 1460 1461
1456 1458 1462
1462 1461 1463
1456 1462 1464
1455 1456 1464
1455 1464 1465
1466 1455 1465
1466 1457 1455
1466 1467 1457
1451 1457 1467
1466 1468 1467
1451 1467 1469
1451 1469 1449
1468 1470 1467
1469 1467 1470
1468 1471 1470
1469 1470 1472
1449 1469 1472
1449 1472 1473
1474 1475 1476
1474 1476 1477
1476 1478 1477
1479 1480 1481
1479 1481 1482
1482 1481 1483
1482 1483 1484
1484 1483 1485
1484 1485 1486
1486 1485 1487
1486 1487 1488
1488 1487 1489
1488 1489 1490
1490 1489 1491
1490 1491 1492
1492 1491 1493
1492 1493 1494
1494 1493 1495
1494 1495 1496
1496 1495 1497
1496 1497 1498
1499 1500 1501
1499 1501 1502
1502 1501 1503
1502 1503 1504
1503 1505 1504
1503 1506 1505
1505 1506 1507
1505 1507 1508
1508 1507 1509
1508 1509 1510
1510 1509 1511
1510 1511 1512
1513 1514 1515
1513 1516 1514
1517 1516 1513
1517 1518 1516
1519 1518 1517
1519 1520 1518
1521 1520 1519
1521 1522 1520
1523 1522 1521
1523 1524 1522
1525 1524 1523
1525 1526 1524
1527 1526 1525
1527 1528 1526
1529 1528 1527
1529 1530 1528
1531 1532 1533
1531 1533 1534
1535 1531 1534
1534 1533 1536
1535 1534 1537
1538 1535 1537
1538 1537 1539
1534 1536 1540
1537 1534 1540
1539 1537 1541
1537 1540 1541
1539 1541 1542
1543 1542 1541
1544 1540 1536
1544 1536 1545
1544 1545 1546
1547 1541 1540
1543 1541 1547
1547 1540 1544
1544 1546 1548
1547 1544 1548
1548 1546 1549
1543 1547 1550
1547 1548 1550
1543 1550 1551
1550 1552 1551
1548 1549 1553
1550 1548 1553
1553 1549 1554
1550 1555 1552
1550 1553 1555
1556 1552 1555
1553 1556 1555
1556 1557 1552
1558 1557 1556
1553 1554 1559
1553 1559 1556
1558 1556 1560
1560 1556 1559
1560 1561 1558
1562 1559 1554
1560 1559 1562
1562 1554 1563
1562 1563 1564
1562 1564 1565
1560 1562 1565
1566 1565 1564
1560 1567 1561
1560 1565 1567
1567 1568 1561
1567 1569 1568
1565 1569 1567
1570 1568 1569
1566 1571 1565
1565 1571 1569
1570 1569 1572
1572 1569 1571
1573 1570 1572
1574 1571 1566
1572 1571 1574
1574 1566 1575
1573 1572 1576
1576 1572 1574
1577 1574 1575
1576 1574 1577
1577 1575 1578
1579 1577 1578
1579 1580 1577
1580 1576 1577
1580 1581 1576
1581 1573 1576
1581 1582 1573
1583 1584 1585
1583 1586 1584
1586 1583 1587
1588 1584 1586
1586 1587 1589
1586 1589 1590
1589 1587 1591
1589 1591 1592
1590 1589 1592
1590 1592 1593
1590 1593 1594
1588 1586 1595
1586 1590 1595
1595 1596 1588
1595 1597 1596
1590 1597 1595
1597 1598 1596
1597 1599 1598
1597 1600 1599
1590 1594 1601
1590 1601 1597
1597 1601 1600
1602 1601 1594
1602 1600 1601
1603 1604 1605
1605 1604 1606
1604 1607 1606
1604 1608 1607
1604 1609 1608
1609 1610 1608
1609 1611 1610
1610 1611 1612
1607 1613 1606
1614 1607 1608
1607 1614 1613
1608 1610 1615
1614 1608 1616
1608 1615 1616
1617 1614 1616
1614 1617 1618
1614 1618 1613
1617 1616 1619
1620 1619 1616
1615 1620 1616
1620 1621 1619
1621 1620 1622
1622 1620 1615
1621 1622 1623
1624 1615 1610
1622 1615 1624
1625 1623 1622
1624 1625 1622
1625 1626 1623
1627 1613 1618
1627 1618 1628
1629 1627 1628
1630 1626 1625
1630 1631 1626
1632 1631 1630
1632 1633 1631
1634 1633 1632
1635 1613 1627
1635 1606 1613
1629 1636 1627
1627 1636 1635
1637 1630 1625
1624 1637 1625
1634 1632 1638
1639 1634 1638
1640 1636 1629
1640 1629 1641
1642 1640 1641
1642 1643 1640
1643 1644 1640
1636 1640 1644
1643 1645 1644
1646 1644 1645
1636 1644 1647
1635 1636 1647
1646 1648 1644
1647 1644 1648
1649 1648 1646
1649 1650 1648
1651 1648 1650
1647 1648 1651
1651 1650 1652
1635 1647 1653
1653 1647 1651
1606 1635 1653
1653 1651 1654
1654 1651 1655
1654 1655 1656
1657 1654 1656
1657 1658 1654
1658 1653 1654
1659 1658 1657
1606 1653 1660
1658 1660 1653
1605 1606 1660
1661 1660 1658
1659 1661 1658
1661 1605 1660
1659 1662 1661
1605 1661 1662
1663 1605 1662
1659 1664 1662
1665 1662 1664
1666 1662 1665
1665 1664 1667
1666 1665 1668
1669 1665 1667
1668 1665 1669
1669 1667 1670
1671 1669 1670
1668 1669 1612
1671 1672 1669
1672 1612 1669
1673 1672 1671
1673 1674 1672
1675 1674 1673
1675 1673 1676
1675 1676 1677
1674 1678 1672
1672 1678 1612
1675 1679 1674
1674 1679 1678
1678 1679 1680
1675 1680 1679
1612 1678 1681
1678 1680 1681
1675 1677 1682
1682 1677 1683
1612 1681 1684
1610 1612 1684
1624 1610 1684
1681 1624 1684
1681 1637 1624
1680 1637 1681
1680 1685 1637
1675 1685 1680
1637 1685 1630
1685 1632 1630
1675 1686 1685
1685 1686 1632
1686 1675 1682
1632 1686 1687
1686 1682 1687
1632 1687 1638
1682 1688 1687
1638 1687 1688
1682 1689 1688
1682 1683 1689
1683 1690 1689
1690 1688 1689
1683 1691 1690
1692 1690 1691
1638 1688 1693
1639 1638 1693
1694 1639 1693
1690 1695 1688
1693 1688 1695
1692 1696 1690
1696 1695 1690
1694 1693 1697
1693 1695 1697
1692 1698 1696
1692 1699 1698
1698 1699 1700
1696 1701 1695
1701 1697 1695
1698 1701 1696
1702 1694 1697
1701 1702 1697
1702 1703 1694
1704 1703 1702
1701 1704 1702
1704 1705 1703
1698 1706 1701
1701 1706 1704
1698 1700 1707
1706 1698 1707
1705 1704 1708
1705 1708 1709
1710 1709 1708
1710 1708 1711
1704 1706 1712
1704 1712 1708
1712 1711 1708
1706 1707 1712
1712 1713 1711
1707 1713 1712
1707 1714 1713
1700 1714 1707
1700 1715 1714
1716 1717 1718
1716 1718 1719
1720 1716 1719
1720 1719 1721
1722 1720 1721
1722 1721 1723
1724 1722 1723
1724 1723 1725
1726 1724 1725
1726 1725 1727
1728 1729 1730
1728 1730 1731
1732 1728 1731
1732 1731 1733
1734 1732 1733
1734 1733 1735
1736 1734 1735
1736 1735 1737
1738 1739 1740
1738 1740 1741
1742 1738 1741
1742 1741 1743
1744 1742 1743
1744 1743 1745
1746 1747 1748
1746 1749 1747
1749 1750 1747
1749 1751 1750
1751 1752 1750
1751 1753 1752
1753 1754 1752
1753 1755 1754
1755 1756 1754
1755 1757 1756
1757 1758 1756
1757 1759 1758
1759 1760 1758
1759 1761 1760
1761 1762 1760
1761 1763 1762
1763 1764 1762
1763 1765 1764
1766 1767 1768
1766 1768 1769
1770 1766 1769
1770 1769 1771
1772 1773 1774
1772 1774 1775
1776 1772 1775
1776 1775 1777
1778 1776 1777
1778 1777 1779
1780 1778 1779
1780 1779 1781
1782 1780 1781
1782 1781 1783
1784 1785 1786
1784 1786 1787
1788 1789 1790
1788 1791 1789
1791 1792 1789
1791 1793 1792
1793 1794 1792
1793 1795 1794
1795 1796 1794
1795 1797 1796
1797 1798 1796
1797 1799 1798
1799 1800 1798
1799 1801 1800
1801 1802 1800
1801 1803 1802
1803 1804 1802
1803 1805 1804
1805 1806 1804
1805 1807 1806
1808 1809 1810
1808 1810 1811
1812 1808 1811
1812 1811 1813
1814 1815 1816
1814 1816 1817
1818 1814 1817
1818 1817 1819
1820 1818 1819
1820 1819 1821
1822 1823 1824
1822 1825 1823
1825 1826 1823
1825 1827 1826
1827 1828 1826
1827 1829 1828
1830 1831 1832
1830 1833 1831
1834 1833 1830
1834 1835 1833
1836 1835 1834
1836 1837 1835
1838 1837 1836
1838 1839 1837
1840 1839 1838
1840 1841 1839
1842 1843 1844
1842 1845 1843
1846 1845 1842
1846 1847 1845
1848 1847 1846
1848 1849 1847
1850 1849 1848
1850 1851 1849
1852 1853 1854
1852 1855 1853
1856 1855 1852
1856 1857 1855
1858 1857 1856
1858 1859 1857
1860 1861 1862
1860 1862 1863
1863 1862 1864
1863 1864 1865
1865 1864 1866
1865 1866 1867
1867 1866 1868
1867 1868 1869
1869 1868 1870
1869 1870 1871
1871 1870 1872
1871 1872 1873
1873 1872 1874
1873 1874 1875
1875 1874 1876
1875 1876 1877
1877 1876 1878
1877 1878 1879
1880 1881 1882
1880 1883 1881
1884 1883 1880
1884 1885 1883
1886 1887 1888
1886 1889 1887
1890 1889 1886
1890 1891 1889
1892 1891 1890
1892 1893 1891
1894 1893 1892
1894 1895 1893
1896 1895 1894
1896 1897 1895
1898 1899 1900
1898 1900 1901
1902 1903 1904
1902 1905 1903
1906 1905 1902
1906 1907 1905
1908 1909 1910
1908 1911 1909
1912 1911 1908
1912 1913 1911
1914 1913 1912
1914 1915 1913
1916 1917 1918
1916 1918 1919
1919 1918 1920
1919 1920 1921
1921 1920 1922
1921 1922 1923
1924 1925 1926
1924 1926 1927
1924 1927 1928
1924 1928 1929
1926 1930 1927
1926 1931 1930
1932 1930 1931
1929 1928 1933
1929 1933 1934
1933 1935 1934
1933 1936 1935
1927 1937 1928
1927 1930 1937
1933 1928 1937
1932 1938 1930
1937 1930 1938
1938 1932 1939
1940 1936 1933
1933 1937 1940
1940 1941 1936
1940 1937 1942
1937 1938 1942
1943 1941 1940
1940 1942 1943
1943 1944 1941
1938 1939 1945
1946 1945 1939
1938 1947 1942
1943 1942 1947
1938 1945 1947
1948 1944 1943
1943 1947 1948
1947 1945 1949
1946 1949 1945
1948 1947 1950
1947 1949 1950
1948 1950 1951
1948 1952 1944
1951 1952 1948
1949 1953 1950
1951 1950 1953
1954 1949 1946
1949 1955 1953
1954 1955 1949
1944 1952 1956
1944 1956 1957
1958 1944 1957
1958 1957 1959
1960 1958 1959
1960 1959 1961
1962 1960 1961
1962 1961 1963
1961 1964 1963
1961 1965 1964
1959 1965 1961
1959 1966 1965
1957 1966 1959
1957 1967 1966
1956 1967 1957
1956 1968 1967
1969 1968 1956
1952 1969 1956
1969 1970 1968
1971 1970 1969
1971 1972 1970
1973 1972 1971
1952 1974 1969
1974 1971 1969
1951 1974 1952
1975 1974 1951
1974 1975 1971
1971 1975 1976
1973 1971 1977
1971 1976 1977
1978 1973 1977
1975 1951 1979
1976 1975 1979
1951 1953 1979
1978 1977 1980
1976 1980 1977
1978 1980 1981
1980 1982 1981
1980 1983 1982
1976 1983 1980
1984 1982 1983
1984 1983 1985
1976 1985 1983
1985 1986 1984
1976 1979 1987
1976 1987 1985
1985 1988 1986
1987 1988 1985
1988 1989 1986
1979 1990 1987
1979 1953 1990
1987 1990 1988
1988 1991 1989
1990 1991 1988
1953 1992 1990
1990 1992 1991
1953 1955 1992
1992 1955 1993
1991 1992 1993
1955 1954 1993
1989 1991 1994
1991 1993 1994
1989 1994 1995
1996 1995 1994
1996 1997 1995
1996 1998 1997
1994 1993 1999
1994 1999 1996
2000 1993 1954
2000 1999 1993
2001 2000 1954
2001 1954 1946
2002 2001 1946
2002 1946 2003
2000 2001 2004
2004 2001 2002
1999 2000 2005
2000 2004 2005
1996 1999 2006
1999 2005 2006
1996 2007 1998
1996 2006 2007
1998 2007 2008
1998 2008 2009
2010 2007 2006
2010 2008 2007
2011 2009 2008
2011 2012 2009
2013 2011 2008
2013 2008 2010
2014 2013 2010
2006 2015 2010
2014 2010 2015
2006 2005 2015
2016 2014 2015
2017 2015 2005
2016 2015 2017
2018 2016 2017
2017 2005 2004
2018 2017 2019
2004 2019 2017
2020 2018 2019
2004 2021 2019
2004 2002 2021
2020 2019 2022
2022 2019 2021
2023 2020 2022
2024 2021 2002
2022 2021 2024
2023 2022 2025
2024 2025 2022
2026 2023 2025
2024 2002 2027
2027 2002 2003
2027 2003 2028
2029 2027 2028
2024 2027 2030
2029 2030 2027
2026 2025 2031
2031 2032 2026
2024 2033 2025
2024 2030 2033
2025 2033 2034
2034 2033 2030
2025 2034 2031
2035 2030 2029
2034 2030 2035
2035 2029 2036
2035 2036 2037
2035 2037 2038
2039 2034 2035
2039 2035 2038
2039 2031 2034
2040 2039 2038
2041 2039 2040
2039 2042 2031
2041 2042 2039
2031 2042 2032
2032 2042 2041
2032 2041 2043
2041 2044 2043
2045 2046 2047
2048 2046 2045
2048 2049 2046
2045 2050 2048
2045 2051 2050
2050 2051 2052
2050 2052 2053
2054 2053 2052
2054 2055 2053
2056 2055 2054
2056 2057 2055
2057 2056 2058
2057 2058 2059
2060 2059 2058
2060 2061 2059
2062 2061 2060
2062 2060 2063
2064 2062 2063
2064 2063 2065
2065 2066 2064
2065 2067 2066
2067 2012 2066
2068 2069 2070
2068 2071 2069
2068 2072 2071
2068 2073 2072
2072 2073 2074
2069 2071 2075
2071 2072 2076
2071 2076 2075
2069 2075 2077
2078 2069 2077
2079 2078 2077
2080 2077 2075
2079 2077 2080
2076 2081 2075
2080 2075 2081
2082 2079 2080
2082 2083 2079
2079 2083 2084
2085 2082 2080
2085 2080 2081
2081 2086 2085
2081 2087 2086
2076 2087 2081
2088 2086 2087
2088 2087 2076
2088 2089 2086
2090 2089 2088
2088 2076 2091
2072 2091 2076
2090 2088 2092
2091 2092 2088
2093 2090 2092
2093 2094 2090
2095 2094 2093
2072 2096 2091
2072 2074 2096
2097 2096 2074
2097 2091 2096
2097 2074 2098
2091 2099 2092
2097 2099 2091
2093 2092 2099
2100 2097 2098
2100 2099 2097
2100 2098 2101
2095 2093 2102
2103 2095 2102
2093 2099 2104
2100 2104 2099
2104 2102 2093
2103 2102 2105
2106 2103 2105
2104 2107 2102
2107 2104 2100
2105 2102 2107
2107 2100 2108
2101 2108 2100
2105 2107 2109
2109 2107 2108
2106 2105 2110
2109 2110 2105
2111 2106 2110
2111 2112 2106
2111 2110 2113
2109 2113 2110
2111 2113 2114
2113 2115 2114
2109 2108 2116
2113 2109 2116
2113 2117 2115
2113 2116 2117
2118 2115 2117
2101 2119 2108
2116 2108 2119
2120 2119 2101
2120 2101 2121
2117 2116 2122
2116 2119 2122
2118 2117 2123
2117 2122 2123
2119 2124 2122
2120 2124 2119
2125 2124 2120
2124 2126 2122
2123 2122 2126
2126 2124 2125
2118 2123 2127
2123 2126 2127
2118 2127 2128
2127 2126 2129
2126 2125 2129
2130 2128 2127
2127 2129 2130
2130 2131 2128
2130 2132 2131
2130 2133 2132
2129 2133 2130
2133 2134 2132
2129 2135 2133
2125 2135 2129
2133 2136 2134
2135 2136 2133
2136 2137 2134
2134 2137 2138
2137 2139 2138
2135 2140 2136
2140 2137 2136
2141 2139 2137
2140 2141 2137
2141 2142 2139
2143 2142 2141
2140 2143 2141
2143 2144 2142
2145 2140 2135
2125 2145 2135
2140 2146 2143
2145 2146 2140
2144 2143 2147
2146 2147 2143
2144 2147 2148
2149 2146 2145
2146 2149 2147
2150 2145 2125
2149 2145 2150
2151 2148 2147
2151 2152 2148
2147 2149 2153
2147 2153 2151
2154 2152 2151
2153 2154 2151
2154 2155 2152
2156 2153 2149
2156 2149 2150
2157 2156 2150
2150 2125 2158
2157 2150 2158
2125 2120 2158
2120 2157 2158
2159 2153 2156
2153 2159 2154
2160 2155 2154
2160 2161 2155
2162 2161 2160
2159 2156 2163
2163 2156 2157
2164 2154 2159
2164 2160 2154
2165 2159 2163
2162 2160 2166
2166 2160 2164
2162 2166 2167
2166 2164 2168
2166 2169 2167
2169 2166 2168
2169 2168 2170
2165 2163 2171
2163 2157 2172
2171 2163 2172
2165 2171 2173
2165 2173 2174
2171 2172 2175
2173 2171 2175
2174 2173 2176
2174 2176 2177
2176 2173 2178
2173 2175 2178
2176 2178 2179
2178 2180 2179
2178 2181 2180
2175 2181 2178
2182 2180 2181
2182 2181 2183
2181 2184 2183
2175 2185 2181
2181 2185 2184
2185 2175 2172
2185 2186 2184
2185 2172 2187
2185 2187 2186
2187 2172 2157
2187 2121 2186
2187 2157 2188
2187 2188 2121
2120 2188 2157
2120 2121 2188
2189 2190 2191
2192 2189 2191
2192 2191 2193
2189 2192 2194
2189 2194 2195
2195 2194 2196
2195 2196 2197
2198 2197 2196
2198 2199 2197
2200 2199 2198
2200 2201 2199
2201 2200 2202
2201 2202 2203
2204 2203 2202
2204 2205 2203
2206 2205 2204
2206 2204 2207
2208 2206 2207
2208 2207 2209
2210 2208 2209
2210 2209 2211
2112 2210 2211
2212 2213 2214
2212 2215 2213
2213 2215 2216
2213 2216 2217
2213 2217 2218
2218 2217 2219
2218 2219 2220
2218 2220 2221
2220 2222 2221
2221 2222 2223
2223 2224 2221
2223 2225 2224
2225 2226 2224
2227 2224 2226
2227 2228 2224
2227 2229 2230
2227 2231 2229
2229 2231 2232
2233 2229 2232
2233 2234 2229
2235 2234 2233
2234 2235 2236
2234 2236 2237
2236 2238 2237
2239 2237 2238
2237 2239 2240
2237 2240 2241
2240 2242 2241
2243 2241 2242
2243 2244 2241
2245 2246 2247
2245 2248 2246
2249 2248 2245
2249 2245 2250
2251 2249 2250
2251 2250 2252
2253 2251 2252
2253 2252 2254
2254 2255 2253
2254 2256 2255
2255 2257 2253
2258 2259 2260
2258 2261 2259
2261 2262 2259
2261 2263 2262
2264 2262 2263
2264 2263 2265
2266 2264 2265
2266 2265 2267
2267 2268 2266
2267 2269 2268
2270 2271 2272
2270 2273 2271
2273 2274 2271
2273 2275 2274
2276 2274 2275
2276 2277 2274
2276 2278 2277
2276 2279 2278
2276 2280 2279
2280 2281 2279
2280 2282 2281
2283 2284 2285
2283 2285 2286
2286 2285 2287
2286 2287 2288
2289 2288 2287
2289 2287 2290
2291 2289 2290
2291 2292 2289
2293 2292 2291
2293 2291 2294
2295 2296 2297
2295 2298 2296
2296 2298 2299
2296 2299 2300
2301 2300 2299
2302 2301 2299
2303 2302 2299
2298 2295 2304
2305 2303 2299
2298 2304 2306
2299 2298 2306
2306 2304 2307
2305 2299 2308
2299 2306 2308
2306 2307 2309
2308 2306 2309
2305 2308 2310
2308 2309 2310
2305 2310 2311
2312 2311 2310
2307 2313 2309
2313 2310 2309
2307 2314 2313
2315 2313 2314
2315 2316 2313
2312 2310 2317
2313 2317 2310
2316 2317 2313
2318 2312 2317
2316 2319 2317
2318 2317 2319
2320 2321 2322
2320 2323 2321
2320 2324 2323
2320 2325 2324
2324 2325 2326
2324 2326 2327
2328 2324 2327
2328 2329 2324
2323 2324 2329
2330 2329 2328
2321 2323 2331
2323 2329 2331
2321 2331 2332
2332 2331 2333
2331 2329 2333
2332 2333 2334
2330 2335 2329
2329 2335 2333
2336 2335 2330
2336 2337 2335
2337 2333 2335
2338 2337 2336
2338 2339 2337
2340 2334 2333
2337 2340 2333
2339 2340 2337
2340 2341 2334
2339 2342 2340
2342 2341 2340
2343 2344 2345
2343 2345 2346
2347 2343 2346
2346 2345 2348
2347 2346 2349
2350 2347 2349
2350 2349 2351
2352 2351 2349
2346 2348 2353
2349 2346 2353
2352 2349 2354
2349 2353 2354
2355 2352 2354
2348 2356 2353
2354 2353 2356
2348 2357 2356
2356 2357 2358
2355 2354 2359
2354 2356 2359
2360 2355 2359
2356 2358 2361
2359 2356 2361
2361 2358 2362
2360 2359 2363
2359 2361 2363
2363 2361 2362
2364 2360 2363
2363 2362 2365
2364 2363 2365
2366 2367 2368
2369 2366 2368
2369 2368 2370
2371 2369 2370
2371 2372 2369
2373 2372 2371
2373 2374 2372
2375 2374 2373
2376 2375 2373
2376 2373 2377
2377 2373 2371
2378 2377 2371
2379 2378 2371
2379 2371 2380
2381 2379 2380
2375 2376 2382
2375 2382 2383
2384 2383 2382
2384 2382 2385
2384 2385 2386
2387 2388 2389
2387 2389 2390
2387 2390 2391
2391 2390 2392
2391 2392 2393
2394 2393 2392
2394 2395 2393
2395 2394 2396
2397 2395 2396
2397 2396 2398
2397 2399 2395
2395 2399 2393
2397 2398 2400
2399 2401 2393
2402 2400 2398
2402 2403 2400
2403 2402 2404
2401 2405 2393
2401 2406 2405
2407 2405 2406
2408 2409 2410
2408 2411 2409
2411 2408 2412
2411 2412 2413
2414 2413 2412
2414 2415 2413
2414 2416 2415
2414 2417 2416
2416 2417 2418
2416 2418 2419
2418 2420 2419
2418 2421 2420
2421 2422 2420
2421 2423 2422
2422 2423 2424
2422 2424 2425
2426 2427 2428
2426 2429 2427
2430 2427 2429
2430 2429 2431
2432 2430 2431
2432 2433 2430
2434 2433 2432
2434 2435 2433
2435 2434 2436
2435 2436 2437
2438 2437 2436
2438 2439 2437
2440 2439 2438
2440 2441 2439
2441 2440 2442
2441 2442 2443
2444 2445 2446
2444 2446 2447
2444 2447 2448
2448 2447 2449
2448 2449 2450
2448 2450 2451
2444 2448 2452
2448 2451 2452
2444 2452 2453
2452 2451 2454
2453 2452 2455
2452 2454 2455
2453 2455 2456
2457 2455 2454
2455 2458 2456
2457 2459 2455
2455 2459 2458
2460 2459 2457
2459 2461 2458
2460 2462 2459
2459 2462 2461
2463 2464 2465
2463 2465 2466
2466 2465 2467
2463 2466 2468
2463 2468 2469
2466 2467 2470
2471 2470 2467
2471 2472 2470
2473 2470 2472
2474 2466 2470
2473 2474 2470
2474 2468 2466
2475 2474 2473
2475 2476 2474
2468 2474 2476
2477 2476 2475
2469 2468 2478
2468 2476 2478
2479 2469 2478
2479 2478 2480
2480 2478 2476
2480 2481 2479
2480 2482 2481
2483 2482 2480
2477 2484 2476
2480 2476 2484
2483 2480 2484
2484 2477 2485
2484 2485 2483
2486 2487 2488
2486 2488 2489
2490 2486 2489
2490 2491 2486
2492 2491 2490
2492 2493 2491
2493 2492 2494
2493 2494 2495
2496 2495 2494
2496 2497 2495
2498 2499 2500
2498 2501 2499
2501 2502 2499
2498 2503 2501
2498 2504 2503
2501 2505 2502
2506 2502 2505
2506 2505 2507
2508 2507 2505
2509 2505 2501
2508 2505 2509
2509 2501 2503
2510 2508 2509
2510 2509 2511
2511 2509 2503
2512 2510 2511
2504 2513 2503
2511 2503 2513
2514 2513 2504
2514 2515 2513
2511 2513 2515
2515 2514 2516
2515 2516 2517
2518 2515 2517
2512 2511 2519
2511 2515 2519
2518 2519 2515
2519 2520 2512
2519 2518 2520
2521 2522 2523
2521 2524 2522
2525 2524 2521
2525 2521 2526
2527 2525 2526
2527 2526 2528
2528 2529 2527
2528 2530 2529
2531 2529 2530
2531 2530 2532
2533 2534 2535
2533 2535 2536
2535 2537 2536
2535 2538 2537
2539 2537 2538
2540 2539 2538
2539 2541 2537
2542 2539 2540
2543 2541 2539
2542 2544 2539
2544 2543 2539
2545 2546 2547
2545 2548 2546
2546 2548 2549
2546 2549 2550
2550 2549 2551
2552 2550 2551
2549 2553 2551
2554 2552 2551
2555 2551 2553
2554 2551 2556
2551 2555 2556
2557 2558 2559
2557 2560 2558
2560 2557 2561
2557 2562 2561
2560 2563 2558
2563 2564 2558
2562 2565 2561
2562 2566 2565
2561 2565 2567
2568 2560 2561
2560 2569 2563
2561 2567 2570
2568 2561 2571
2572 2570 2567
2571 2573 2568
2571 2574 2573
2575 2570 2572
2575 2572 2576
2577 2573 2574
2577 2574 2578
2579 2577 2578
2579 2580 2577
2581 2580 2579
2582 2575 2576
2582 2583 2575
2582 2584 2583
2584 2582 2585
2586 2584 2585
2586 2587 2584
2587 2586 2588
2586 2589 2588
2589 2586 2590
2589 2590 2591
2592 2591 2590
2592 2593 2591
2593 2592 2594
2593 2594 2595
2594 2596 2595
2594 2597 2596
2598 2596 2597
2598 2597 2599
2597 2600 2599
2599 2600 2601
2599 2601 2602
2602 2601 2603
2603 2601 2604
2605 2606 2607
2606 2605 2608
2606 2608 2609
2608 2605 2610
2608 2611 2609
2608 2610 2612
2612 2610 2613
2608 2614 2611
2612 2614 2608
2611 2614 2615
2611 2615 2616
2615 2614 2617
2612 2617 2614
2618 2617 2612
2615 2617 2619
2619 2617 2618
2619 2618 2620
2618 2621 2620
2612 2613 2622
2618 2612 2622
2618 2623 2621
2624 2618 2622
2624 2623 2618
2625 2622 2613
2625 2624 2622
2621 2623 2626
2621 2626 2627
2628 2623 2624
2624 2625 2628
2629 2625 2613
2629 2613 2630
2631 2627 2626
2631 2632 2627
2633 2632 2631
2623 2634 2626
2628 2634 2623
2635 2626 2634
2635 2631 2626
2633 2631 2636
2637 2633 2636
2638 2634 2628
2635 2634 2638
2631 2635 2639
2631 2639 2636
2637 2636 2640
2641 2637 2640
2642 2635 2638
2642 2639 2635
2636 2639 2643
2636 2643 2640
2641 2640 2644
2645 2641 2644
2646 2639 2642
2646 2643 2639
2640 2643 2647
2640 2647 2644
2645 2644 2648
2648 2649 2645
2650 2647 2643
2650 2643 2646
2644 2647 2651
2644 2651 2648
2651 2647 2650
2648 2652 2649
2651 2652 2648
2653 2649 2652
2653 2652 2654
2654 2655 2653
2651 2656 2652
2652 2656 2654
2651 2650 2657
2657 2656 2651
2654 2658 2655
2658 2659 2655
2658 2660 2659
2661 2659 2660
2662 2657 2650
2663 2656 2657
2662 2663 2657
2664 2654 2656
2664 2656 2663
2665 2658 2654
2665 2654 2664
2666 2658 2665
2666 2660 2658
2667 2665 2664
2666 2665 2667
2668 2664 2663
2667 2664 2668
2662 2650 2669
2669 2650 2646
2670 2663 2662
2668 2663 2670
2669 2646 2671
2671 2646 2642
2671 2642 2672
2672 2642 2638
2672 2638 2673
2673 2638 2628
2673 2628 2674
2672 2673 2674
2628 2625 2674
2675 2671 2672
2672 2674 2675
2669 2671 2676
2675 2676 2671
2662 2669 2677
2669 2676 2677
2670 2662 2678
2662 2677 2678
2625 2679 2674
2625 2629 2679
2629 2680 2679
2629 2681 2680
2681 2629 2630
2682 2675 2674
2682 2674 2679
2676 2675 2682
2682 2679 2680
2683 2677 2676
2683 2678 2677
2678 2684 2670
2684 2668 2670
2676 2682 2685
2683 2676 2685
2682 2680 2686
2685 2682 2686
2678 2687 2684
2683 2687 2678
2685 2688 2683
2689 2687 2683
2689 2683 2688
2685 2686 2690
2685 2690 2688
2691 2684 2687
2691 2687 2689
2684 2692 2668
2693 2684 2691
2693 2692 2684
2694 2668 2692
2694 2667 2668
2692 2695 2694
2695 2692 2693
2696 2667 2694
2696 2694 2697
2666 2667 2696
2698 2696 2697
2698 2697 2699
2700 2698 2699
2700 2701 2698
2702 2698 2701
2696 2703 2666
2696 2698 2703
2702 2703 2698
2703 2660 2666
2702 2704 2703
2703 2704 2660
2702 2705 2704
2661 2660 2704
2661 2704 2705
2661 2705 2706
2707 2708 2709
2707 2709 2710
2707 2710 2711
2707 2711 2712
2713 2712 2711
2713 2714 2712
2713 2711 2715
2715 2711 2710
2716 2713 2715
2709 2717 2710
2715 2710 2717
2715 2718 2716
2719 2716 2718
2719 2718 2720
2721 2719 2720
2709 2722 2717
2722 2709 2723
2724 2715 2717
2722 2724 2717
2724 2725 2715
2726 2722 2723
2726 2723 2727
2728 2726 2727
2728 2729 2726
2722 2730 2724
2730 2722 2726
2731 2725 2724
2731 2720 2725
2730 2731 2724
2732 2720 2731
2733 2726 2729
2730 2726 2733
2733 2729 2734
2735 2733 2734
2730 2736 2731
2733 2736 2730
2732 2731 2736
2735 2737 2733
2733 2737 2736
2735 2738 2737
2736 2737 2738
2735 2739 2738
2732 2740 2720
2741 2740 2732
2721 2720 2740
2741 2721 2740
2741 2742 2721
2732 2736 2743
2736 2738 2743
2732 2743 2744
2738 2744 2743
2745 2738 2739
2738 2745 2744
2741 2732 2746
2732 2744 2746
2744 2747 2746
2747 2741 2746
2742 2741 2748
2749 2742 2748
2745 2739 2750
2750 2751 2745
2744 2745 2752
2745 2751 2752
2744 2752 2747
2753 2752 2751
2753 2754 2752
2755 2754 2753
2747 2756 2741
2741 2756 2748
2757 2756 2747
2757 2748 2756
2752 2758 2747
2752 2754 2758
2757 2747 2758
2759 2758 2754
2757 2758 2759
2755 2760 2754
2759 2754 2760
2755 2761 2760
2755 2762 2761
2761 2762 2763
2760 2764 2759
2760 2761 2764
2757 2765 2748
2757 2766 2765
2765 2749 2748
2757 2759 2767
2764 2767 2759
2757 2767 2766
2765 2768 2749
2766 2768 2765
2769 2749 2768
2764 2770 2767
2770 2766 2767
2771 2764 2761
2764 2771 2770
2761 2763 2772
2771 2761 2772
2773 2772 2763
2773 2763 2774
2770 2775 2766
2771 2775 2770
2776 2771 2772
2776 2772 2773
2773 2774 2777
2774 2778 2777
2778 2779 2777
2773 2777 2779
2778 2780 2779
2781 2773 2779
2781 2776 2773
2780 2782 2779
2781 2779 2782
2780 2783 2782
2783 2784 2782
2783 2785 2784
2785 2786 2784
2787 2782 2784
2787 2781 2782
2786 2787 2784
2788 2781 2787
2788 2776 2781
2787 2786 2789
2788 2787 2789
2790 2788 2789
2789 2786 2791
2790 2789 2791
2786 2792 2791
2790 2791 2793
2790 2793 2794
2788 2795 2776
2790 2796 2788
2796 2795 2788
2797 2776 2795
2797 2771 2776
2771 2797 2775
2796 2798 2795
2797 2795 2798
2790 2799 2796
2799 2798 2796
2790 2794 2800
2790 2800 2799
2801 2800 2794
2799 2800 2801
2801 2794 2802
2801 2802 2803
2804 2801 2803
2805 2775 2797
2798 2805 2797
2805 2806 2775
2766 2775 2806
2766 2806 2807
2766 2807 2768
2807 2806 2808
2808 2806 2805
2807 2809 2768
2807 2808 2809
2810 2768 2809
2769 2768 2810
2809 2808 2811
2810 2809 2811
2812 2810 2811
2813 2769 2810
2812 2813 2810
2813 2814 2769
2814 2813 2815
2815 2813 2812
2814 2815 2816
2815 2817 2816
2808 2818 2811
2818 2812 2811
2819 2808 2805
2818 2808 2819
2820 2819 2805
2798 2820 2805
2821 2820 2798
2799 2821 2798
2799 2822 2821
2799 2801 2822
2823 2820 2821
2823 2821 2822
2801 2824 2822
2804 2824 2801
2824 2825 2822
2825 2823 2822
2804 2826 2824
2824 2826 2825
2804 2827 2826
2828 2823 2825
2826 2828 2825
2829 2820 2823
2828 2829 2823
2830 2820 2829
2828 2830 2829
2820 2830 2819
2827 2831 2826
2828 2826 2831
2832 2831 2827
2832 2827 2833
2828 2831 2834
2828 2834 2830
2834 2831 2832
2830 2835 2819
2835 2818 2819
2833 2836 2832
2833 2837 2836
2838 2835 2830
2834 2838 2830
2839 2818 2835
2835 2838 2839
2834 2832 2840
2836 2840 2832
2841 2838 2834
2841 2834 2840
2839 2838 2841
2837 2842 2836
2837 2843 2842
2844 2836 2842
2836 2845 2840
2844 2845 2836
2845 2841 2840
2844 2846 2845
2846 2847 2845
2845 2847 2841
2846 2848 2847
2839 2841 2849
2849 2841 2847
2848 2850 2847
2849 2847 2850
2851 2850 2848
2852 2839 2849
2839 2852 2818
2818 2852 2812
2852 2849 2853
2850 2853 2849
2812 2852 2853
2851 2854 2850
2850 2854 2853
2812 2853 2855
2854 2855 2853
2812 2855 2815
2851 2856 2854
2854 2856 2855
2851 2857 2856
2858 2856 2857
2855 2859 2815
2815 2859 2817
2860 2855 2856
2860 2859 2855
2858 2860 2856
2859 2861 2817
2859 2860 2861
2861 2860 2858
2861 2862 2817
2861 2858 2863
2864 2863 2858
2864 2865 2863
2863 2865 2866
2861 2867 2862
2863 2867 2861
2862 2867 2868
2863 2869 2867
2868 2867 2869
2863 2866 2869
2868 2869 2870
2871 2868 2870
2869 2872 2870
2869 2866 2872
2871 2870 2872
2873 2872 2866
2866 2874 2873
2873 2874 2875
2872 2876 2871
2876 2877 2871
2872 2873 2878
2873 2875 2878
2872 2878 2876
2876 2879 2877
2878 2879 2876
2879 2880 2877
2881 2878 2875
2878 2881 2879
2881 2875 2882
2881 2882 2883
2881 2883 2884
2884 2879 2881
2885 2884 2883
2885 2886 2884
2884 2887 2879
2887 2884 2886
2879 2887 2880
2887 2886 2888
2880 2887 2888
2880 2888 2889
2890 2891 2892
2890 2892 2893
2893 2894 2890
2893 2892 2895
2893 2896 2894
2897 2894 2896
2893 2895 2898
2898 2896 2893
2898 2895 2899
2898 2899 2900
2900 2899 2901
2898 2902 2896
2900 2902 2898
2896 2902 2903
2897 2896 2904
2896 2903 2904
2897 2904 2905
2905 2904 2903
2897 2905 2906
2905 2907 2906
2900 2901 2908
2908 2901 2909
2900 2910 2902
2910 2903 2902
2908 2910 2900
2908 2909 2911
2911 2909 2912
2908 2913 2910
2911 2913 2908
2911 2912 2914
2914 2912 2915
2911 2916 2913
2914 2916 2911
2917 2910 2913
2916 2917 2913
2914 2915 2918
2918 2915 2919
2910 2920 2903
2917 2920 2910
2914 2921 2916
2921 2914 2918
2918 2919 2922
2922 2919 2923
2921 2918 2924
2922 2924 2918
2925 2916 2921
2924 2925 2921
2916 2926 2917
2925 2926 2916
2920 2917 2927
2927 2917 2926
2903 2920 2928
2920 2927 2928
2922 2923 2929
2929 2923 2930
2922 2931 2924
2929 2931 2922
2924 2932 2925
2931 2932 2924
2926 2925 2933
2933 2925 2932
2927 2926 2934
2926 2933 2934
2929 2930 2935
2935 2930 2936
2937 2928 2927
2934 2937 2927
2929 2938 2931
2938 2929 2935
2935 2936 2939
2939 2936 2940
2938 2935 2941
2939 2941 2935
2939 2940 2942
2942 2940 2943
2939 2944 2941
2944 2939 2942
2938 2941 2945
2945 2941 2944
2931 2938 2946
2938 2945 2946
2942 2943 2947
2947 2943 2948
2947 2948 2949
2947 2950 2942
2944 2942 2950
2951 2947 2949
2947 2951 2950
2951 2949 2952
2953 2951 2952
2954 2944 2950
2954 2950 2951
2953 2955 2951
2954 2951 2955
2955 2953 2956
2954 2957 2944
2945 2944 2957
2958 2954 2955
2957 2954 2958
2955 2956 2959
2958 2955 2959
2945 2957 2960
2957 2958 2960
2956 2961 2959
2956 2962 2961
2945 2960 2963
2946 2945 2963
2964 2960 2958
2964 2963 2960
2959 2965 2958
2959 2961 2965
2964 2958 2965
2962 2966 2961
2962 2967 2966
2961 2968 2965
2968 2964 2965
2961 2966 2968
2969 2966 2967
2969 2967 2970
2971 2968 2966
2971 2966 2969
2970 2972 2969
2970 2973 2972
2974 2971 2969
2974 2969 2972
2975 2972 2973
2975 2973 2976
2977 2974 2972
2977 2972 2975
2978 2971 2974
2978 2974 2977
2968 2971 2979
2978 2979 2971
2979 2978 2980
2968 2979 2981
2981 2979 2980
2968 2981 2964
2982 2975 2976
2982 2976 2983
2981 2984 2964
2964 2984 2963
2977 2985 2978
2978 2985 2980
2986 2977 2975
2986 2975 2982
2977 2987 2985
2977 2986 2987
2983 2988 2982
2983 2989 2988
2981 2990 2984
2981 2980 2990
2985 2991 2980
2991 2985 2987
2992 2980 2991
2990 2980 2993
2992 2993 2980
2994 2984 2990
2990 2993 2994
2993 2995 2994
2994 2996 2984
2995 2996 2994
2963 2984 2996
2991 2987 2997
2991 2997 2992
2989 2998 2988
2989 2999 2998
3000 2993 2992
2993 3000 2995
3001 2995 3000
2963 2996 3002
2946 2963 3002
3003 2946 3002
2931 2946 3003
2931 3003 2932
3003 3002 3004
2996 3004 3002
2932 3003 3004
2996 3005 3004
2995 3005 2996
2932 3004 3006
3005 3006 3004
2933 2932 3006
2995 3007 3005
3005 3007 3006
3008 2933 3006
3008 3006 3007
3008 2934 2933
2995 3009 3007
3009 3008 3007
3001 3009 2995
3008 3010 2934
2934 3010 2937
3009 3011 3008
3001 3011 3009
3011 3010 3008
3012 2937 3010
3011 3013 3010
3012 3010 3013
3012 3014 2937
2937 3014 2928
3011 3015 3013
3001 3016 3011
3011 3016 3015
3017 3012 3013
3017 3013 3015
3001 3018 3016
3018 3015 3016
3012 3019 3014
3012 3017 3020
3012 3020 3019
2928 3014 3021
3014 3019 3022
3014 3022 3021
3019 3020 3023
3019 3023 3022
2928 3021 3024
2903 2928 3024
2905 2903 3024
3024 3025 2905
3024 3021 3025
2905 3025 2907
3026 3025 3021
2907 3025 3026
3026 3021 3022
2907 3026 3027
3026 3028 3027
3029 3026 3022
3026 3029 3028
3029 3022 3023
3028 3029 3030
3030 3029 3023
3028 3030 3031
3030 3023 3032
3020 3032 3023
3031 3030 3033
3034 3031 3033
3020 3035 3032
3035 3020 3017
3036 3030 3032
3036 3033 3030
3032 3035 3037
3032 3037 3036
3035 3017 3038
3038 3037 3035
3015 3038 3017
3015 3039 3038
3018 3039 3015
3038 3039 3040
3018 3040 3039
3038 3041 3037
3038 3040 3041
3034 3033 3042
3033 3036 3043
3033 3043 3042
3044 3034 3042
3043 3044 3042
3044 3045 3034
3046 3045 3044
3036 3037 3047
3036 3047 3043
3037 3048 3047
3037 3041 3048
3049 3048 3041
3050 3043 3047
3048 3050 3047
3043 3051 3044
3050 3051 3043
3046 3044 3052
3051 3052 3044
3049 3041 3053
3041 3040 3053
3040 3054 3053
3049 3053 3054
3048 3055 3050
3055 3048 3049
3050 3056 3051
3051 3056 3052
3057 3046 3052
3057 3058 3046
3059 3058 3057
3060 3057 3052
3060 3052 3056
3059 3057 3061
3061 3057 3060
3061 3062 3059
3061 3063 3062
3050 3064 3056
3064 3050 3055
3065 3056 3064
3065 3060 3056
3066 3064 3055
3066 3065 3064
3060 3065 3067
3066 3067 3065
3061 3060 3068
3060 3067 3068
3069 3061 3068
3069 3063 3061
3069 3068 3067
3063 3069 3070
3063 3070 3071
2630 3071 3070
3069 3067 3072
3070 3069 3072
2630 3070 3073
3070 3072 3073
2681 2630 3073
3073 3074 2681
3073 3072 3074
2681 3074 2680
3075 3072 3067
3075 3074 3072
3075 2680 3074
3066 3075 3067
3075 3076 2680
3077 3075 3066
3077 3076 3075
3078 2680 3076
3078 2686 2680
3079 3077 3066
3079 3066 3055
3055 3049 3079
3080 3076 3077
3080 3077 3079
3080 3078 3076
3081 2686 3078
3081 2690 2686
3049 3082 3079
3080 3079 3082
3083 3078 3080
3083 3081 3078
3084 2690 3081
3084 2688 2690
3049 3085 3082
3049 3054 3085
3080 3082 3086
3082 3085 3086
3080 3086 3083
3085 3054 3086
3087 3084 3081
3087 3081 3083
3084 3088 2688
3087 3088 3084
3088 2689 2688
3089 3083 3086
3089 3087 3083
3054 3090 3086
3089 3086 3090
3088 3091 2689
3091 3088 3092
3091 2691 2689
3093 2691 3091
3092 3094 3091
3093 2693 2691
2693 3093 3095
3096 3094 3092
3087 3097 3088
3097 3087 3089
3097 3092 3088
2693 3095 3098
2695 2693 3098
3098 3095 3099
2695 3098 3099
3096 3092 3100
3101 3096 3100
3097 3089 3102
3102 3089 3103
3089 3090 3103
3097 3104 3092
3105 3097 3102
3105 3104 3097
3092 3104 3106
3092 3106 3100
3102 3103 3107
3107 3105 3102
3104 3105 3108
3104 3108 3106
3107 3109 3105
3108 3105 3109
3101 3100 3110
3100 3106 3111
3100 3111 3110
3112 3106 3108
3112 3111 3106
3113 3108 3109
3112 3108 3113
3107 2997 3109
2997 3113 3109
2997 3107 2992
2992 3107 3103
2997 2987 3113
3113 2987 2986
2992 3103 3114
3000 2992 3114
3001 3000 3114
3090 3114 3103
3113 2986 3115
3112 3113 3115
3115 2986 2982
3112 3115 2982
3112 2982 2988
2988 3111 3112
2988 2998 3111
3110 3111 2998
3001 3114 3116
3090 3116 3114
3001 3116 3018
3110 2998 3117
3117 3101 3110
3117 2998 2999
3117 3118 3101
3117 2999 3119
3120 3118 3117
3120 3117 3119
3121 3116 3090
3121 3018 3116
3054 3121 3090
3018 3121 3040
3040 3121 3054
3122 3123 3124
3122 3124 3125
3125 3124 3126
3124 3127 3126
3128 3126 3127
3129 3128 3127
3129 3130 3128
3126 3128 3131
3128 3132 3131
3128 3133 3132
3126 3131 3134
3135 3126 3134
3134 3136 3135
3134 3137 3136
3138 3139 3140
3138 3141 3139
3142 3139 3141
3142 3141 3143
3143 3144 3142
3143 3145 3144
3146 3144 3145
3146 3145 3147
3147 3148 3146
3147 3149 3148
3149 3150 3148
3149 3151 3150
3151 3152 3150
3151 3153 3152
3153 3154 3152
3155 3156 3157
3156 3158 3157
3156 3159 3158
3160 3161 3162
3160 3163 3161
3160 3164 3163
3160 3165 3164
3165 3166 3164
3165 3167 3166
3168 3167 3165
3165 3169 3168
3160 3170 3165
3171 3170 3160
3172 3170 3171
3173 3169 3165
3173 3165 3170
3172 3173 3170
3174 3169 3173
3175 3173 3172
3176 3174 3173
3175 3176 3173
3176 3175 2588
2587 2588 3177
2587 3177 3178
3179 2587 3178
3179 3178 3180
3179 3180 3181
3179 3181 3182
3183 3182 3181
3183 3184 3182
3185 3182 3184
3186 2587 3179
3186 3179 3182
3185 3187 3182
3186 3182 3187
3188 3187 3185
3186 3189 2587
3190 2587 3189
3187 3191 3186
3191 3189 3186
3188 3192 3187
3187 3192 3191
3190 3189 3193
3191 3193 3189
3194 3192 3188
3188 3195 3194
3196 3191 3192
3194 3196 3192
3190 3193 3197
3198 3190 3197
3199 3193 3191
3196 3199 3191
3200 3198 3197
3200 3201 3198
2569 3201 3200
3197 3193 3202
3202 3200 3197
3199 3202 3193
3203 2569 3200
3202 3203 3200
3202 3199 3204
3203 3202 3204
3203 3205 2569
2569 3205 2563
3205 3203 3206
3206 3203 3204
2563 3205 3207
3207 3205 3206
2563 3207 3208
2563 3208 2564
3208 3209 2564
3210 3207 3206
3208 3207 3210
3204 3199 3211
3212 3206 3204
3211 3212 3204
3210 3206 3213
3212 3213 3206
3208 3210 3214
3213 3214 3210
3215 3209 3208
3215 3208 3214
3214 3216 3215
3217 3209 3215
3216 3217 3215
3209 3217 3218
3213 3219 3214
3212 3219 3213
3211 3199 3220
3199 3196 3220
3211 3220 3221
3220 3222 3221
3220 3196 3222
3222 3196 3194
3223 3222 3194
3223 3194 3195
3195 3224 3223
3195 3225 3224
3225 3226 3224
3227 3224 3226
3223 3228 3222
3224 3228 3223
3228 3229 3222
3230 3211 3229
3228 3230 3229
3227 3231 3224
3232 3231 3227
3224 3233 3228
3224 3231 3233
3228 3233 3230
3234 3211 3230
3212 3211 3234
3232 3235 3231
3231 3235 3233
3236 3230 3233
3235 3236 3233
3236 3234 3230
3232 3237 3235
3237 3236 3235
3232 3238 3237
3239 3212 3234
3212 3239 3219
3240 3234 3236
3237 3240 3236
3238 3241 3237
3238 3242 3241
3241 3243 3237
3243 3240 3237
3243 3241 3244
3244 3241 3245
3246 3243 3244
3243 3246 3240
3247 3244 3245
3246 3244 3247
3247 3245 3248
3249 3247 3248
3246 3247 3249
3249 3248 3250
3251 3249 3250
3240 3252 3234
3239 3234 3252
3252 3253 3239
3254 3252 3240
3254 3240 3246
3252 3254 3253
3255 3254 3246
3249 3255 3246
3253 3254 3255
3251 3256 3249
3255 3249 3256
3251 3257 3256
3257 3255 3256
3257 3258 3255
3253 3255 3258
3257 3259 3258
3259 3260 3258
3253 3258 3260
3259 3261 3260
3262 3239 3253
3262 3219 3239
3263 3260 3261
3263 3261 3264
3263 3264 3265
3253 3260 3266
3266 3262 3253
3263 3266 3260
3267 3219 3262
3266 3267 3262
3267 3214 3219
3214 3267 3216
3266 3268 3267
3263 3268 3266
3216 3267 3268
3263 3265 3269
3268 3263 3269
3265 3270 3269
3265 3271 3270
3268 3269 3272
3216 3268 3272
3270 3272 3269
3216 3272 3273
3270 3273 3272
3274 3270 3271
3275 3274 3271
3274 3275 2739
3276 3270 3274
3276 3273 3270
3274 2739 3277
3277 3276 3274
3216 3273 3278
3216 3278 3217
3217 3278 3279
3273 3279 3278
3218 3217 3279
3280 3277 2739
3280 2739 3281
3276 3282 3273
3273 3282 3279
3283 3282 3276
3279 3282 3283
3284 3218 3279
3279 3283 3284
3284 3285 3218
3285 3284 3286
3283 3286 3284
3285 3286 3287
3287 3286 3288
3287 3288 3289
3290 3289 3288
3289 3290 3291
3283 3276 3292
3277 3292 3276
3293 3292 3277
3283 3292 3293
3293 3277 3280
3283 3294 3286
3283 3293 3294
3294 3295 3286
3296 3290 3295
3294 3297 3295
3297 3294 3293
3296 3295 3297
3297 3293 3298
3298 3293 3280
3298 3296 3297
3298 3280 3299
3281 3299 3280
3281 3300 3299
3299 3301 3298
3298 3301 3296
3300 3302 3299
3299 3302 3301
3300 3303 3302
3304 3302 3303
3304 3305 3302
3302 3305 3306
3302 3306 3301
3301 3306 3307
3307 3296 3301
3307 3308 3296
3309 3308 3307
3309 3307 3310
3309 3310 3311
3309 3311 3312
3313 3296 3308
3313 3308 3309
3313 3290 3296
3309 3312 3314
3312 3315 3314
3316 3314 3315
3315 3317 3316
3316 3317 3318
3316 3318 3319
3320 3316 3319
3316 3321 3314
3321 3309 3314
3320 3321 3316
3321 3322 3309
3320 3322 3321
3313 3309 3322
3320 3323 3322
3291 3322 3323
3291 3313 3322
3291 3290 3313
3324 3325 3290
3325 3324 3326
3327 3290 3325
3327 3325 3326
3328 3329 3330
3328 3331 3329
3332 3331 3328
3332 3333 3331
3334 3333 3332
3334 3335 3333
3336 3335 3334
3336 3337 3335
3338 3337 3336
3338 3339 3337
3340 3339 3338
3340 3341 3339
3342 3341 3340
3342 3343 3341
3344 3343 3342
3344 3345 3343
3346 3345 3344
3346 3347 3345
3347 3346 3348
3349 3347 3348
3349 3350 3347
3351 3350 3349
3351 3352 3350
3353 3352 3351
3353 3354 3352
3355 3354 3353
3355 3356 3354
3357 3356 3355
3358 3359 3360
3358 3360 3361
3361 3360 3362
3361 3362 3363
3363 3362 3364
3363 3364 3365
3366 3367 3368
3366 3368 3369
3368 3370 3369
3368 3371 3370
3372 3373 3374
3372 3374 3375
3376 3377 3378
3376 3378 3379
3380 3381 3382
3380 3382 3383
3383 3382 3384
3380 3383 3385
3380 3385 3386
3387 3386 3385
3387 3385 3388
3383 3384 3389
3385 3383 3389
3389 3384 3390
3391 3388 3385
3385 3389 3391
3391 3392 3388
3393 3392 3391
3393 3391 3394
3395 3393 3394
3391 3389 3396
3391 3396 3394
3389 3390 3397
3389 3397 3396
3395 3394 3398
3395 3398 3399
3398 3400 3399
3398 3401 3400
3398 3402 3401
3394 3403 3398
3398 3403 3402
3394 3396 3403
3403 3404 3402
3403 3405 3404
3396 3406 3403
3406 3405 3403
3396 3397 3406
3406 3407 3405
3390 3407 3408
3397 3390 3408
3406 3408 3407
3397 3408 3406
3409 3410 3411
3409 3412 3410
3413 3410 3412
3413 3412 3414
3415 3416 3417
3415 3418 3416
3419 3416 3418
3419 3418 3420
3421 3422 3423
3421 3424 3422
3425 3424 3421
3425 3421 3426
3427 3428 3429
3427 3430 3428
3431 3428 3430
3431 3430 3432
3433 3434 3435
3433 3436 3434
3437 3434 3436
3437 3436 3438
3439 3440 3441
3439 3442 3440
3443 3440 3442
3443 3442 3444
3445 3446 3447
3445 3448 3446
3449 3446 3448
3449 3448 3450
3451 3452 3453
3451 3454 3452
3455 3452 3454
3455 3454 3456
3457 3458 3459
3457 3460 3458
3458 3460 3461
3458 3461 3462
3463 3464 3465
3463 3466 3464
3467 3464 3466
3467 3466 3468
3469 3470 3471
3469 3472 3470
3473 3470 3472
3473 3472 3474
3475 3476 3477
3475 3478 3476
3479 3476 3478
3479 3478 3480
3481 3482 3483
3481 3484 3482
3485 3482 3484
3485 3484 3486
3487 3488 3489
3487 3490 3488
3491 3488 3490
3491 3490 3492
3493 3494 3495
3496 3493 3495
3496 3495 3497
3497 3498 3496
3497 3499 3498
3500 3498 3499
3500 3501 3498
3502 3501 3500
3502 3503 3501
3504 3503 3502
3504 3505 3503
3504 3506 3505
3507 3505 3506
3508 3507 3506
3509 3510 3511
3509 3511 3512
3513 3512 3511
3513 3514 3512
3515 3516 3517
3515 3517 3518
3519 3520 3521
3519 3521 3522
3521 3523 3522
3521 3524 3523
3524 3525 3523
3524 3526 3525
3526 3527 3525
3526 3528 3527
3528 3529 3527
3528 3530 3529
3531 3529 3530
3531 3532 3529
3533 3534 3535
3536 3535 3534
3536 3534 3537
3538 3536 3537
3538 3537 3539
3539 3540 3538
3539 3541 3540
3542 3540 3541
3542 3541 3543
3544 3542 3543
3544 3545 3542
3544 3546 3545
3544 3547 3546
3548 3549 3550
3548 3550 3551
3552 3553 3554
3552 3555 3553
3556 3553 3555
3556 3555 3557
3557 3558 3556
3557 3559 3558
3559 3560 3558
3559 3561 3560
3561 3562 3560
3561 3563 3562
3564 3562 3563
3564 3563 3565
3566 3567 3568
3566 3569 3567
3566 3570 3569
3571 3569 3570
3571 3570 3572
3572 3573 3571
3572 3574 3573
3574 3575 3573
3574 3576 3575
3576 3577 3575
3578 3575 3577
3578 3579 3575
3580 3581 3582
3580 3583 3581
3584 3583 3580
3584 3585 3583
3586 3585 3584
3586 3587 3585
3587 3586 3588
3587 3588 3589
3590 3589 3588
3590 3591 3589
3592 3591 3590
3592 3593 3591
3594 3593 3592
3594 3592 3595
3594 3595 3596
3594 3596 3597
3598 3597 3596
3581 3599 3600
3581 3601 3599
3599 3601 3602
3599 3602 3603
3604 3603 3602
3604 3605 3603
3605 3604 3606
3605 3606 3607
3608 3607 3606
3608 3609 3607
3610 3608 3611
3610 3611 3612
3612 3611 3613
3612 3613 3614
3614 3613 3615
3614 3615 3616
3615 3617 3616
3615 3618 3617
3617 3618 3619
3617 3619 3620
3619 3621 3620
3619 3622 3621
3623 3622 3624
3623 3624 3625
3625 3624 3626
3625 3626 3627
3627 3626 3628
3627 3628 3629
3628 3630 3629
3628 3631 3630
3631 3632 3630
3631 3633 3632
3632 3633 3634
3632 3634 3635
3636 3635 3634
3636 3637 3635
3636 3638 3637
3639 3640 3641
3639 3642 3640
3643 3642 3639
3642 3644 3640
3643 3645 3642
3642 3646 3644
3645 3646 3642
3645 3647 3646
3648 3644 3646
3646 3647 3649
3648 3646 3650
3646 3649 3650
3651 3648 3650
3651 3650 3652
3652 3650 3649
3652 3649 3653
3654 3655 3656
3654 3657 3655
3658 3657 3654
3657 3659 3655
3658 3660 3657
3660 3658 3661
3657 3662 3659
3660 3662 3657
3663 3659 3662
3663 3662 3664
3665 3663 3664
3665 3664 3666
3666 3664 3667
3662 3667 3664
3666 3667 3668
3660 3669 3662
3662 3669 3667
3668 3667 3670
3668 3670 3671
3670 3672 3671
3670 3673 3672
3667 3669 3674
3667 3674 3670
3674 3673 3670
3674 3669 3660
3674 3675 3673
3674 3660 3676
3675 3674 3676
3660 3661 3676
3675 3676 3677
3661 3677 3676
3661 3678 3677
3679 3680 3681
3679 3682 3680
3683 3682 3679
3682 3684 3680
3683 3685 3682
3682 3686 3684
3685 3686 3682
3685 3687 3686
3688 3684 3686
3686 3687 3689
3688 3686 3690
3686 3689 3690
3691 3688 3690
3691 3690 3692
3692 3690 3689
3692 3689 3693
3694 3695 3696
3694 3697 3695
3698 3697 3694
3697 3699 3695
3698 3700 3697
3697 3701 3699
3700 3701 3697
3700 3702 3701
3703 3699 3701
3701 3702 3704
3703 3701 3705
3701 3704 3705
3706 3703 3705
3706 3705 3707
3707 3705 3704
3707 3704 3708
3709 3710 3711
3709 3712 3710
3713 3712 3709
3712 3714 3710
3713 3715 3712
3712 3716 3714
3715 3716 3712
3715 3717 3716
3718 3714 3716
3716 3717 3719
3718 3716 3720
3716 3719 3720
3721 3718 3720
3721 3720 3722
3722 3720 3719
3722 3719 3723
3724 3725 3726
3724 3727 3725
3728 3727 3724
3727 3729 3725
3728 3730 3727
3727 3731 3729
3730 3731 3727
3730 3732 3731
3733 3729 3731
3731 3732 3734
3733 3731 3735
3731 3734 3735
3736 3733 3735
3736 3735 3737
3737 3735 3734
3737 3734 3738
3739 3740 3741
3739 3742 3740
3743 3742 3739
3742 3744 3740
3743 3745 3742
3746 3745 3743
3742 3747 3744
3745 3747 3742
3748 3744 3747
3746 3749 3745
3750 3749 3746
3750 3751 3749
3749 3752 3745
3745 3752 3747
3751 3753 3749
3749 3753 3752
3751 3754 3753
3748 3747 3755
3756 3748 3755
3756 3755 3757
3747 3752 3758
3747 3758 3755
3757 3755 3758
3758 3752 3753
3757 3758 3759
3760 3753 3754
3758 3753 3760
3759 3758 3760
3760 3754 3761
3759 3760 3762
3762 3760 3761
3762 3761 3763
3764 3765 3766
3764 3767 3765
3768 3767 3764
3768 3769 3767
3770 3765 3767
3769 3770 3767
3769 3771 3770
3770 3772 3765
3770 3771 3773
3772 3770 3774
3770 3773 3774
3774 3773 3775
3772 3774 3776
3774 3775 3777
3776 3774 3777
3776 3777 3778
3779 3780 3781
3779 3781 3782
3783 3779 3782
3783 3784 3779
3785 3783 3782
3781 3786 3782
3785 3782 3786
3781 3787 3786
3788 3785 3786
3789 3786 3787
3788 3786 3789
3789 3787 3790
3791 3789 3790
3792 3788 3789
3791 3792 3789
3792 3793 3788
3792 3794 3793
3791 3795 3792
3792 3795 3794
3791 3796 3795
3797 3794 3795
3796 3797 3795
3797 3798 3794
3796 3799 3797
3800 3798 3797
3799 3800 3797
3800 3801 3798
3799 3802 3800
3803 3801 3800
3802 3804 3800
3803 3800 3804
3802 3805 3804
3806 3804 3805
3807 3803 3804
3806 3807 3804
3807 3808 3803
3807 3809 3808
3806 3810 3807
3807 3810 3809
3806 3811 3810
3812 3809 3810
3813 3810 3811
3812 3810 3813
3813 3811 3814
3815 3813 3814
3816 3812 3813
3815 3816 3813
3816 3817 3812
3818 3817 3816
3815 3819 3816
3818 3816 3819
3815 3820 3819
3821 3819 3820
3822 3818 3819
3821 3822 3819
3822 3823 3818
3824 3823 3822
3821 3825 3822
3824 3822 3825
3821 3826 3825
3827 3824 3825
3828 3825 3826
3827 3825 3828
3828 3826 3829
3830 3828 3829
3831 3827 3828
3830 3831 3828
3831 3832 3827
3833 3831 3830
3831 3834 3832
3833 3835 3831
3831 3835 3834
3835 3833 3836
3837 3834 3835
3835 3836 3838
3837 3835 3838
3838 3836 3839
3837 3838 3840
3838 3839 3840
3841 3840 3839
3837 3840 3842
3841 3843 3840
3843 3842 3840
3843 3844 3842
3845 3846 3847
3845 3847 3848
3848 3847 3849
3848 3849 3850
3851 3848 3850
3852 3845 3848
3851 3852 3848
3852 3853 3845
3852 3854 3853
3855 3852 3851
3852 3856 3854
3855 3856 3852
3856 3857 3854
3858 3856 3855
3856 3858 3857
3858 3855 3859
3857 3858 3860
3860 3858 3859
3860 3859 3861
3857 3860 3862
3863 3860 3861
3864 3862 3860
3863 3864 3860
3864 3865 3862
3866 3865 3864
3867 3864 3863
3866 3864 3867
3867 3863 3868
3867 3869 3866
3870 3867 3868
3867 3871 3869
3870 3871 3867
3872 3873 3874
3872 3874 3875
3875 3874 3876
3875 3876 3877
3872 3875 3878
3878 3875 3877
3872 3878 3879
3878 3877 3880
3881 3879 3878
3880 3882 3878
3881 3878 3882
3880 3883 3882
3884 3881 3882
3882 3883 3885
3884 3882 3886
3882 3885 3886
3887 3884 3886
3888 3886 3885
3887 3886 3888
3888 3885 3889
3887 3888 3890
3890 3888 3889
3890 3889 3891
3887 3890 3892
3893 3890 3891
3894 3892 3890
3893 3894 3890
3894 3895 3892
3894 3893 3896
3897 3895 3894
3894 3896 3898
3897 3894 3898
3899 3900 3901
3899 3902 3900
3901 3903 3899
3901 3904 3903
3902 3899 3905
3902 3905 3906
3905 3907 3906
3908 3905 3899
3908 3899 3903
3905 3909 3907
3908 3909 3905
3910 3907 3909
3904 3911 3903
3904 3912 3911
3913 3911 3912
3903 3914 3908
3908 3914 3909
3903 3911 3914
3909 3914 3915
3911 3915 3914
3910 3909 3916
3909 3915 3916
3917 3910 3916
3916 3915 3917
3917 3918 3910
3919 3918 3917
3919 3917 3920
3917 3913 3920
3911 3921 3915
3921 3917 3915
3913 3921 3911
3917 3921 3913
3922 3923 3924
3923 3925 3924
3923 3926 3925
3926 3927 3925
3926 3928 3927
3928 3929 3927
3930 3929 3928
3931 3930 3928
3931 3928 3926
3926 3932 3931
3926 3923 3932
3932 3923 3933
3922 3933 3923
3932 3933 3934
3935 3933 3922
3934 3933 3935
3935 3922 3936
3934 3935 3937
3935 3936 3938
3937 3935 3939
3935 3938 3939
3937 3939 3940
3939 3941 3940
3938 3942 3939
3939 3942 3941
3938 3943 3942
3941 3942 3944
3945 3942 3943
3942 3945 3944
3945 3943 3946
3947 3944 3945
3946 3948 3945
3948 3947 3945
3948 3949 3947
3946 3950 3948
3948 3951 3949
3950 3952 3948
3948 3952 3951
3950 3953 3952
3954 3952 3953
3951 3952 3955
3954 3955 3952
3951 3955 3956
3957 3955 3954
3956 3955 3957
3958 3959 3960
3961 3959 3958
3962 3958 3960
3961 3958 3962
3963 3964 3965
3964 3963 3966
3967 3963 3965
3967 3965 3968
3966 3963 3969
3966 3969 3970
3969 3971 3970
3972 3963 3967
3963 3972 3969
3973 3967 3968
3973 3968 3974
3975 3973 3974
3971 3969 3976
3971 3976 3977
3978 3977 3976
3979 3967 3973
3979 3972 3967
3975 3980 3973
3980 3979 3973
3981 3980 3975
3969 3982 3976
3969 3972 3982
3983 3978 3976
3983 3976 3982
3984 3978 3983
3985 3984 3983
3986 3972 3979
3972 3986 3982
3987 3986 3979
3987 3982 3986
3980 3987 3979
3987 3983 3982
3981 3988 3980
3988 3987 3980
3988 3983 3987
3988 3985 3983
3989 3988 3981
3989 3985 3988
3990 3991 3992
3990 3992 3993
3991 3994 3992
3992 3995 3993
3994 3996 3992
3992 3997 3995
3996 3998 3992
3992 3998 3997
