byte offset: 0
first index: 68319
index count: 15078
topology: trianglelist
format: DXGI_FORMAT_R16_UINT

18322 18323 18324
18325 18326 18327
18328 18329 18330
18331 18332 18333
18334 18335 18336
18337 18338 18339
18340 18341 18342
18343 18344 18345
18346 18347 18348
18349 18350 18351
18352 18353 18354
18355 18356 18357
18358 18359 18360
18361 18362 18363
18364 18365 18366
18367 18368 18369
18370 18371 18372
18373 18374 18375
18376 18377 18378
18379 18380 18381
18382 18383 18384
18385 18386 18387
18388 18389 18390
18391 18392 18393
18394 18395 18396
18397 18398 18399
18400 18401 18402
18403 18404 18405
18406 18407 18408
18409 18407 18406
18409 18406 18410
18411 18407 18409
18412 18409 18410
18409 18413 18411
18412 18413 18409
18411 18413 18414
18412 18415 18413
18416 18415 18412
18417 18416 18412
18412 18418 18417
18417 18419 18416
18420 18417 18418
18420 18418 18421
18422 18420 18421
18422 18421 18423
18424 18422 18423
18424 18423 18425
18426 18424 18425
18427 18424 18426
18427 18422 18424
18427 18428 18422
18428 18420 18422
18428 18429 18420
18420 18429 18430
18420 18430 18417
18431 18417 18430
18431 18432 18417
18417 18432 18419
18433 18432 18431
18434 18419 18432
18433 18434 18432
18434 18435 18419
18435 18434 18436
18436 18434 18433
18436 18433 18437
18436 18437 18438
18439 18440 18441
18442 18439 18441
18442 18443 18439
18444 18443 18442
18444 18445 18443
18444 18446 18445
18444 18447 18446
18448 18446 18447
18449 18450 18451
18450 18449 18452
18452 18449 18453
18452 18453 18454
18455 18454 18453
18456 18454 18455
18455 18453 18457
18455 18457 18458
18459 18455 18458
18455 18460 18456
18455 18461 18460
18460 18461 18462
18461 18463 18462
18464 18463 18461
18455 18465 18461
18465 18466 18461
18461 18466 18467
18468 18461 18467
18455 18469 18465
18469 18455 18470
18455 18471 18470
18472 18470 18471
18455 18473 18471
18455 18474 18473
18475 18474 18455
18472 18471 18476
18477 18472 18476
18476 18478 18477
18479 18480 18481
18482 18479 18481
18482 18483 18479
18484 18482 18481
18485 18483 18482
18482 18484 18486
18485 18482 18486
18484 18487 18486
18485 18486 18488
18489 18485 18488
18490 18485 18489
18485 18490 18491
18490 18489 18492
18493 18491 18490
18493 18494 18491
18495 18494 18493
18495 18496 18494
18497 18496 18495
18497 18498 18496
18499 18498 18497
18500 18499 18497
18500 18497 18495
18500 18495 18501
18501 18495 18493
18501 18493 18502
18493 18503 18502
18493 18490 18503
18504 18503 18490
18504 18490 18505
18490 18492 18505
18506 18504 18505
18507 18505 18492
18506 18505 18507
18507 18492 18508
18508 18509 18507
18509 18506 18507
18509 18510 18506
18509 18511 18510
18512 18513 18514
18515 18513 18512
18515 18512 18516
18517 18515 18516
18517 18516 18518
18517 18518 18519
18517 18519 18520
18521 18520 18519
18522 18523 18524
18525 18523 18522
18525 18522 18526
18527 18523 18525
18528 18525 18526
18525 18529 18527
18528 18529 18525
18527 18529 18530
18528 18531 18529
18532 18531 18528
18533 18532 18528
18528 18534 18533
18533 18535 18532
18536 18533 18534
18536 18534 18537
18538 18536 18537
18538 18537 18539
18540 18538 18539
18540 18539 18541
18542 18540 18541
18543 18540 18542
18543 18538 18540
18543 18544 18538
18544 18536 18538
18544 18545 18536
18536 18545 18546
18536 18546 18533
18547 18533 18546
18547 18548 18533
18533 18548 18535
18549 18548 18547
18550 18535 18548
18549 18550 18548
18550 18551 18535
18551 18550 18552
18552 18550 18549
18552 18549 18553
18552 18553 18554
18555 18556 18557
18558 18555 18557
18558 18559 18555
18560 18559 18558
18560 18561 18559
18560 18562 18561
18560 18563 18562
18564 18562 18563
18565 18566 18567
18566 18565 18568
18568 18565 18569
18568 18569 18570
18571 18570 18569
18572 18570 18571
18571 18569 18573
18571 18573 18574
18575 18571 18574
18571 18576 18572
18571 18577 18576
18576 18577 18578
18577 18579 18578
18580 18579 18577
18571 18581 18577
18581 18582 18577
18577 18582 18583
18584 18577 18583
18571 18585 18581
18585 18571 18586
18571 18587 18586
18588 18586 18587
18571 18589 18587
18571 18590 18589
18591 18590 18571
18588 18587 18592
18593 18588 18592
18592 18594 18593
18595 18596 18597
18598 18595 18597
18598 18599 18595
18600 18598 18597
18601 18599 18598
18598 18600 18602
18601 18598 18602
18600 18603 18602
18601 18602 18604
18605 18601 18604
18606 18601 18605
18601 18606 18607
18606 18605 18608
18609 18607 18606
18609 18610 18607
18611 18610 18609
18611 18612 18610
18613 18612 18611
18613 18614 18612
18615 18614 18613
18616 18615 18613
18616 18613 18611
18616 18611 18617
18617 18611 18609
18617 18609 18618
18609 18619 18618
18609 18606 18619
18620 18619 18606
18620 18606 18621
18606 18608 18621
18622 18620 18621
18623 18621 18608
18622 18621 18623
18623 18608 18624
18624 18625 18623
18625 18622 18623
18625 18626 18622
18625 18627 18626
18628 18629 18630
18631 18629 18628
18631 18628 18632
18633 18631 18632
18633 18632 18634
18633 18634 18635
18633 18635 18636
18637 18636 18635
18638 18639 18640
18638 18640 18641
18641 18640 18642
18641 18642 18643
18643 18642 18644
18643 18644 18645
18646 18645 18644
18646 18644 18647
18646 18647 18648
18646 18648 18649
18649 18648 18650
18649 18650 18651
18651 18650 18652
18651 18652 18653
18653 18652 18654
18653 18654 18655
18655 18654 18656
18655 18656 18657
18657 18656 18658
18657 18658 18659
18659 18658 18660
18659 18660 18661
18661 18660 18662
18661 18662 18663
18664 18663 18662
18664 18662 18665
18664 18665 18666
18664 18666 18667
18667 18666 18668
18667 18668 18669
18669 18668 18670
18669 18670 18671
18671 18670 18672
18671 18672 18673
18673 18672 18674
18673 18674 18675
18676 18677 18678
18676 18678 18679
18679 18678 18680
18679 18680 18681
18681 18680 18682
18681 18682 18683
18683 18682 18684
18683 18684 18685
18685 18684 18686
18685 18686 18687
18687 18686 18688
18687 18688 18689
18689 18688 18690
18689 18690 18691
18691 18690 18692
18691 18692 18693
18693 18692 18694
18693 18694 18695
18695 18694 18696
18695 18696 18697
18697 18696 18698
18697 18698 18699
18699 18698 18700
18699 18700 18701
18701 18700 18702
18701 18702 18703
18703 18702 18704
18703 18704 18705
18705 18704 18706
18705 18706 18707
18707 18706 18708
18707 18708 18709
18709 18708 18710
18709 18710 18711
18711 18710 18712
18711 18712 18713
18714 18715 18716
18714 18716 18717
18717 18716 18718
18717 18718 18719
18719 18718 18720
18719 18720 18721
18721 18720 18722
18721 18722 18723
18723 18722 18724
18723 18724 18725
18725 18724 18726
18725 18726 18727
18727 18726 18728
18727 18728 18729
18729 18728 18730
18729 18730 18731
18731 18730 18732
18731 18732 18733
18733 18732 18734
18733 18734 18735
18735 18734 18736
18735 18736 18737
18737 18736 18738
18737 18738 18739
18739 18738 18740
18739 18740 18741
18741 18740 18742
18741 18742 18743
18743 18742 18744
18743 18744 18745
18745 18744 18746
18745 18746 18747
18747 18746 18748
18747 18748 18749
18749 18748 18750
18749 18750 18751
18752 18753 18754
18752 18754 18755
18755 18754 18756
18755 18756 18757
18757 18756 18758
18757 18758 18759
18759 18758 18760
18759 18760 18761
18761 18760 18762
18761 18762 18763
18763 18762 18764
18763 18764 18765
18765 18764 18766
18765 18766 18767
18767 18766 18768
18767 18768 18769
18769 18768 18770
18769 18770 18771
18771 18770 18772
18771 18772 18773
18773 18772 18774
18773 18774 18775
18775 18774 18776
18775 18776 18777
18777 18776 18778
18777 18778 18779
18779 18778 18780
18779 18780 18781
18781 18780 18782
18781 18782 18783
18783 18782 18784
18783 18784 18785
18785 18784 18786
18785 18786 18787
18787 18786 18788
18787 18788 18789
18790 18791 18792
18790 18792 18793
18793 18792 18794
18793 18794 18795
18795 18794 18796
18795 18796 18797
18797 18796 18798
18797 18798 18799
18799 18798 18800
18799 18800 18801
18801 18800 18802
18801 18802 18803
18803 18802 18804
18803 18804 18805
18805 18804 18806
18805 18806 18807
18807 18806 18808
18807 18808 18809
18809 18808 18810
18809 18810 18811
18811 18810 18812
18811 18812 18813
18813 18812 18814
18813 18814 18815
18816 18817 18818
18816 18818 18819
18819 18818 18820
18819 18820 18821
18821 18820 18822
18821 18822 18823
18823 18822 18824
18823 18824 18825
18825 18824 18826
18825 18826 18827
18827 18826 18828
18827 18828 18829
18829 18828 18830
18829 18830 18831
18831 18830 18832
18831 18832 18833
18833 18832 18834
18833 18834 18835
18835 18834 18836
18835 18836 18837
18837 18836 18838
18837 18838 18839
18839 18838 18840
18839 18840 18841
18842 18843 18844
18842 18844 18845
18845 18844 18846
18845 18846 18847
18847 18846 18848
18847 18848 18849
18849 18848 18850
18849 18850 18851
18851 18850 18852
18851 18852 18853
18853 18852 18854
18853 18854 18855
18855 18854 18856
18855 18856 18857
18857 18856 18858
18857 18858 18859
18859 18858 18860
18859 18860 18861
18861 18860 18862
18861 18862 18863
18863 18862 18864
18863 18864 18865
18865 18864 18866
18865 18866 18867
18868 18869 18870
18868 18870 18871
18871 18870 18872
18871 18872 18873
18873 18872 18874
18873 18874 18875
18875 18874 18876
18875 18876 18877
18877 18876 18878
18877 18878 18879
18879 18878 18880
18879 18880 18881
18881 18880 18882
18881 18882 18883
18883 18882 18884
18883 18884 18885
18885 18884 18886
18885 18886 18887
18887 18886 18888
18887 18888 18889
18889 18888 18890
18889 18890 18891
18891 18890 18892
18891 18892 18893
18894 18895 18896
18894 18897 18895
18898 18897 18894
18898 18899 18897
18900 18899 18898
18900 18901 18899
18902 18901 18900
18902 18903 18901
18904 18903 18902
18904 18905 18903
18906 18905 18904
18906 18907 18905
18908 18909 18910
18908 18911 18909
18912 18911 18908
18912 18913 18911
18914 18913 18912
18914 18915 18913
18916 18915 18914
18916 18917 18915
18918 18917 18916
18918 18919 18917
18920 18919 18918
18920 18921 18919
18922 18923 18924
18922 18925 18923
18926 18925 18922
18926 18927 18925
18928 18927 18926
18928 18929 18927
18930 18929 18928
18930 18931 18929
18932 18931 18930
18932 18933 18931
18934 18933 18932
18934 18935 18933
18936 18937 18938
18936 18939 18937
18940 18939 18936
18940 18941 18939
18942 18941 18940
18942 18943 18941
18944 18943 18942
18944 18945 18943
18946 18945 18944
18946 18947 18945
18948 18947 18946
18948 18949 18947
18950 18951 18952
18950 18953 18951
18954 18953 18950
18954 18955 18953
18956 18955 18954
18956 18957 18955
18958 18957 18956
18958 18959 18957
18960 18959 18958
18960 18961 18959
18962 18961 18960
18962 18963 18961
18964 18965 18966
18964 18967 18965
18968 18967 18964
18968 18969 18967
18970 18969 18968
18970 18971 18969
18972 18971 18970
18972 18973 18971
18974 18973 18972
18974 18975 18973
18976 18975 18974
18976 18977 18975
18978 18979 18980
18978 18981 18979
18982 18981 18978
18982 18983 18981
18984 18983 18982
18984 18985 18983
18986 18985 18984
18986 18987 18985
18988 18987 18986
18988 18989 18987
18990 18989 18988
18990 18991 18989
18992 18993 18994
18992 18995 18993
18996 18995 18992
18996 18997 18995
18998 18997 18996
18998 18999 18997
19000 18999 18998
19000 19001 18999
19002 19001 19000
19002 19003 19001
19004 19003 19002
19004 19005 19003
19006 19007 19008
19006 19008 19009
19009 19008 19010
19009 19010 19011
19011 19010 19012
19011 19012 19013
19013 19012 19014
19013 19014 19015
19015 19014 19016
19015 19016 19017
19017 19016 19018
19017 19018 19019
19019 19018 19020
19019 19020 19021
19021 19020 19022
19021 19022 19023
19023 19022 19024
19023 19024 19025
19025 19024 19026
19025 19026 19027
19027 19026 19028
19027 19028 19029
19029 19028 19030
19029 19030 19031
19032 19033 19034
19032 19034 19035
19035 19034 19036
19035 19036 19037
19037 19036 19038
19037 19038 19039
19039 19038 19040
19039 19040 19041
19041 19040 19042
19041 19042 19043
19043 19042 19044
19043 19044 19045
19045 19044 19046
19045 19046 19047
19047 19046 19048
19047 19048 19049
19049 19048 19050
19049 19050 19051
19051 19050 19052
19051 19052 19053
19053 19052 19054
19053 19054 19055
19055 19054 19056
19055 19056 19057
19058 19059 19060
19058 19060 19061
19061 19060 19062
19061 19062 19063
19063 19062 19064
19063 19064 19065
19065 19064 19066
19065 19066 19067
19067 19066 19068
19067 19068 19069
19069 19068 19070
19069 19070 19071
19071 19070 19072
19071 19072 19073
19073 19072 19074
19073 19074 19075
19075 19074 19076
19075 19076 19077
19077 19076 19078
19077 19078 19079
19079 19078 19080
19079 19080 19081
19081 19080 19082
19081 19082 19083
19084 19085 19086
19084 19086 19087
19087 19086 19088
19087 19088 19089
19089 19088 19090
19089 19090 19091
19091 19090 19092
19091 19092 19093
19093 19092 19094
19093 19094 19095
19095 19094 19096
19095 19096 19097
19097 19096 19098
19097 19098 19099
19099 19098 19100
19099 19100 19101
19101 19100 19102
19101 19102 19103
19103 19102 19104
19103 19104 19105
19105 19104 19106
19105 19106 19107
19107 19106 19108
19107 19108 19109
19110 19111 19112
19110 19113 19111
19114 19113 19110
19114 19115 19113
19116 19115 19114
19116 19117 19115
19118 19117 19116
19118 19119 19117
19120 19119 19118
19120 19121 19119
19122 19121 19120
19122 19123 19121
19124 19125 19126
19124 19127 19125
19128 19127 19124
19128 19129 19127
19130 19129 19128
19130 19131 19129
19132 19131 19130
19132 19133 19131
19134 19133 19132
19134 19135 19133
19136 19135 19134
19136 19137 19135
19138 19139 19140
19138 19141 19139
19142 19141 19138
19142 19143 19141
19144 19143 19142
19144 19145 19143
19146 19145 19144
19146 19147 19145
19148 19147 19146
19148 19149 19147
19150 19149 19148
19150 19151 19149
19152 19153 19154
19152 19155 19153
19156 19155 19152
19156 19157 19155
19158 19157 19156
19158 19159 19157
19160 19159 19158
19160 19161 19159
19162 19161 19160
19162 19163 19161
19164 19163 19162
19164 19165 19163
19166 19167 19168
19166 19168 19169
19169 19168 19170
19169 19170 19171
19171 19170 19172
19171 19172 19173
19173 19172 19174
19173 19174 19175
19175 19174 19176
19175 19176 19177
19177 19176 19178
19177 19178 19179
19179 19178 19180
19179 19180 19181
19181 19180 19182
19181 19182 19183
19183 19182 19184
19183 19184 19185
19185 19184 19186
19185 19186 19187
19187 19186 19188
19187 19188 19189
19189 19188 19190
19189 19190 19191
19192 19193 19194
19192 19194 19195
19195 19194 19196
19195 19196 19197
19197 19196 19198
19197 19198 19199
19199 19198 19200
19199 19200 19201
19201 19200 19202
19201 19202 19203
19203 19202 19204
19203 19204 19205
19205 19204 19206
19205 19206 19207
19207 19206 19208
19207 19208 19209
19209 19208 19210
19209 19210 19211
19211 19210 19212
19211 19212 19213
19213 19212 19214
19213 19214 19215
19215 19214 19216
19215 19216 19217
19218 19219 19220
19218 19220 19221
19221 19220 19222
19221 19222 19223
19223 19222 19224
19223 19224 19225
19225 19224 19226
19225 19226 19227
19227 19226 19228
19227 19228 19229
19229 19228 19230
19229 19230 19231
19231 19230 19232
19231 19232 19233
19233 19232 19234
19233 19234 19235
19235 19234 19236
19235 19236 19237
19237 19236 19238
19237 19238 19239
19239 19238 19240
19239 19240 19241
19241 19240 19242
19241 19242 19243
19244 19245 19246
19244 19246 19247
19247 19246 19248
19247 19248 19249
19249 19248 19250
19249 19250 19251
19251 19250 19252
19251 19252 19253
19253 19252 19254
19253 19254 19255
19255 19254 19256
19255 19256 19257
19257 19256 19258
19257 19258 19259
19259 19258 19260
19259 19260 19261
19261 19260 19262
19261 19262 19263
19263 19262 19264
19263 19264 19265
19265 19264 19266
19265 19266 19267
19267 19266 19268
19267 19268 19269
19270 19271 19272
19270 19273 19271
19274 19273 19270
19274 19275 19273
19276 19275 19274
19276 19277 19275
19278 19277 19276
19278 19279 19277
19280 19279 19278
19280 19281 19279
19282 19281 19280
19282 19283 19281
19284 19285 19286
19284 19287 19285
19288 19287 19284
19288 19289 19287
19290 19289 19288
19290 19291 19289
19292 19291 19290
19292 19293 19291
19294 19293 19292
19294 19295 19293
19296 19295 19294
19296 19297 19295
19298 19299 19300
19298 19301 19299
19302 19301 19298
19302 19303 19301
19304 19303 19302
19304 19305 19303
19306 19305 19304
19306 19307 19305
19308 19307 19306
19308 19309 19307
19310 19309 19308
19310 19311 19309
19312 19313 19314
19312 19315 19313
19316 19315 19312
19316 19317 19315
19318 19317 19316
19318 19319 19317
19320 19319 19318
19320 19321 19319
19322 19321 19320
19322 19323 19321
19324 19323 19322
19324 19325 19323
19326 19327 19328
19326 19328 19329
19329 19328 19330
19329 19330 19331
19331 19330 19332
19331 19332 19333
19333 19332 19334
19333 19334 19335
19335 19334 19336
19335 19336 19337
19337 19336 19338
19337 19338 19339
19339 19338 19340
19339 19340 19341
19341 19340 19342
19341 19342 19343
19343 19342 19344
19343 19344 19345
19345 19344 19346
19345 19346 19347
19347 19346 19348
19347 19348 19349
19349 19348 19350
19349 19350 19351
19352 19353 19354
19352 19354 19355
19355 19354 19356
19355 19356 19357
19357 19356 19358
19357 19358 19359
19359 19358 19360
19359 19360 19361
19361 19360 19362
19361 19362 19363
19363 19362 19364
19363 19364 19365
19365 19364 19366
19365 19366 19367
19367 19366 19368
19367 19368 19369
19369 19368 19370
19369 19370 19371
19371 19370 19372
19371 19372 19373
19373 19372 19374
19373 19374 19375
19375 19374 19376
19375 19376 19377
19378 19379 19380
19378 19380 19381
19381 19380 19382
19381 19382 19383
19383 19382 19384
19383 19384 19385
19385 19384 19386
19385 19386 19387
19387 19386 19388
19387 19388 19389
19389 19388 19390
19389 19390 19391
19391 19390 19392
19391 19392 19393
19393 19392 19394
19393 19394 19395
19395 19394 19396
19395 19396 19397
19397 19396 19398
19397 19398 19399
19399 19398 19400
19399 19400 19401
19401 19400 19402
19401 19402 19403
19404 19405 19406
19404 19406 19407
19407 19406 19408
19407 19408 19409
19409 19408 19410
19409 19410 19411
19411 19410 19412
19411 19412 19413
19413 19412 19414
19413 19414 19415
19415 19414 19416
19415 19416 19417
19417 19416 19418
19417 19418 19419
19419 19418 19420
19419 19420 19421
19421 19420 19422
19421 19422 19423
19423 19422 19424
19423 19424 19425
19425 19424 19426
19425 19426 19427
19427 19426 19428
19427 19428 19429
19430 19431 19432
19430 19433 19431
19434 19433 19430
19434 19435 19433
19436 19435 19434
19436 19437 19435
19438 19437 19436
19438 19439 19437
19440 19439 19438
19440 19441 19439
19442 19441 19440
19442 19443 19441
19444 19445 19446
19444 19447 19445
19448 19447 19444
19448 19449 19447
19450 19449 19448
19450 19451 19449
19452 19451 19450
19452 19453 19451
19454 19453 19452
19454 19455 19453
19456 19455 19454
19456 19457 19455
19458 19459 19460
19458 19461 19459
19462 19461 19458
19462 19463 19461
19464 19463 19462
19464 19465 19463
19466 19465 19464
19466 19467 19465
19468 19467 19466
19468 19469 19467
19470 19469 19468
19470 19471 19469
19472 19473 19474
19472 19475 19473
19476 19475 19472
19476 19477 19475
19478 19477 19476
19478 19479 19477
19480 19479 19478
19480 19481 19479
19482 19481 19480
19482 19483 19481
19484 19483 19482
19484 19485 19483
19486 19487 19488
19486 19489 19487
19490 19489 19486
19490 19491 19489
19492 19491 19490
19492 19493 19491
19494 19493 19492
19494 19495 19493
19496 19495 19494
19496 19497 19495
19498 19497 19496
19498 19499 19497
19500 19501 19502
19500 19503 19501
19504 19503 19500
19504 19505 19503
19506 19505 19504
19506 19507 19505
19508 19507 19506
19508 19509 19507
19510 19509 19508
19510 19511 19509
19512 19511 19510
19512 19513 19511
19514 19515 19516
19514 19517 19515
19518 19517 19514
19518 19519 19517
19520 19519 19518
19520 19521 19519
19522 19521 19520
19522 19523 19521
19524 19523 19522
19524 19525 19523
19526 19525 19524
19526 19527 19525
19528 19529 19530
19528 19531 19529
19532 19531 19528
19532 19533 19531
19534 19533 19532
19534 19535 19533
19536 19535 19534
19536 19537 19535
19538 19537 19536
19538 19539 19537
19540 19539 19538
19540 19541 19539
19542 19543 19544
19542 19544 19545
19545 19544 19546
19545 19546 19547
19547 19546 19548
19547 19548 19549
19549 19548 19550
19549 19550 19551
19551 19550 19552
19551 19552 19553
19553 19552 19554
19553 19554 19555
19555 19554 19556
19555 19556 19557
19557 19556 19558
19557 19558 19559
19559 19558 19560
19559 19560 19561
19561 19560 19562
19561 19562 19563
19563 19562 19564
19563 19564 19565
19565 19564 19566
19565 19566 19567
19568 19569 19570
19568 19571 19569
19571 19572 19569
19573 19571 19568
19571 19574 19572
19573 19575 19571
19575 19574 19571
19576 19575 19573
19575 19577 19574
19576 19578 19575
19578 19577 19575
19579 19578 19576
19578 19580 19577
19579 19581 19578
19581 19580 19578
19582 19581 19579
19581 19583 19580
19582 19584 19581
19584 19583 19581
19585 19584 19582
19584 19586 19583
19585 19587 19584
19587 19586 19584
19588 19587 19585
19587 19589 19586
19588 19590 19587
19590 19589 19587
19591 19590 19588
19590 19592 19589
19591 19593 19590
19593 19592 19590
19594 19593 19591
19593 19595 19592
19594 19596 19593
19596 19595 19593
19597 19596 19594
19596 19598 19595
19597 19599 19596
19599 19598 19596
19600 19599 19597
19599 19601 19598
19600 19602 19599
19602 19601 19599
19603 19602 19600
19602 19604 19601
19603 19605 19602
19605 19604 19602
19605 19606 19604
19607 19608 19609
19607 19609 19610
19610 19609 19611
19610 19611 19612
19612 19611 19613
19612 19613 19614
19614 19613 19615
19614 19615 19616
19616 19615 19617
19616 19617 19618
19618 19617 19619
19618 19619 19620
19620 19619 19621
19620 19621 19622
19622 19621 19623
19622 19623 19624
19624 19623 19625
19624 19625 19626
19626 19625 19627
19626 19627 19628
19628 19627 19629
19628 19629 19630
19630 19629 19631
19630 19631 19632
19633 19634 19635
19633 19635 19636
19636 19635 19637
19636 19637 19638
19638 19637 19639
19638 19639 19640
19640 19639 19641
19640 19641 19642
19642 19641 19643
19642 19643 19644
19644 19643 19645
19644 19645 19646
19646 19645 19647
19646 19647 19648
19648 19647 19649
19648 19649 19650
19650 19649 19651
19650 19651 19652
19652 19651 19653
19652 19653 19654
19654 19653 19655
19654 19655 19656
19656 19655 19657
19656 19657 19658
19659 19660 19661
19659 19661 19662
19662 19661 19663
19662 19663 19664
19664 19663 19665
19664 19665 19666
19666 19665 19667
19666 19667 19668
19668 19667 19669
19668 19669 19670
19670 19669 19671
19670 19671 19672
19672 19671 19673
19672 19673 19674
19674 19673 19675
19674 19675 19676
19676 19675 19677
19676 19677 19678
19678 19677 19679
19678 19679 19680
19680 19679 19681
19680 19681 19682
19682 19681 19683
19682 19683 19684
19685 19686 19687
19685 19687 19688
19688 19687 19689
19688 19689 19690
19690 19689 19691
19690 19691 19692
19692 19691 19693
19692 19693 19694
19694 19693 19695
19694 19695 19696
19696 19695 19697
19696 19697 19698
19698 19697 19699
19698 19699 19700
19700 19699 19701
19700 19701 19702
19702 19701 19703
19702 19703 19704
19704 19703 19705
19704 19705 19706
19706 19705 19707
19706 19707 19708
19708 19707 19709
19708 19709 19710
19711 19712 19713
19711 19713 19714
19714 19713 19715
19714 19715 19716
19716 19715 19717
19716 19717 19718
19718 19717 19719
19718 19719 19720
19720 19719 19721
19720 19721 19722
19722 19721 19723
19722 19723 19724
19724 19723 19725
19724 19725 19726
19726 19725 19727
19726 19727 19728
19728 19727 19729
19728 19729 19730
19730 19729 19731
19730 19731 19732
19732 19731 19733
19732 19733 19734
19734 19733 19735
19734 19735 19736
19737 19738 19739
19737 19740 19738
19741 19740 19737
19741 19742 19740
19743 19742 19741
19743 19744 19742
19745 19744 19743
19745 19746 19744
19747 19746 19745
19747 19748 19746
19749 19748 19747
19749 19750 19748
19751 19750 19749
19751 19752 19750
19753 19752 19751
19753 19754 19752
19755 19754 19753
19755 19756 19754
19757 19756 19755
19757 19758 19756
19759 19758 19757
19759 19760 19758
19761 19760 19759
19761 19762 19760
19763 19762 19761
19763 19764 19762
19765 19764 19763
19765 19766 19764
19767 19766 19765
19767 19768 19766
19769 19768 19767
19769 19770 19768
19771 19770 19769
19771 19772 19770
19773 19772 19771
19773 19774 19772
19775 19774 19773
19775 19776 19774
19777 19776 19775
19777 19778 19776
19779 19778 19777
19779 19780 19778
19781 19780 19779
19781 19782 19780
19783 19782 19781
19783 19784 19782
19785 19784 19783
19785 19786 19784
19787 19788 19789
19787 19790 19788
19791 19790 19787
19791 19792 19790
19793 19792 19791
19793 19794 19792
19795 19794 19793
19795 19796 19794
19797 19798 19799
19797 19800 19798
19801 19800 19797
19801 19802 19800
19803 19802 19801
19803 19804 19802
19805 19804 19803
19805 19806 19804
19807 19806 19805
19807 19808 19806
19809 19808 19807
19809 19810 19808
19811 19810 19809
19811 19812 19810
19813 19812 19811
19813 19814 19812
19815 19814 19813
19815 19816 19814
19817 19816 19815
19817 19818 19816
19819 19818 19817
19819 19820 19818
19821 19820 19819
19821 19822 19820
19823 19822 19821
19823 19824 19822
19825 19824 19823
19825 19826 19824
19827 19826 19825
19827 19828 19826
19829 19828 19827
19829 19830 19828
19831 19830 19829
19831 19832 19830
19833 19832 19831
19833 19834 19832
19835 19834 19833
19835 19836 19834
19837 19836 19835
19837 19838 19836
19839 19838 19837
19839 19840 19838
19841 19840 19839
19841 19842 19840
19843 19842 19841
19843 19844 19842
19845 19844 19843
19845 19846 19844
19847 19848 19849
19847 19850 19848
19851 19850 19847
19851 19852 19850
19853 19852 19851
19853 19854 19852
19855 19854 19853
19855 19856 19854
19857 19856 19855
19857 19858 19856
19859 19858 19857
19859 19860 19858
19861 19860 19859
19861 19862 19860
19863 19862 19861
19863 19864 19862
19865 19864 19863
19865 19866 19864
19867 19866 19865
19867 19868 19866
19869 19868 19867
19869 19870 19868
19871 19870 19869
19871 19872 19870
19873 19872 19871
19873 19874 19872
19875 19874 19873
19875 19876 19874
19877 19876 19875
19877 19878 19876
19879 19878 19877
19879 19880 19878
19881 19880 19879
19881 19882 19880
19883 19882 19881
19883 19884 19882
19885 19884 19883
19885 19886 19884
19887 19886 19885
19887 19888 19886
19889 19888 19887
19889 19890 19888
19891 19890 19889
19891 19892 19890
19893 19892 19891
19893 19894 19892
19895 19894 19893
19895 19896 19894
19897 19898 19899
19897 19900 19898
19901 19900 19897
19901 19902 19900
19903 19902 19901
19903 19904 19902
19905 19904 19903
19905 19906 19904
19907 19906 19905
19907 19908 19906
19909 19908 19907
19909 19910 19908
19911 19910 19909
19911 19912 19910
19913 19912 19911
19913 19914 19912
19915 19914 19913
19915 19916 19914
19917 19916 19915
19917 19918 19916
19919 19918 19917
19919 19920 19918
19921 19920 19919
19921 19922 19920
19923 19922 19921
19923 19924 19922
19925 19924 19923
19925 19926 19924
19927 19926 19925
19927 19928 19926
19929 19928 19927
19929 19930 19928
19931 19930 19929
19931 19932 19930
19933 19932 19931
19933 19934 19932
19935 19934 19933
19935 19936 19934
19937 19936 19935
19937 19938 19936
19939 19938 19937
19939 19940 19938
19941 19940 19939
19941 19942 19940
19943 19942 19941
19943 19944 19942
19945 19944 19943
19945 19946 19944
19947 19948 19949
19947 19949 19950
19950 19949 19951
19950 19951 19952
19952 19951 19953
19952 19953 19954
19954 19953 19955
19954 19955 19956
19956 19955 19957
19956 19957 19958
19958 19957 19959
19958 19959 19960
19960 19959 19961
19960 19961 19962
19962 19961 19963
19962 19963 19964
19964 19963 19965
19964 19965 19966
19966 19965 19967
19966 19967 19968
19968 19967 19969
19968 19969 19970
19970 19969 19971
19970 19971 19972
19972 19971 19973
19972 19973 19974
19974 19973 19975
19974 19975 19976
19976 19975 19977
19976 19977 19978
19978 19977 19979
19978 19979 19980
19980 19979 19981
19980 19981 19982
19982 19981 19983
19982 19983 19984
19984 19983 19985
19984 19985 19986
19986 19985 19987
19986 19987 19988
19988 19987 19989
19988 19989 19990
19990 19989 19991
19990 19991 19992
19992 19991 19993
19992 19993 19994
19994 19993 19995
19994 19995 19996
19997 19998 19999
19997 20000 19998
20001 20000 19997
20000 20002 19998
20001 20003 20000
20004 20003 20001
20000 20005 20002
20003 20005 20000
20005 20006 20002
20004 20007 20003
20008 20007 20004
20008 20009 20007
20003 20010 20005
20007 20010 20003
20005 20011 20006
20010 20011 20005
20011 20012 20006
20009 20013 20007
20007 20013 20010
20009 20014 20013
20011 20015 20012
20016 20012 20015
20016 20015 20017
20010 20018 20011
20013 20018 20010
20018 20015 20011
20014 20019 20013
20013 20019 20018
20014 20020 20019
20017 20015 20021
20018 20021 20015
20019 20021 20018
20017 20021 20022
20020 20023 20019
20019 20023 20021
20022 20021 20023
20020 20024 20023
20022 20023 20025
20025 20023 20024
20025 20024 20026
20027 20028 20029
20027 20030 20028
20031 20030 20027
20031 20032 20030
20033 20032 20031
20033 20034 20032
20035 20034 20033
20035 20036 20034
20037 20038 20039
20037 20040 20038
20041 20040 20037
20040 20042 20038
20041 20043 20040
20044 20043 20041
20040 20045 20042
20043 20045 20040
20045 20046 20042
20044 20047 20043
20048 20047 20044
20048 20049 20047
20043 20050 20045
20047 20050 20043
20045 20051 20046
20050 20051 20045
20051 20052 20046
20049 20053 20047
20047 20053 20050
20049 20054 20053
20051 20055 20052
20056 20052 20055
20056 20055 20057
20050 20058 20051
20053 20058 20050
20058 20055 20051
20054 20059 20053
20053 20059 20058
20054 20060 20059
20057 20055 20061
20058 20061 20055
20059 20061 20058
20057 20061 20062
20060 20063 20059
20059 20063 20061
20062 20061 20063
20060 20064 20063
20062 20063 20065
20065 20063 20064
20065 20064 20066
20067 20068 20069
20067 20070 20068
20071 20070 20067
20071 20072 20070
20073 20072 20071
20073 20074 20072
20075 20074 20073
20075 20076 20074
20077 20078 20079
20077 20080 20078
20081 20080 20077
20080 20082 20078
20081 20083 20080
20084 20083 20081
20080 20085 20082
20083 20085 20080
20085 20086 20082
20084 20087 20083
20088 20087 20084
20088 20089 20087
20083 20090 20085
20087 20090 20083
20085 20091 20086
20090 20091 20085
20091 20092 20086
20089 20093 20087
20087 20093 20090
20089 20094 20093
20091 20095 20092
20096 20092 20095
20096 20095 20097
20090 20098 20091
20093 20098 20090
20098 20095 20091
20094 20099 20093
20093 20099 20098
20094 20100 20099
20097 20095 20101
20098 20101 20095
20099 20101 20098
20097 20101 20102
20100 20103 20099
20099 20103 20101
20102 20101 20103
20100 20104 20103
20102 20103 20105
20105 20103 20104
20105 20104 20106
20107 20108 20109
20107 20110 20108
20111 20110 20107
20111 20112 20110
20113 20112 20111
20113 20114 20112
20115 20114 20113
20115 20116 20114
20117 20118 20119
20117 20120 20118
20121 20120 20117
20120 20122 20118
20121 20123 20120
20124 20123 20121
20120 20125 20122
20123 20125 20120
20125 20126 20122
20124 20127 20123
20128 20127 20124
20128 20129 20127
20123 20130 20125
20127 20130 20123
20125 20131 20126
20130 20131 20125
20131 20132 20126
20129 20133 20127
20127 20133 20130
20129 20134 20133
20131 20135 20132
20136 20132 20135
20136 20135 20137
20130 20138 20131
20133 20138 20130
20138 20135 20131
20134 20139 20133
20133 20139 20138
20134 20140 20139
20137 20135 20141
20138 20141 20135
20139 20141 20138
20137 20141 20142
20140 20143 20139
20139 20143 20141
20142 20141 20143
20140 20144 20143
20142 20143 20145
20145 20143 20144
20145 20144 20146
20147 20148 20149
20147 20150 20148
20151 20150 20147
20151 20152 20150
20153 20152 20151
20153 20154 20152
20155 20154 20153
20155 20156 20154
20157 20158 20159
20157 20160 20158
20161 20160 20157
20160 20162 20158
20161 20163 20160
20164 20163 20161
20160 20165 20162
20163 20165 20160
20165 20166 20162
20164 20167 20163
20168 20167 20164
20168 20169 20167
20163 20170 20165
20167 20170 20163
20165 20171 20166
20170 20171 20165
20171 20172 20166
20169 20173 20167
20167 20173 20170
20169 20174 20173
20171 20175 20172
20176 20172 20175
20176 20175 20177
20170 20178 20171
20173 20178 20170
20178 20175 20171
20174 20179 20173
20173 20179 20178
20174 20180 20179
20177 20175 20181
20178 20181 20175
20179 20181 20178
20177 20181 20182
20180 20183 20179
20179 20183 20181
20182 20181 20183
20180 20184 20183
20182 20183 20185
20185 20183 20184
20185 20184 20186
20187 20188 20189
20187 20190 20188
20191 20190 20187
20191 20192 20190
20193 20192 20191
20193 20194 20192
20195 20194 20193
20195 20196 20194
20197 20198 20199
20197 20200 20198
20201 20200 20197
20200 20202 20198
20201 20203 20200
20204 20203 20201
20200 20205 20202
20203 20205 20200
20205 20206 20202
20204 20207 20203
20208 20207 20204
20208 20209 20207
20203 20210 20205
20207 20210 20203
20205 20211 20206
20210 20211 20205
20211 20212 20206
20209 20213 20207
20207 20213 20210
20209 20214 20213
20211 20215 20212
20216 20212 20215
20216 20215 20217
20210 20218 20211
20213 20218 20210
20218 20215 20211
20214 20219 20213
20213 20219 20218
20214 20220 20219
20217 20215 20221
20218 20221 20215
20219 20221 20218
20217 20221 20222
20220 20223 20219
20219 20223 20221
20222 20221 20223
20220 20224 20223
20222 20223 20225
20225 20223 20224
20225 20224 20226
20227 20228 20229
20227 20230 20228
20228 20230 20231
20232 20233 20234
20232 20234 20235
20236 20237 20238
20236 20238 20239
20240 20241 20242
20240 20243 20241
20243 20244 20241
20245 20246 20247
20245 20247 20248
20249 20250 20251
20249 20251 20252
20253 20254 20255
20253 20255 20256
20253 20256 20257
20258 20257 20256
20258 20256 20255
20258 20255 20259
20260 20261 20262
20260 20263 20261
20261 20263 20264
20265 20266 20267
20265 20267 20268
20269 20270 20271
20269 20271 20272
20273 20274 20275
20273 20275 20276
20273 20276 20277
20278 20279 20280
20278 20281 20279
20281 20282 20279
20283 20284 20285
20283 20285 20286
20287 20288 20289
20287 20289 20290
20291 20292 20293
20291 20294 20292
20291 20295 20294
20296 20297 20298
20296 20299 20297
20297 20299 20300
20301 20302 20303
20301 20303 20304
20305 20306 20307
20305 20307 20308
20309 20310 20311
20309 20312 20310
20312 20313 20310
20314 20315 20316
20314 20316 20317
20318 20319 20320
20318 20320 20321
20322 20323 20324
20322 20324 20325
20322 20325 20326
20327 20326 20325
20327 20325 20324
20327 20324 20328
20329 20330 20331
20329 20332 20330
20330 20332 20333
20334 20335 20336
20334 20336 20337
20338 20339 20340
20338 20340 20341
20342 20343 20344
20342 20345 20343
20345 20346 20343
20347 20348 20349
20347 20349 20350
20351 20352 20353
20351 20353 20354
20355 20356 20357
20355 20357 20358
20355 20358 20359
20360 20359 20358
20360 20358 20357
20360 20357 20361
20362 20363 20364
20362 20365 20363
20366 20363 20365
20366 20367 20363
20366 20368 20367
20366 20369 20368
20370 20368 20369
20370 20371 20368
20370 20372 20371
20370 20373 20372
20374 20372 20373
20374 20375 20372
20374 20376 20375
20374 20377 20376
20378 20379 20380
20378 20381 20379
20382 20381 20378
20382 20383 20381
20384 20383 20382
20384 20385 20383
20386 20385 20384
20386 20387 20385
20388 20387 20386
20388 20389 20387
20390 20389 20388
20390 20391 20389
20392 20391 20390
20392 20393 20391
20394 20395 20396
20394 20396 20397
20394 20397 20398
20394 20398 20399
20400 20399 20398
20400 20398 20401
20400 20401 20402
20400 20402 20403
20404 20403 20402
20404 20402 20405
20404 20405 20406
20404 20406 20407
20408 20407 20406
20408 20406 20409
20408 20409 20410
20408 20410 20411
20412 20413 20414
20412 20414 20415
20416 20417 20418
20416 20418 20419
20420 20421 20422
20420 20423 20421
20420 20424 20423
20420 20425 20424
20426 20424 20425
20426 20427 20424
20426 20428 20427
20426 20429 20428
20430 20428 20429
20430 20431 20428
20430 20432 20431
20430 20433 20432
20434 20432 20433
20434 20435 20432
20434 20436 20435
20434 20437 20436
20438 20439 20440
20438 20440 20441
20440 20442 20441
20443 20444 20445
20443 20445 20446
20447 20448 20449
20447 20449 20450
20451 20452 20453
20451 20453 20454
20454 20453 20455
20456 20457 20458
20456 20458 20459
20460 20461 20462
20460 20462 20463
20464 20465 20466
20464 20467 20465
20464 20468 20467
20469 20467 20468
20469 20465 20467
20469 20470 20465
20471 20472 20473
20471 20473 20474
20473 20475 20474
20476 20477 20478
20476 20478 20479
20480 20481 20482
20480 20482 20483
20484 20485 20486
20484 20487 20485
20484 20488 20487
20489 20490 20491
20489 20491 20492
20492 20491 20493
20494 20495 20496
20494 20496 20497
20498 20499 20500
20498 20500 20501
20502 20503 20504
20502 20504 20505
20502 20505 20506
20507 20508 20509
20507 20509 20510
20509 20511 20510
20512 20513 20514
20512 20514 20515
20516 20517 20518
20516 20518 20519
20520 20521 20522
20520 20522 20523
20523 20522 20524
20525 20526 20527
20525 20527 20528
20529 20530 20531
20529 20531 20532
20533 20534 20535
20533 20536 20534
20533 20537 20536
20538 20536 20537
20538 20534 20536
20538 20539 20534
20540 20541 20542
20540 20542 20543
20542 20544 20543
20545 20546 20547
20545 20547 20548
20549 20550 20551
20549 20551 20552
20553 20554 20555
20553 20555 20556
20556 20555 20557
20558 20559 20560
20558 20560 20561
20562 20563 20564
20562 20564 20565
20566 20567 20568
20566 20569 20567
20566 20570 20569
20571 20569 20570
20571 20567 20569
20571 20572 20567
20573 20574 20575
20573 20575 20576
20577 20576 20575
20577 20575 20578
20577 20578 20579
20577 20579 20580
20581 20580 20579
20581 20579 20582
20581 20582 20583
20581 20583 20584
20585 20584 20583
20585 20583 20586
20585 20586 20587
20585 20587 20588
20589 20590 20591
20589 20591 20592
20593 20589 20592
20593 20592 20594
20595 20593 20594
20595 20594 20596
20597 20595 20596
20597 20596 20598
20599 20597 20598
20599 20598 20600
20601 20599 20600
20601 20600 20602
20603 20601 20602
20603 20602 20604
20605 20606 20607
20605 20608 20606
20605 20609 20608
20605 20610 20609
20611 20609 20610
20611 20612 20609
20611 20613 20612
20611 20614 20613
20615 20613 20614
20615 20616 20613
20615 20617 20616
20615 20618 20617
20619 20617 20618
20619 20620 20617
20619 20621 20620
20619 20622 20621
20623 20624 20625
20623 20625 20626
20627 20628 20629
20627 20629 20630
20631 20632 20633
20631 20633 20634
20631 20634 20635
20631 20635 20636
20637 20636 20635
20637 20635 20638
20637 20638 20639
20637 20639 20640
20641 20640 20639
20641 20639 20642
20641 20642 20643
20641 20643 20644
20645 20644 20643
20645 20643 20646
20645 20646 20647
20645 20647 20648
20649 20650 20651
20649 20652 20650
20650 20652 20653
20654 20655 20656
20654 20656 20657
20658 20659 20660
20658 20660 20661
20662 20663 20664
20662 20665 20663
20665 20666 20663
20667 20668 20669
20667 20669 20670
20671 20672 20673
20671 20673 20674
20675 20676 20677
20675 20677 20678
20675 20678 20679
20680 20679 20678
20680 20678 20677
20680 20677 20681
20682 20683 20684
20682 20685 20683
20683 20685 20686
20687 20688 20689
20687 20689 20690
20691 20692 20693
20691 20693 20694
20695 20696 20697
20695 20697 20698
20695 20698 20699
20700 20701 20702
20700 20703 20701
20703 20704 20701
20705 20706 20707
20705 20707 20708
20709 20710 20711
20709 20711 20712
20713 20714 20715
20713 20716 20714
20713 20717 20716
20718 20719 20720
20718 20721 20719
20719 20721 20722
20723 20724 20725
20723 20725 20726
20727 20728 20729
20727 20729 20730
20731 20732 20733
20731 20734 20732
20734 20735 20732
20736 20737 20738
20736 20738 20739
20740 20741 20742
20740 20742 20743
20744 20745 20746
20744 20746 20747
20744 20747 20748
20749 20748 20747
20749 20747 20746
20749 20746 20750
20751 20752 20753
20751 20754 20752
20752 20754 20755
20756 20757 20758
20756 20758 20759
20760 20761 20762
20760 20762 20763
20764 20765 20766
20764 20767 20765
20767 20768 20765
20769 20770 20771
20769 20771 20772
20773 20774 20775
20773 20775 20776
20777 20778 20779
20777 20779 20780
20777 20780 20781
20782 20781 20780
20782 20780 20779
20782 20779 20783
20784 20785 20786
20784 20787 20785
20788 20785 20787
20788 20789 20785
20788 20790 20789
20788 20791 20790
20792 20790 20791
20792 20793 20790
20792 20794 20793
20792 20795 20794
20796 20794 20795
20796 20797 20794
20796 20798 20797
20796 20799 20798
20800 20801 20802
20800 20803 20801
20804 20803 20800
20804 20805 20803
20806 20805 20804
20806 20807 20805
20808 20807 20806
20808 20809 20807
20810 20809 20808
20810 20811 20809
20812 20811 20810
20812 20813 20811
20814 20813 20812
20814 20815 20813
20816 20817 20818
20816 20818 20819
20816 20819 20820
20816 20820 20821
20822 20821 20820
20822 20820 20823
20822 20823 20824
20822 20824 20825
20826 20825 20824
20826 20824 20827
20826 20827 20828
20826 20828 20829
20830 20829 20828
20830 20828 20831
20830 20831 20832
20830 20832 20833
20834 20835 20836
20834 20836 20837
20838 20839 20840
20838 20840 20841
20842 20843 20844
20842 20845 20843
20842 20846 20845
20842 20847 20846
20848 20846 20847
20848 20849 20846
20848 20850 20849
20848 20851 20850
20852 20850 20851
20852 20853 20850
20852 20854 20853
20852 20855 20854
20856 20854 20855
20856 20857 20854
20856 20858 20857
20856 20859 20858
20860 20861 20862
20863 20861 20860
20863 20864 20861
20863 20865 20864
20863 20866 20865
20867 20865 20866
20867 20866 20868
20869 20867 20868
20869 20870 20867
20871 20870 20869
20871 20869 20872
20871 20872 20873
20871 20873 20874
20875 20874 20873
20875 20873 20876
20877 20875 20876
20877 20876 20878
20879 20877 20878
20879 20880 20877
20881 20880 20879
20882 20883 20884
20885 20883 20882
20885 20882 20886
20886 20887 20885
20886 20888 20887
20889 20887 20888
20889 20890 20887
20891 20890 20889
20891 20892 20890
20893 20892 20891
20893 20894 20892
20894 20893 20895
20894 20895 20896
20895 20897 20896
20895 20898 20897
20899 20897 20898
20899 20900 20897
20901 20900 20899
20901 20902 20900
20903 20902 20901
20904 20905 20906
20904 20906 20907
20907 20908 20904
20907 20909 20908
20909 20910 20908
20909 20911 20910
20912 20910 20911
20912 20913 20910
20914 20913 20912
20914 20915 20913
20915 20914 20916
20915 20916 20917
20916 20918 20917
20916 20919 20918
20920 20918 20919
20920 20919 20921
20920 20921 20922
20920 20922 20923
20924 20925 20926
20924 20927 20925
20927 20928 20925
20927 20929 20928
20930 20928 20929
20930 20931 20928
20932 20931 20930
20932 20933 20931
20934 20933 20932
20934 20935 20933
20936 20935 20934
20936 20937 20935
20936 20938 20937
20936 20939 20938
20940 20938 20939
20940 20939 20941
20940 20941 20942
20940 20942 20943
20944 20945 20946
20947 20945 20944
20947 20948 20945
20949 20948 20947
20949 20950 20948
20951 20950 20949
20951 20952 20950
20953 20952 20951
20953 20954 20952
20955 20954 20953
20955 20956 20954
20957 20956 20955
20957 20958 20956
20959 20958 20957
20959 20960 20958
20961 20960 20959
20961 20962 20960
20963 20962 20961
20963 20964 20962
20965 20964 20963
20966 20967 20968
20969 20966 20968
20969 20968 20970
20969 20970 20971
20969 20971 20972
20973 20972 20971
20973 20974 20972
20975 20974 20973
20975 20973 20976
20977 20975 20976
20977 20978 20975
20977 20979 20978
20977 20980 20979
20981 20979 20980
20981 20982 20979
20983 20982 20981
20983 20984 20982
20985 20984 20983
20985 20983 20986
20987 20985 20986
20988 20989 20990
20991 20988 20990
20991 20992 20988
20992 20991 20993
20992 20993 20994
20995 20994 20993
20995 20993 20996
20997 20995 20996
20997 20996 20998
20999 20997 20998
20999 20998 21000
21000 21001 20999
21000 21002 21001
21001 21002 21003
21001 21003 21004
21005 21004 21003
21005 21003 21006
21007 21005 21006
21007 21006 21008
21009 21007 21008
21010 21011 21012
21010 21013 21011
21013 21010 21014
21013 21014 21015
21015 21014 21016
21015 21016 21017
21018 21017 21016
21018 21016 21019
21020 21018 21019
21020 21019 21021
21021 21022 21020
21021 21023 21022
21022 21023 21024
21022 21024 21025
21026 21025 21024
21026 21027 21025
21026 21028 21027
21026 21029 21028
21030 21031 21032
21030 21032 21033
21033 21032 21034
21033 21034 21035
21036 21035 21034
21036 21034 21037
21038 21036 21037
21038 21037 21039
21040 21038 21039
21040 21039 21041
21042 21040 21041
21042 21041 21043
21042 21043 21044
21042 21044 21045
21046 21045 21044
21046 21047 21045
21046 21048 21047
21046 21049 21048
21050 21051 21052
21053 21050 21052
21053 21052 21054
21055 21053 21054
21055 21054 21056
21057 21055 21056
21057 21056 21058
21059 21057 21058
21059 21058 21060
21061 21059 21060
21061 21060 21062
21063 21061 21062
21063 21062 21064
21065 21063 21064
21065 21064 21066
21067 21065 21066
21067 21066 21068
21069 21067 21068
21069 21068 21070
21071 21069 21070
21072 21073 21074
21075 21072 21074
21075 21074 21076
21075 21076 21077
21075 21077 21078
21079 21078 21077
21079 21080 21078
21081 21080 21079
21081 21079 21082
21083 21081 21082
21083 21084 21081
21083 21085 21084
21083 21086 21085
21087 21085 21086
21087 21088 21085
21089 21088 21087
21089 21090 21088
21091 21090 21089
21091 21089 21092
21093 21091 21092
21094 21095 21096
21097 21094 21096
21097 21098 21094
21098 21097 21099
21098 21099 21100
21101 21100 21099
21101 21099 21102
21103 21101 21102
21103 21102 21104
21105 21103 21104
21105 21104 21106
21106 21107 21105
21106 21108 21107
21107 21108 21109
21107 21109 21110
21111 21110 21109
21111 21109 21112
21113 21111 21112
21113 21112 21114
21115 21113 21114
21116 21117 21118
21119 21116 21118
21119 21118 21120
21121 21119 21120
21121 21120 21122
21123 21121 21122
21123 21122 21124
21125 21123 21124
21125 21124 21126
21127 21125 21126
21127 21126 21128
21129 21127 21128
21129 21128 21130
21131 21129 21130
21131 21130 21132
21133 21131 21132
21133 21132 21134
21135 21133 21134
21135 21134 21136
21137 21135 21136
21138 21139 21140
21138 21141 21139
21142 21141 21138
21142 21143 21141
21142 21144 21143
21142 21145 21144
21146 21144 21145
21146 21147 21144
21146 21148 21147
21149 21150 21151
21152 21151 21150
21152 21150 21153
21154 21152 21153
21154 21155 21152
21153 21156 21154
21156 21157 21154
21158 21159 21160
21161 21159 21158
21161 21162 21159
21161 21163 21162
21161 21164 21163
21165 21163 21164
21165 21164 21166
21167 21165 21166
21167 21168 21165
21167 21169 21168
21167 21170 21169
21171 21169 21170
21171 21170 21172
21173 21171 21172
21173 21172 21174
21174 21175 21173
21174 21176 21175
21177 21175 21176
21177 21178 21175
21177 21179 21178
21180 21181 21182
21183 21180 21182
21183 21184 21180
21185 21184 21183
21185 21183 21186
21187 21185 21186
21187 21188 21185
21189 21188 21187
21189 21190 21188
21191 21192 21193
21194 21193 21192
21194 21195 21193
21196 21195 21194
21197 21195 21196
21197 21196 21198
21199 21197 21198
21199 21198 21200
21201 21199 21200
21199 21202 21197
21199 21203 21202
21203 21204 21202
21203 21205 21204
21206 21204 21205
21206 21205 21207
21208 21206 21207
21208 21207 21209
21210 21208 21209
21210 21209 21211
21212 21211 21209
21213 21212 21209
21213 21209 21214
21214 21209 21215
21216 21215 21209
21216 21209 21217
21217 21209 21207
21217 21207 21218
21218 21207 21205
21218 21205 21219
21220 21219 21205
21220 21221 21219
21222 21221 21220
21222 21223 21221
21222 21224 21223
21222 21225 21224
21226 21225 21222
21223 21224 21227
21223 21227 21228
21227 21229 21228
21229 21230 21228
21229 21231 21230
21232 21230 21231
21233 21234 21235
21233 21236 21234
21237 21236 21233
21237 21238 21236
21237 21239 21238
21237 21240 21239
21241 21239 21240
21241 21242 21239
21243 21242 21241
21243 21244 21242
21243 21245 21244
21243 21246 21245
21247 21245 21246
21247 21246 21248
21249 21247 21248
21249 21248 21250
21250 21251 21249
21250 21252 21251
21251 21252 21253
21251 21253 21254
21255 21254 21253
21255 21253 21256
21257 21255 21256
21258 21259 21260
21258 21260 21261
21262 21258 21261
21262 21261 21263
21262 21263 21264
21262 21264 21265
21266 21265 21264
21266 21264 21267
21266 21267 21268
21269 21270 21271
21272 21271 21270
21272 21270 21273
21274 21272 21273
21274 21273 21275
21272 21274 21276
21276 21274 21277
21278 21279 21280
21281 21278 21280
21281 21280 21282
21281 21282 21283
21281 21283 21284
21285 21284 21283
21285 21286 21284
21287 21286 21285
21287 21285 21288
21287 21288 21289
21287 21289 21290
21291 21290 21289
21291 21292 21290
21293 21292 21291
21293 21294 21292
21294 21293 21295
21294 21295 21296
21297 21296 21295
21297 21295 21298
21297 21298 21299
21300 21301 21302
21303 21301 21300
21303 21300 21304
21305 21303 21304
21305 21306 21303
21307 21306 21305
21307 21305 21308
21309 21307 21308
21309 21308 21310
21311 21312 21313
21311 21313 21314
21315 21311 21314
21315 21314 21316
21315 21316 21317
21315 21317 21318
21319 21318 21317
21319 21317 21320
21321 21319 21320
21321 21320 21322
21321 21322 21323
21321 21323 21324
21325 21324 21323
21325 21326 21324
21327 21326 21325
21327 21328 21326
21328 21327 21329
21328 21329 21330
21329 21331 21330
21329 21332 21331
21333 21331 21332
21333 21334 21331
21335 21334 21333
21336 21337 21338
21339 21336 21338
21339 21338 21340
21341 21339 21340
21341 21340 21342
21341 21342 21343
21344 21341 21343
21344 21343 21345
21346 21344 21345
21346 21345 21347
21346 21348 21344
21346 21349 21348
21346 21347 21350
21346 21351 21349
21346 21350 21352
21351 21353 21349
21350 21354 21352
21350 21355 21354
21355 21356 21354
21352 21357 21346
21355 21358 21356
21358 21359 21356
21358 21360 21359
21358 21361 21360
21361 21362 21360
21357 21363 21346
21363 21364 21346
21364 21365 21346
21366 21346 21365
21367 21346 21366
21368 21346 21367
21369 21346 21368
21346 21369 21370
21369 21371 21370
21369 21372 21371
21346 21370 21373
21372 21374 21371
21372 21375 21374
21375 21376 21374
21376 21377 21374
21376 21378 21377
21378 21379 21377
21346 21373 21380
21346 21380 21381
21346 21381 21382
21346 21382 21383
21380 21384 21381
21380 21385 21384
21385 21386 21384
21386 21387 21384
21386 21388 21387
21388 21389 21387
21388 21390 21389
21390 21391 21389
21346 21383 21351
21392 21351 21383
21392 21393 21351
21351 21393 21353
21393 21394 21353
21392 21395 21393
21393 21395 21394
21392 21396 21395
21395 21397 21394
21396 21398 21395
21395 21399 21397
21398 21400 21395
21395 21401 21399
21400 21402 21395
21395 21403 21401
21402 21403 21395
21404 21405 21406
21404 21406 21407
21408 21404 21407
21408 21407 21409
21410 21408 21409
21410 21409 21411
21411 21412 21410
21411 21413 21412
21414 21412 21413
21414 21413 21415
21416 21414 21415
21416 21415 21417
21418 21419 21420
21418 21421 21419
21421 21422 21419
21421 21423 21422
21423 21424 21422
21423 21425 21424
21425 21426 21424
21425 21427 21426
21427 21428 21426
21427 21429 21428
21429 21430 21428
21429 21431 21430
21432 21433 21434
21432 21434 21435
21436 21432 21435
21436 21435 21437
21438 21436 21437
21438 21437 21439
21439 21440 21438
21439 21441 21440
21442 21440 21441
21442 21441 21443
21444 21442 21443
21444 21443 21445
21446 21447 21448
21446 21449 21447
21449 21450 21447
21449 21451 21450
21451 21452 21450
21451 21453 21452
21453 21454 21452
21453 21455 21454
21455 21456 21454
21455 21457 21456
21457 21458 21456
21457 21459 21458
21460 21461 21462
21460 21463 21461
21464 21463 21460
21464 21465 21463
21466 21465 21464
21466 21467 21465
21468 21467 21466
21468 21469 21467
21470 21469 21468
21470 21471 21469
21472 21471 21470
21472 21473 21471
21474 21475 21476
21474 21476 21477
21477 21476 21478
21477 21478 21479
21479 21478 21480
21479 21480 21481
21481 21480 21482
21481 21482 21483
21483 21482 21484
21483 21484 21485
21484 21486 21485
21484 21487 21486
21488 21489 21490
21491 21488 21490
21491 21492 21488
21493 21491 21490
21494 21492 21491
21491 21493 21495
21494 21491 21495
21493 21496 21495
21494 21495 21497
21498 21494 21497
21499 21494 21498
21494 21499 21500
21499 21498 21501
21502 21500 21499
21499 21501 21503
21502 21504 21500
21505 21503 21501
21505 21501 21506
21506 21507 21505
21508 21504 21502
21508 21509 21504
21510 21509 21508
21510 21511 21509
21512 21511 21510
21513 21514 21515
21516 21514 21513
21516 21513 21517
21518 21516 21517
21518 21517 21519
21518 21519 21520
21518 21520 21521
21522 21521 21520
21523 21524 21525
21525 21526 21523
21526 21527 21523
21526 21528 21527
21529 21527 21528
21530 21529 21528
21529 21531 21527
21529 21532 21531
21533 21532 21529
21529 21530 21534
21529 21534 21535
21534 21536 21535
21535 21536 21537
21538 21535 21537
21539 21540 21541
21539 21541 21542
21539 21542 21543
21543 21542 21544
21543 21544 21545
21544 21546 21545
21544 21547 21546
21548 21546 21547
21548 21547 21549
21550 21548 21549
21550 21549 21551
21552 21550 21551
21552 21553 21550
21552 21554 21553
21555 21556 21557
21558 21556 21555
21558 21555 21559
21560 21556 21558
21561 21558 21559
21558 21562 21560
21561 21562 21558
21560 21562 21563
21561 21564 21562
21565 21564 21561
21566 21565 21561
21561 21567 21566
21566 21568 21565
21569 21566 21567
21566 21570 21568
21569 21567 21571
21572 21568 21570
21572 21573 21568
21573 21572 21574
21575 21569 21571
21575 21571 21576
21577 21575 21576
21577 21576 21578
21579 21577 21578
21580 21581 21582
21583 21580 21582
21583 21584 21580
21585 21584 21583
21585 21586 21584
21585 21587 21586
21585 21588 21587
21589 21587 21588
21590 21591 21592
21591 21590 21593
21593 21590 21594
21593 21594 21595
21596 21595 21594
21597 21595 21596
21596 21594 21598
21596 21598 21599
21600 21596 21599
21596 21601 21597
21596 21602 21601
21601 21602 21603
21602 21604 21603
21605 21604 21602
21606 21607 21608
21606 21609 21607
21606 21610 21609
21610 21611 21609
21610 21612 21611
21611 21612 21613
21611 21613 21614
21615 21614 21613
21615 21616 21614
21617 21616 21615
21617 21618 21616
21619 21618 21617
21619 21617 21620
21619 21620 21621
21622 21623 21624
21625 21623 21622
21625 21622 21626
21627 21623 21625
21628 21625 21626
21625 21629 21627
21628 21629 21625
21627 21629 21630
21628 21631 21629
21632 21631 21628
21633 21632 21628
21628 21634 21633
21633 21635 21632
21636 21633 21634
21633 21637 21635
21636 21634 21638
21639 21635 21637
21639 21640 21635
21640 21639 21641
21642 21636 21638
21642 21638 21643
21644 21642 21643
21644 21643 21645
21646 21644 21645
21647 21648 21649
21650 21647 21649
21650 21651 21647
21652 21651 21650
21652 21653 21651
21652 21654 21653
21652 21655 21654
21656 21654 21655
21657 21658 21659
21658 21657 21660
21660 21657 21661
21660 21661 21662
21663 21662 21661
21664 21662 21663
21663 21661 21665
21663 21665 21666
21667 21663 21666
21663 21668 21664
21663 21669 21668
21668 21669 21670
21669 21671 21670
21672 21671 21669
21673 21674 21675
21673 21676 21674
21673 21677 21676
21677 21678 21676
21677 21679 21678
21678 21679 21680
21678 21680 21681
21682 21681 21680
21682 21683 21681
21684 21683 21682
21684 21685 21683
21686 21685 21684
21686 21684 21687
21686 21687 21688
21689 21690 21691
21692 21689 21691
21692 21693 21689
21694 21692 21691
21695 21693 21692
21692 21694 21696
21695 21692 21696
21694 21697 21696
21695 21696 21698
21699 21695 21698
21700 21695 21699
21695 21700 21701
21700 21699 21702
21703 21701 21700
21700 21702 21704
21703 21705 21701
21706 21704 21702
21706 21702 21707
21707 21708 21706
21709 21705 21703
21709 21710 21705
21711 21710 21709
21711 21712 21710
21713 21712 21711
21714 21715 21716
21717 21715 21714
21717 21714 21718
21719 21717 21718
21719 21718 21720
21719 21720 21721
21719 21721 21722
21723 21722 21721
21724 21725 21726
21726 21727 21724
21727 21728 21724
21727 21729 21728
21730 21728 21729
21731 21730 21729
21730 21732 21728
21730 21733 21732
21734 21733 21730
21730 21731 21735
21730 21735 21736
21735 21737 21736
21736 21737 21738
21739 21736 21738
21740 21741 21742
21740 21742 21743
21740 21743 21744
21744 21743 21745
21744 21745 21746
21745 21747 21746
21745 21748 21747
21749 21747 21748
21749 21748 21750
21751 21749 21750
21751 21750 21752
21753 21751 21752
21753 21754 21751
21753 21755 21754
21756 21757 21758
21756 21758 21759
21759 21760 21756
21759 21758 21761
21759 21762 21760
21759 21761 21763
21763 21762 21759
21763 21761 21764
21763 21765 21762
21763 21764 21766
21766 21765 21763
21766 21764 21767
21766 21768 21765
21766 21767 21769
21769 21768 21766
21769 21767 21770
21769 21771 21768
21769 21770 21772
21772 21771 21769
21772 21770 21773
21772 21774 21771
21772 21773 21775
21775 21774 21772
21775 21773 21776
21775 21777 21774
21775 21776 21778
21778 21777 21775
21778 21776 21779
21778 21780 21777
21778 21779 21781
21781 21780 21778
21781 21779 21782
21781 21783 21780
21781 21782 21784
21784 21783 21781
21784 21782 21785
21784 21786 21783
21784 21785 21787
21787 21786 21784
21787 21785 21788
21787 21789 21786
21787 21788 21790
21790 21789 21787
21790 21788 21791
21790 21792 21789
21790 21791 21793
21793 21792 21790
21793 21791 21794
21793 21795 21792
21793 21794 21796
21796 21795 21793
21796 21797 21795
21796 21794 21798
21799 21797 21796
21796 21798 21799
21799 21800 21797
21798 21801 21799
21801 21800 21799
21798 21802 21801
21801 21803 21800
21801 21802 21804
21805 21803 21801
21801 21804 21805
21805 21806 21803
21805 21804 21807
21808 21806 21805
21805 21807 21808
21808 21809 21806
21808 21807 21810
21811 21809 21808
21808 21810 21811
21811 21812 21809
21811 21810 21813
21814 21812 21811
21811 21813 21814
21814 21815 21812
21814 21813 21816
21817 21815 21814
21814 21816 21817
21817 21818 21815
21817 21816 21819
21820 21818 21817
21817 21819 21820
21820 21821 21818
21820 21819 21822
21823 21821 21820
21820 21822 21823
21823 21824 21821
21823 21822 21825
21826 21824 21823
21823 21825 21826
21826 21825 21827
21826 21828 21824
21826 21827 21829
21829 21828 21826
21829 21830 21828
21831 21832 21833
21831 21833 21834
21834 21833 21835
21834 21835 21836
21836 21835 21837
21836 21837 21838
21838 21837 21839
21838 21839 21840
21840 21839 21841
21840 21841 21842
21842 21841 21843
21842 21843 21844
21844 21843 21845
21844 21845 21846
21846 21845 21847
21846 21847 21848
21848 21847 21849
21848 21849 21850
21850 21849 21851
21850 21851 21852
21852 21851 21853
21852 21853 21854
21854 21853 21855
21854 21855 21856
21856 21855 21857
21856 21857 21858
21858 21857 21859
21858 21859 21860
21860 21859 21861
21860 21861 21862
21862 21861 21863
21862 21863 21864
21864 21863 21865
21864 21865 21866
21866 21865 21867
21866 21867 21868
21868 21867 21869
21868 21869 21870
21870 21869 21871
21870 21871 21872
21872 21871 21873
21872 21873 21874
21874 21873 21875
21874 21875 21876
21876 21875 21877
21876 21877 21878
21878 21877 21879
21878 21879 21880
21881 21882 21883
21881 21883 21884
21884 21883 21885
21884 21885 21886
21886 21885 21887
21886 21887 21888
21888 21887 21889
21888 21889 21890
21890 21889 21891
21890 21891 21892
21892 21891 21893
21892 21893 21894
21894 21893 21895
21894 21895 21896
21896 21895 21897
21896 21897 21898
21898 21897 21899
21898 21899 21900
21900 21899 21901
21900 21901 21902
21902 21901 21903
21902 21903 21904
21904 21903 21905
21904 21905 21906
21906 21905 21907
21906 21907 21908
21908 21907 21909
21908 21909 21910
21910 21909 21911
21910 21911 21912
21912 21911 21913
21912 21913 21914
21914 21913 21915
21914 21915 21916
21916 21915 21917
21916 21917 21918
21918 21917 21919
21918 21919 21920
21920 21919 21921
21920 21921 21922
21922 21921 21923
21922 21923 21924
21924 21923 21925
21924 21925 21926
21926 21925 21927
21926 21927 21928
21928 21927 21929
21928 21929 21930
21931 21932 21933
21931 21933 21934
21935 21931 21934
21935 21934 21936
21937 21935 21936
21937 21936 21938
21939 21937 21938
21939 21938 21940
21941 21939 21940
21941 21940 21942
21943 21941 21942
21943 21942 21944
21945 21946 21947
21945 21948 21946
21948 21949 21946
21948 21950 21949
21950 21951 21949
21950 21952 21951
21952 21953 21951
21952 21954 21953
21954 21955 21953
21954 21956 21955
21956 21957 21955
21956 21958 21957
21959 21960 21961
21959 21962 21960
21962 21963 21960
21962 21964 21963
21965 21966 21967
21965 21968 21966
21969 21966 21968
21969 21968 21970
21971 21972 21973
21971 21974 21972
21974 21975 21972
21974 21976 21975
21977 21978 21979
21977 21980 21978
21980 21981 21978
21980 21982 21981
21983 21984 21985
21983 21986 21984
21986 21987 21984
21986 21988 21987
21989 21990 21991
21989 21992 21990
21992 21993 21990
21992 21994 21993
21995 21996 21997
21995 21998 21996
21999 21996 21998
21999 21998 22000
22001 22002 22003
22001 22004 22002
22004 22005 22002
22004 22006 22005
22007 22008 22009
22007 22010 22008
22010 22011 22008
22010 22012 22011
22013 22014 22015
22013 22016 22014
22016 22017 22014
22016 22018 22017
22019 22020 22021
22019 22022 22020
22022 22023 22020
22022 22024 22023
22025 22026 22027
22025 22028 22026
22028 22029 22026
22028 22030 22029
22031 22032 22033
22031 22033 22034
22035 22036 22037
22035 22037 22038
22039 22040 22041
22039 22041 22042
22043 22044 22045
22043 22045 22046
22047 22048 22049
22047 22049 22050
22051 22052 22053
22051 22053 22054
22055 22056 22057
22055 22057 22058
22058 22057 22059
22058 22059 22060
22061 22062 22063
22061 22063 22064
22064 22063 22065
22064 22065 22066
22067 22068 22069
22067 22069 22070
22071 22072 22073
22071 22073 22074
22075 22076 22077
22077 22076 22078
22077 22078 22079
22079 22078 22080
22079 22080 22081
22081 22080 22082
22081 22082 22083
22083 22082 22084
22083 22084 22085
22086 22087 22088
22089 22087 22086
22089 22090 22087
22089 22091 22090
22089 22092 22091
22091 22092 22093
22091 22093 22094
22094 22093 22095
22094 22095 22096
22096 22095 22097
22098 22099 22100
22098 22101 22099
22102 22101 22098
22102 22103 22101
22104 22103 22102
22104 22105 22103
22106 22105 22104
22106 22107 22105
22108 22107 22106
22108 22109 22107
22110 22109 22108
22111 22112 22113
22111 22113 22114
22114 22115 22111
22114 22113 22116
22114 22117 22115
22118 22114 22116
22119 22117 22114
22119 22114 22118
22120 22121 22122
22121 22123 22122
22121 22124 22123
22123 22124 22125
22123 22125 22126
22126 22125 22127
22126 22127 22128
22128 22127 22129
22128 22129 22130
22130 22129 22131
22130 22131 22132
22132 22131 22133
22132 22133 22134
22135 22136 22137
22135 22138 22136
22135 22139 22138
22139 22140 22138
22141 22140 22139
22141 22142 22140
22143 22142 22141
22143 22144 22142
22145 22144 22143
22145 22146 22144
22145 22147 22146
22148 22147 22145
22148 22149 22147
22148 22150 22149
22151 22149 22150
22151 22152 22149
22153 22152 22151
22153 22154 22152
22155 22154 22153
22156 22154 22155
22156 22157 22154
22158 22157 22156
22159 22157 22158
22160 22159 22158
22161 22159 22160
22162 22159 22161
22163 22164 22165
22163 22166 22164
22163 22167 22166
22166 22167 22168
22166 22168 22169
22169 22168 22170
22169 22170 22171
22169 22171 22172
22172 22171 22173
22172 22173 22174
22174 22173 22175
22176 22177 22178
22176 22178 22179
22180 22181 22182
22180 22182 22183
22184 22185 22186
22184 22187 22185
22185 22187 22188
22189 22190 22191
22189 22191 22192
22192 22191 22193
22192 22193 22194
22194 22193 22195
22196 22197 22198
22196 22199 22197
22200 22199 22196
22200 22196 22201
22202 22203 22204
22202 22205 22203
22206 22205 22202
22206 22207 22205
22208 22209 22210
22208 22211 22209
22212 22211 22208
22213 22214 22215
22213 22216 22214
22217 22216 22213
22217 22213 22218
22219 22220 22221
22221 22220 22222
22221 22222 22223
22224 22225 22226
22224 22226 22227
22228 22229 22230
22228 22230 22231
22231 22230 22232
22231 22232 22233
22233 22232 22234
22235 22236 22237
22235 22238 22236
22239 22238 22235
22239 22235 22240
22241 22242 22243
22241 22243 22244
22244 22243 22245
22244 22245 22246
22247 22248 22249
22249 22248 22250
22249 22250 22251
22252 22253 22254
22254 22253 22255
22254 22255 22256
22254 22256 22257
22257 22256 22258
22257 22258 22259
22257 22259 22260
22260 22259 22261
22260 22261 22262
22262 22261 22263
22264 22265 22266
22265 22267 22266
22267 22268 22266
22267 22269 22268
22267 22270 22269
22267 22271 22270
22271 22272 22270
22273 22272 22271
22274 22268 22269
22274 22269 22275
22269 22276 22275
22269 22277 22276
22278 22276 22277
22278 22279 22276
22278 22280 22279
22278 22281 22280
22280 22281 22282
22280 22282 22283
22283 22282 22284
22284 22282 22285
22284 22285 22286
22286 22285 22287
22274 22288 22268
22289 22268 22288
22289 22290 22268
22289 22288 22291
22291 22292 22289
22291 22293 22292
22294 22293 22291
22294 22295 22293
22294 22296 22295
22294 22297 22296
22294 22298 22297
22297 22298 22299
22295 22296 22300
22295 22300 22301
22301 22300 22302
22303 22301 22302
22303 22302 22304
22305 22303 22304
22304 22306 22305
22304 22307 22306
22308 22306 22307
22308 22307 22309
22310 22308 22309
22305 22306 22311
22306 22312 22311
22312 22313 22311
22305 22311 22314
22315 22305 22314
22316 22315 22314
22317 22314 22311
22317 22311 22318
22319 22320 22321
22320 22322 22321
22320 22323 22322
22323 22324 22322
22323 22325 22324
22325 22326 22324
22325 22327 22326
22327 22328 22326
22327 22329 22328
22330 22331 22332
22333 22330 22332
22333 22332 22334
22333 22334 22335
22333 22335 22336
22335 22337 22336
22335 22338 22337
22338 22339 22337
22338 22340 22339
22340 22341 22339
22342 22343 22344
22342 22344 22345
22346 22342 22345
22346 22345 22347
22348 22346 22347
22348 22347 22349
22350 22348 22349
22350 22349 22351
22352 22350 22351
22352 22351 22353
22354 22352 22353
22355 22356 22357
22355 22358 22356
22358 22355 22359
22358 22360 22356
22358 22359 22361
22362 22360 22358
22363 22358 22361
22363 22362 22358
22364 22365 22366
22366 22365 22367
22366 22367 22368
22367 22369 22368
22367 22370 22369
22370 22371 22369
22370 22372 22371
22372 22373 22371
22372 22374 22373
22374 22375 22373
22374 22376 22375
22376 22377 22375
22376 22378 22377
22379 22380 22381
22379 22381 22382
22379 22382 22383
22383 22382 22384
22385 22383 22384
22385 22384 22386
22387 22385 22386
22387 22386 22388
22389 22387 22388
22389 22388 22390
22389 22390 22391
22392 22389 22391
22392 22391 22393
22392 22393 22394
22395 22394 22393
22395 22393 22396
22397 22395 22396
22397 22396 22398
22399 22397 22398
22400 22399 22398
22400 22398 22401
22402 22400 22401
22403 22402 22401
22403 22401 22404
22405 22403 22404
22406 22405 22404
22407 22408 22409
22407 22409 22410
22407 22410 22411
22410 22412 22411
22410 22413 22412
22413 22414 22412
22413 22415 22414
22413 22416 22415
22416 22417 22415
22416 22418 22417
22418 22419 22417
22420 22421 22422
22420 22422 22423
22424 22425 22426
22424 22426 22427
22428 22429 22430
22428 22430 22431
22430 22432 22431
22433 22434 22435
22433 22436 22434
22436 22437 22434
22436 22438 22437
22438 22439 22437
22440 22441 22442
22440 22442 22443
22444 22440 22443
22444 22445 22440
22446 22447 22448
22446 22448 22449
22450 22446 22449
22450 22449 22451
22452 22453 22454
22452 22454 22455
22456 22452 22455
22457 22458 22459
22457 22459 22460
22461 22457 22460
22461 22462 22457
22463 22464 22465
22464 22466 22465
22464 22467 22466
22468 22469 22470
22468 22470 22471
22472 22473 22474
22472 22475 22473
22475 22476 22473
22475 22477 22476
22477 22478 22476
22479 22480 22481
22479 22481 22482
22483 22479 22482
22483 22484 22479
22485 22486 22487
22485 22488 22486
22488 22489 22486
22488 22490 22489
22491 22492 22493
22492 22494 22493
22492 22495 22494
22496 22497 22498
22497 22499 22498
22497 22500 22499
22497 22501 22500
22501 22502 22500
22501 22503 22502
22501 22504 22503
22504 22505 22503
22504 22506 22505
22506 22507 22505
22508 22509 22510
22510 22509 22511
22511 22509 22512
22511 22512 22513
22511 22513 22514
22511 22514 22515
22515 22514 22516
22517 22515 22516
22518 22513 22512
22518 22519 22513
22513 22519 22520
22513 22520 22521
22522 22521 22520
22522 22520 22523
22522 22523 22524
22522 22524 22525
22524 22526 22525
22524 22527 22526
22527 22528 22526
22528 22529 22526
22528 22530 22529
22530 22531 22529
22518 22512 22532
22533 22532 22512
22533 22512 22534
22533 22535 22532
22535 22533 22536
22535 22536 22537
22538 22535 22537
22538 22537 22539
22538 22539 22540
22538 22540 22541
22538 22541 22542
22541 22543 22542
22544 22540 22539
22544 22539 22545
22545 22546 22544
22547 22546 22545
22547 22548 22546
22549 22548 22547
22548 22549 22550
22548 22550 22551
22552 22551 22550
22552 22553 22551
22554 22553 22552
22549 22555 22550
22550 22555 22556
22556 22555 22557
22549 22558 22555
22559 22558 22549
22560 22558 22559
22561 22555 22558
22561 22562 22555
22563 22564 22565
22563 22565 22566
22567 22568 22569
22567 22569 22570
22571 22572 22573
22571 22573 22574
22575 22576 22577
22575 22577 22578
22578 22577 22579
22578 22579 22580
22580 22579 22581
22580 22581 22582
22582 22581 22583
22582 22583 22584
22584 22583 22585
22584 22585 22586
22586 22585 22587
22586 22587 22588
22588 22587 22589
22588 22589 22590
22590 22589 22591
22590 22591 22592
22592 22591 22593
22592 22593 22594
22594 22593 22595
22594 22595 22596
22596 22595 22597
22596 22597 22598
22599 22598 22597
22599 22600 22598
22600 22599 22601
22600 22601 22602
22602 22601 22603
22602 22603 22604
22604 22603 22605
22604 22605 22606
22606 22605 22607
22606 22607 22608
22608 22607 22609
22608 22609 22610
22610 22609 22611
22610 22611 22612
22612 22611 22613
22612 22613 22614
22614 22613 22615
22614 22615 22616
22616 22615 22617
22616 22617 22618
22618 22617 22619
22618 22619 22620
22620 22619 22621
22620 22621 22622
22622 22621 22623
22622 22623 22624
22624 22623 22625
22624 22625 22626
22626 22625 22627
22626 22627 22628
22628 22627 22629
22630 22631 22632
22630 22632 22633
22634 22635 22636
22634 22636 22637
22638 22639 22640
22638 22640 22641
22642 22643 22644
22644 22643 22645
22644 22645 22646
22646 22645 22647
22646 22647 22648
22648 22647 22649
22648 22649 22650
22650 22649 22651
22650 22651 22652
22652 22651 22653
22652 22653 22654
22654 22653 22655
22654 22655 22656
22656 22655 22657
22656 22657 22658
22658 22657 22659
22658 22659 22660
22660 22659 22661
22660 22661 22662
22662 22661 22663
22662 22663 22664
22664 22663 22665
22664 22665 22666
22666 22665 22667
22666 22667 22668
22668 22669 22670
22668 22670 22671
22671 22670 22672
22671 22672 22673
22673 22672 22674
22673 22674 22675
22675 22674 22676
22675 22676 22677
22677 22676 22678
22677 22678 22679
22679 22678 22680
22679 22680 22681
22681 22680 22682
22681 22682 22683
22683 22682 22684
22683 22684 22685
22685 22684 22686
22685 22686 22687
22687 22686 22688
22687 22688 22689
22689 22688 22690
22689 22690 22691
22691 22690 22692
22691 22692 22693
22693 22692 22694
22695 22696 22697
22695 22697 22698
22699 22700 22701
22699 22701 22702
22703 22704 22705
22703 22705 22706
22707 22708 22709
22707 22709 22710
22711 22712 22713
22711 22713 22714
22715 22716 22717
22715 22717 22718
22719 22720 22721
22719 22721 22722
22723 22724 22725
22723 22725 22726
22727 22728 22729
22727 22729 22730
22731 22732 22733
22731 22734 22732
22735 22734 22731
22735 22736 22734
22737 22736 22735
22737 22738 22736
22739 22738 22737
22739 22740 22738
22741 22740 22739
22741 22742 22740
22743 22742 22741
22743 22744 22742
22745 22744 22743
22745 22746 22744
22747 22746 22745
22747 22748 22746
22749 22748 22747
22749 22750 22748
22751 22750 22749
22751 22752 22750
22753 22752 22751
22753 22754 22752
22755 22754 22753
22755 22756 22754
22757 22756 22755
22757 22758 22756
22759 22758 22757
22759 22760 22758
22761 22760 22759
22761 22762 22760
22763 22762 22761
22763 22764 22762
22765 22764 22763
22765 22766 22764
22767 22766 22765
22767 22768 22766
22769 22768 22767
22769 22770 22768
22771 22770 22769
22771 22772 22770
22773 22772 22771
22773 22774 22772
22775 22774 22773
22775 22776 22774
22777 22776 22775
22777 22778 22776
22779 22778 22777
22779 22780 22778
22781 22780 22779
22781 22782 22780
22783 22782 22781
22783 22784 22782
22785 22784 22783
22786 22787 22788
22786 22788 22789
22790 22791 22792
22790 22792 22793
22794 22795 22796
22794 22796 22797
22798 22799 22800
22798 22800 22801
22802 22803 22804
22802 22804 22805
22806 22807 22808
22806 22808 22809
22810 22811 22812
22810 22812 22813
22814 22815 22816
22814 22816 22817
22817 22816 22818
22817 22818 22819
22819 22818 22820
22819 22820 22821
22821 22820 22822
22821 22822 22823
22823 22822 22824
22823 22824 22825
22825 22824 22826
22825 22826 22827
22827 22826 22828
22827 22828 22829
22829 22828 22830
22829 22830 22831
22831 22830 22832
22831 22832 22833
22833 22832 22834
22833 22834 22835
22835 22834 22836
22835 22836 22837
22837 22836 22838
22837 22838 22839
22839 22838 22840
22839 22840 22841
22841 22840 22842
22841 22842 22843
22843 22842 22844
22843 22844 22845
22845 22844 22846
22845 22846 22847
22847 22846 22848
22847 22848 22849
22849 22848 22850
22849 22850 22851
22851 22850 22852
22851 22852 22853
22853 22852 22854
22853 22854 22855
22855 22854 22856
22855 22856 22857
22857 22856 22858
22857 22858 22859
22859 22858 22860
22859 22860 22861
22861 22860 22862
22861 22862 22863
22864 22865 22866
22864 22866 22867
22867 22866 22868
22867 22868 22869
22869 22868 22870
22869 22870 22871
22871 22870 22872
22871 22872 22873
22873 22872 22874
22873 22874 22875
22875 22874 22876
22875 22876 22877
22877 22876 22878
22877 22878 22879
22879 22878 22880
22879 22880 22881
22881 22880 22882
22881 22882 22883
22883 22882 22884
22883 22884 22885
22885 22884 22886
22885 22886 22887
22887 22886 22888
22887 22888 22889
22889 22888 22890
22889 22890 22891
22891 22890 22892
22891 22892 22893
22893 22892 22894
22893 22894 22895
22895 22894 22896
22895 22896 22897
22897 22896 22898
22897 22898 22899
22899 22898 22900
22899 22900 22901
22901 22900 22902
22901 22902 22903
22903 22902 22904
22903 22904 22905
22905 22904 22906
22905 22906 22907
22907 22906 22908
22907 22908 22909
22909 22908 22910
22909 22910 22911
22911 22910 22912
22911 22912 22913
22914 22915 22916
22914 22916 22917
22917 22916 22918
22917 22918 22919
22919 22918 22920
22919 22920 22921
22921 22920 22922
22921 22922 22923
22923 22922 22924
22923 22924 22925
22925 22924 22926
22925 22926 22927
22927 22926 22928
22927 22928 22929
22929 22928 22930
22929 22930 22931
22931 22930 22932
22931 22932 22933
22933 22932 22934
22933 22934 22935
22935 22934 22936
22935 22936 22937
22937 22936 22938
22937 22938 22939
22939 22938 22940
22939 22940 22941
22941 22940 22942
22941 22942 22943
22943 22942 22944
22943 22944 22945
22945 22944 22946
22945 22946 22947
22947 22946 22948
22947 22948 22949
22949 22948 22950
22949 22950 22951
22951 22950 22952
22951 22952 22953
22953 22952 22954
22953 22954 22955
22955 22954 22956
22955 22956 22957
22957 22956 22958
22957 22958 22959
22959 22958 22960
22959 22960 22961
22961 22960 22962
22961 22962 22963
22964 22965 22966
22964 22966 22967
22967 22966 22968
22967 22968 22969
22969 22968 22970
22969 22970 22971
22971 22970 22972
22971 22972 22973
22973 22972 22974
22973 22974 22975
22975 22974 22976
22975 22976 22977
22977 22976 22978
22977 22978 22979
22979 22978 22980
22979 22980 22981
22981 22980 22982
22981 22982 22983
22983 22982 22984
22983 22984 22985
22985 22984 22986
22985 22986 22987
22987 22986 22988
22987 22988 22989
22989 22988 22990
22989 22990 22991
22991 22990 22992
22991 22992 22993
22993 22992 22994
22993 22994 22995
22995 22994 22996
22995 22996 22997
22997 22996 22998
22997 22998 22999
22999 22998 23000
22999 23000 23001
23001 23000 23002
23001 23002 23003
23003 23002 23004
23003 23004 23005
23005 23004 23006
23005 23006 23007
23007 23006 23008
23007 23008 23009
23009 23008 23010
23009 23010 23011
23011 23010 23012
23011 23012 23013
23014 23015 23016
23014 23016 23017
23017 23016 23018
23017 23018 23019
23019 23018 23020
23019 23020 23021
23021 23020 23022
23021 23022 23023
23023 23022 23024
23023 23024 23025
23025 23024 23026
23025 23026 23027
23027 23026 23028
23027 23028 23029
23029 23028 23030
23029 23030 23031
23031 23030 23032
23031 23032 23033
23033 23032 23034
23033 23034 23035
23035 23034 23036
23035 23036 23037
23037 23036 23038
23037 23038 23039
23039 23038 23040
23039 23040 23041
23041 23040 23042
23041 23042 23043
23043 23042 23044
23043 23044 23045
23045 23044 23046
23045 23046 23047
23047 23046 23048
23047 23048 23049
23049 23048 23050
23049 23050 23051
23051 23050 23052
23051 23052 23053
23053 23052 23054
23053 23054 23055
23055 23054 23056
23055 23056 23057
23057 23056 23058
23057 23058 23059
23059 23058 23060
23059 23060 23061
23061 23060 23062
23061 23062 23063
23064 23065 23066
23064 23066 23067
23067 23066 23068
23067 23068 23069
23069 23068 23070
23069 23070 23071
23071 23070 23072
23071 23072 23073
23073 23072 23074
23073 23074 23075
23075 23074 23076
23075 23076 23077
23077 23076 23078
23077 23078 23079
23079 23078 23080
23079 23080 23081
23081 23080 23082
23081 23082 23083
23083 23082 23084
23083 23084 23085
23085 23084 23086
23085 23086 23087
23087 23086 23088
23087 23088 23089
23089 23088 23090
23089 23090 23091
23091 23090 23092
23091 23092 23093
23093 23092 23094
23093 23094 23095
23095 23094 23096
23095 23096 23097
23097 23096 23098
23097 23098 23099
23099 23098 23100
23099 23100 23101
23101 23100 23102
23101 23102 23103
23103 23102 23104
23103 23104 23105
23105 23104 23106
23105 23106 23107
23107 23106 23108
23107 23108 23109
23109 23108 23110
23109 23110 23111
23111 23110 23112
23111 23112 23113
23114 23115 23116
23114 23116 23117
23117 23116 23118
23117 23118 23119
23119 23118 23120
23119 23120 23121
23121 23120 23122
23121 23122 23123
23123 23122 23124
23123 23124 23125
23125 23124 23126
23125 23126 23127
23127 23126 23128
23127 23128 23129
23129 23128 23130
23129 23130 23131
23131 23130 23132
23131 23132 23133
23133 23132 23134
23133 23134 23135
23135 23134 23136
23135 23136 23137
23137 23136 23138
23137 23138 23139
23139 23138 23140
23139 23140 23141
23141 23140 23142
23141 23142 23143
23143 23142 23144
23143 23144 23145
23145 23144 23146
23145 23146 23147
23147 23146 23148
23147 23148 23149
23149 23148 23150
23149 23150 23151
23151 23150 23152
23151 23152 23153
23153 23152 23154
23153 23154 23155
23155 23154 23156
23155 23156 23157
23157 23156 23158
23157 23158 23159
23159 23158 23160
23159 23160 23161
23161 23160 23162
23161 23162 23163
23164 23165 23166
23164 23166 23167
23167 23166 23168
23167 23168 23169
23169 23168 23170
23169 23170 23171
23171 23170 23172
23171 23172 23173
23173 23172 23174
23173 23174 23175
23175 23174 23176
23175 23176 23177
23177 23176 23178
23177 23178 23179
23179 23178 23180
23179 23180 23181
23181 23180 23182
23181 23182 23183
23183 23182 23184
23183 23184 23185
23185 23184 23186
23185 23186 23187
23187 23186 23188
23187 23188 23189
23189 23188 23190
23189 23190 23191
23191 23190 23192
23191 23192 23193
23193 23192 23194
23193 23194 23195
23195 23194 23196
23195 23196 23197
23197 23196 23198
23197 23198 23199
23199 23198 23200
23199 23200 23201
23201 23200 23202
23201 23202 23203
23203 23202 23204
23203 23204 23205
23205 23204 23206
23205 23206 23207
23207 23206 23208
23207 23208 23209
23209 23208 23210
23209 23210 23211
23211 23210 23212
23211 23212 23213
23214 23215 23216
23214 23216 23217
23217 23216 23218
23217 23218 23219
23219 23218 23220
23219 23220 23221
23221 23220 23222
23221 23222 23223
23223 23222 23224
23223 23224 23225
23225 23224 23226
23225 23226 23227
23227 23226 23228
23227 23228 23229
23229 23228 23230
23229 23230 23231
23231 23230 23232
23231 23232 23233
23233 23232 23234
23233 23234 23235
23235 23234 23236
23235 23236 23237
23237 23236 23238
23237 23238 23239
23239 23238 23240
23239 23240 23241
23241 23240 23242
23241 23242 23243
23243 23242 23244
23243 23244 23245
23245 23244 23246
23245 23246 23247
23247 23246 23248
23247 23248 23249
23249 23248 23250
23249 23250 23251
23251 23250 23252
23251 23252 23253
23253 23252 23254
23253 23254 23255
23255 23254 23256
23255 23256 23257
23257 23256 23258
23257 23258 23259
23259 23258 23260
23259 23260 23261
23261 23260 23262
23261 23262 23263
23264 23265 23266
23264 23266 23267
23267 23266 23268
23267 23268 23269
23269 23268 23270
23269 23270 23271
23271 23270 23272
23271 23272 23273
23273 23272 23274
23273 23274 23275
23275 23274 23276
23275 23276 23277
23277 23276 23278
23277 23278 23279
23279 23278 23280
23279 23280 23281
23281 23280 23282
23281 23282 23283
23283 23282 23284
23283 23284 23285
23285 23284 23286
23285 23286 23287
23287 23286 23288
23287 23288 23289
23289 23288 23290
23289 23290 23291
23291 23290 23292
23291 23292 23293
23293 23292 23294
23293 23294 23295
23295 23294 23296
23295 23296 23297
23297 23296 23298
23297 23298 23299
23299 23298 23300
23299 23300 23301
23301 23300 23302
23301 23302 23303
23303 23302 23304
23303 23304 23305
23305 23304 23306
23305 23306 23307
23307 23306 23308
23307 23308 23309
23309 23308 23310
23309 23310 23311
23311 23310 23312
23311 23312 23313
23314 23315 23316
23314 23316 23317
23317 23316 23318
23317 23318 23319
23319 23318 23320
23319 23320 23321
23321 23320 23322
23321 23322 23323
23323 23322 23324
23323 23324 23325
23325 23324 23326
23325 23326 23327
23327 23326 23328
23327 23328 23329
23329 23328 23330
23329 23330 23331
23331 23330 23332
23331 23332 23333
23333 23332 23334
23333 23334 23335
23335 23334 23336
23335 23336 23337
23337 23336 23338
23337 23338 23339
23339 23338 23340
23339 23340 23341
23341 23340 23342
23341 23342 23343
23343 23342 23344
23343 23344 23345
23345 23344 23346
23345 23346 23347
23347 23346 23348
23347 23348 23349
23349 23348 23350
23349 23350 23351
23351 23350 23352
23351 23352 23353
23353 23352 23354
23353 23354 23355
23355 23354 23356
23355 23356 23357
23357 23356 23358
23357 23358 23359
23359 23358 23360
23359 23360 23361
23361 23360 23362
23361 23362 23363
23364 23365 23366
23364 23366 23367
23367 23366 23368
23367 23368 23369
23369 23368 23370
23369 23370 23371
23371 23370 23372
23371 23372 23373
23373 23372 23374
23373 23374 23375
23375 23374 23376
23375 23376 23377
23377 23376 23378
23377 23378 23379
23379 23378 23380
23379 23380 23381
23381 23380 23382
23381 23382 23383
23383 23382 23384
23383 23384 23385
23385 23384 23386
23385 23386 23387
23387 23386 23388
23387 23388 23389
23389 23388 23390
23389 23390 23391
23391 23390 23392
23391 23392 23393
23393 23392 23394
23393 23394 23395
23395 23394 23396
23395 23396 23397
23397 23396 23398
23397 23398 23399
23399 23398 23400
23399 23400 23401
23401 23400 23402
23401 23402 23403
23403 23402 23404
23403 23404 23405
23405 23404 23406
23405 23406 23407
23407 23406 23408
23407 23408 23409
23409 23408 23410
23409 23410 23411
23411 23410 23412
23411 23412 23413
23414 23415 23416
23414 23416 23417
23418 23414 23417
23418 23417 23419
23420 23418 23419
23420 23419 23421
23422 23420 23421
23422 23421 23423
23424 23422 23423
23424 23423 23425
23426 23424 23425
23426 23425 23427
23428 23429 23430
23428 23431 23429
23431 23432 23429
23431 23433 23432
23433 23434 23432
23433 23435 23434
23435 23436 23434
23435 23437 23436
23437 23438 23436
23437 23439 23438
23439 23440 23438
23439 23441 23440
23442 23443 23444
23442 23444 23445
23445 23444 23446
23445 23446 23447
23448 23449 23450
23448 23450 23451
23451 23450 23452
23451 23452 23453
23454 23455 23456
23454 23456 23457
23457 23456 23458
23457 23458 23459
23460 23461 23462
23460 23462 23463
23463 23462 23464
23463 23464 23465
23466 23467 23468
23466 23468 23469
23469 23468 23470
23469 23470 23471
23472 23473 23474
23472 23474 23475
23475 23474 23476
23475 23476 23477
23478 23479 23480
23478 23480 23481
23482 23478 23481
23482 23481 23483
23484 23482 23483
23484 23483 23485
23486 23484 23485
23486 23485 23487
23488 23486 23487
23488 23487 23489
23490 23488 23489
23490 23489 23491
23492 23493 23494
23492 23495 23493
23495 23496 23493
23495 23497 23496
23497 23498 23496
23497 23499 23498
23499 23500 23498
23499 23501 23500
23501 23502 23500
23501 23503 23502
23503 23504 23502
23503 23505 23504
23506 23507 23508
23506 23508 23509
23509 23508 23510
23509 23510 23511
23512 23513 23514
23512 23514 23515
23515 23514 23516
23515 23516 23517
23518 23519 23520
23518 23520 23521
23521 23520 23522
23521 23522 23523
23524 23525 23526
23524 23526 23527
23527 23526 23528
23527 23528 23529
23530 23531 23532
23530 23532 23533
23533 23532 23534
23533 23534 23535
23536 23537 23538
23536 23538 23539
23539 23538 23540
23539 23540 23541
23542 23543 23544
23542 23544 23545
23545 23544 23546
23545 23546 23547
23548 23549 23550
23548 23550 23551
23551 23550 23552
23551 23552 23553
23554 23555 23556
23554 23556 23557
23557 23556 23558
23557 23558 23559
23560 23561 23562
23560 23562 23563
23563 23562 23564
23563 23564 23565
23566 23567 23568
23566 23568 23569
23569 23568 23570
23569 23570 23571
23572 23573 23574
23572 23574 23575
23575 23574 23576
23575 23576 23577
23578 23579 23580
23578 23580 23581
23582 23580 23579
23583 23581 23580
23582 23584 23580
23583 23580 23585
23586 23580 23584
23586 23585 23580
23587 23588 23589
23587 23589 23590
23591 23589 23588
23592 23590 23589
23591 23593 23589
23592 23589 23594
23595 23589 23593
23595 23594 23589
23596 23597 23598
23596 23599 23597
23600 23598 23597
23601 23597 23599
23600 23597 23602
23601 23603 23597
23604 23602 23597
23604 23597 23603
23605 23606 23607
23605 23608 23606
23609 23607 23606
23610 23606 23608
23609 23606 23611
23610 23612 23606
23613 23611 23606
23613 23606 23612
23614 23615 23616
23614 23616 23617
23618 23616 23615
23619 23617 23616
23618 23620 23616
23619 23616 23621
23622 23616 23620
23622 23621 23616
23623 23624 23625
23623 23625 23626
23627 23625 23624
23628 23626 23625
23627 23629 23625
23628 23625 23630
23631 23625 23629
23631 23630 23625
23632 23633 23634
23635 23632 23634
23633 23636 23634
23636 23635 23634
23633 23637 23636
23636 23638 23635
23639 23636 23637
23640 23638 23636
23639 23640 23636
23640 23641 23638
23642 23640 23639
23641 23640 23643
23642 23643 23640
23641 23643 23644
23645 23643 23642
23646 23644 23643
23645 23646 23643
23645 23647 23646
23646 23648 23644
23647 23648 23646
23645 23649 23647
23647 23650 23648
23651 23647 23649
23647 23652 23650
23651 23653 23647
23647 23653 23652
23654 23653 23651
23652 23653 23654
23654 23651 23655
23652 23654 23656
23654 23655 23657
23656 23654 23657
23658 23659 23660
23661 23659 23658
23660 23659 23662
23662 23659 23661
23660 23662 23663
23662 23661 23664
23665 23663 23662
23666 23662 23664
23665 23662 23666
23666 23664 23667
23668 23665 23666
23667 23669 23666
23668 23666 23669
23667 23670 23669
23671 23668 23669
23672 23669 23670
23671 23669 23672
23671 23672 23673
23672 23670 23674
23673 23672 23674
23671 23673 23675
23673 23674 23676
23677 23675 23673
23673 23676 23678
23677 23673 23679
23673 23678 23679
23680 23677 23679
23678 23680 23679
23680 23681 23677
23678 23682 23680
23680 23683 23681
23682 23683 23680
23684 23685 23686
23687 23685 23684
23686 23685 23688
23688 23685 23687
23686 23688 23689
23688 23687 23690
23691 23689 23688
23692 23688 23690
23691 23688 23692
23692 23690 23693
23694 23691 23692
23693 23695 23692
23694 23692 23695
23693 23696 23695
23697 23694 23695
23698 23695 23696
23697 23695 23698
23697 23698 23699
23698 23696 23700
23699 23698 23700
23697 23699 23701
23699 23700 23702
23703 23701 23699
23699 23702 23704
23703 23699 23705
23699 23704 23705
23706 23703 23705
23704 23706 23705
23706 23707 23703
23704 23708 23706
23706 23709 23707
23708 23709 23706
23710 23711 23712
23712 23711 23713
23710 23712 23714
23712 23713 23715
23713 23716 23715
23713 23717 23716
23710 23714 23718
23710 23718 23719
23720 23716 23717
23720 23717 23721
23722 23720 23721
23722 23723 23720
23723 23722 23724
23724 23725 23723
23724 23726 23725
23726 23727 23725
23726 23728 23727
23728 23729 23727
23728 23730 23729
23718 23731 23719
23718 23732 23731
23731 23732 23733
23731 23733 23734
23735 23734 23733
23735 23736 23734
23730 23737 23729
23730 23738 23737
23739 23737 23738
23739 23740 23737
23741 23740 23739
23741 23742 23740
23743 23742 23741
23743 23744 23742
23745 23744 23743
23736 23735 23746
23745 23746 23744
23736 23746 23747
23746 23745 23747
23748 23749 23750
23748 23751 23749
23748 23750 23752
23748 23752 23753
23753 23752 23754
23753 23754 23755
23755 23754 23756
23755 23756 23757
23751 23748 23758
23757 23756 23759
23757 23759 23760
23761 23760 23759
23761 23759 23762
23751 23758 23763
23764 23761 23762
23764 23762 23765
23764 23765 23766
23764 23766 23767
23767 23766 23768
23767 23768 23769
23769 23768 23770
23769 23770 23771
23772 23751 23763
23771 23770 23773
23771 23773 23774
23775 23751 23772
23751 23775 23776
23777 23774 23773
23777 23773 23778
23777 23778 23779
23751 23776 23780
23777 23779 23780
23749 23751 23780
23749 23780 23779
23781 23782 23783
23784 23782 23781
23783 23782 23785
23786 23782 23784
23785 23782 23787
23788 23782 23786
23787 23782 23789
23790 23782 23788
23789 23782 23791
23792 23782 23790
23791 23782 23793
23794 23782 23792
23793 23782 23795
23796 23782 23794
23795 23782 23797
23798 23782 23796
23797 23782 23799
23800 23782 23798
23799 23782 23801
23802 23782 23800
23801 23782 23803
23804 23782 23802
23803 23782 23805
23805 23782 23804
23806 23807 23808
23809 23807 23806
23808 23807 23810
23811 23807 23809
23810 23807 23812
23813 23807 23811
23812 23807 23814
23815 23807 23813
23814 23807 23816
23817 23807 23815
23816 23807 23818
23819 23807 23817
23818 23807 23820
23821 23807 23819
23820 23807 23822
23823 23807 23821
23822 23807 23824
23825 23807 23823
23824 23807 23826
23827 23807 23825
23826 23807 23828
23829 23807 23827
23828 23807 23830
23830 23807 23829
23831 23832 23833
23834 23833 23832
23831 23833 23835
23834 23836 23833
23837 23831 23835
23838 23836 23834
23837 23835 23839
23838 23840 23836
23841 23837 23839
23842 23840 23838
23841 23839 23843
23842 23844 23840
23844 23842 23845
23844 23845 23846
23847 23841 23843
23847 23843 23848
23847 23848 23849
23847 23849 23850
23846 23845 23851
23846 23851 23852
23853 23852 23851
23853 23851 23854
23855 23853 23854
23855 23854 23856
23857 23850 23849
23857 23858 23850
23857 23859 23858
23857 23860 23859
23856 23861 23855
23856 23862 23861
23861 23862 23863
23861 23863 23864
23865 23859 23860
23865 23864 23863
23865 23860 23866
23865 23866 23864
23867 23868 23869
23870 23868 23867
23869 23868 23871
23872 23868 23870
23871 23868 23873
23874 23868 23872
23873 23868 23875
23876 23868 23874
23875 23868 23877
23878 23868 23876
23877 23868 23879
23879 23868 23878
23880 23881 23882
23883 23881 23880
23882 23881 23884
23885 23881 23883
23884 23881 23886
23887 23881 23885
23886 23881 23888
23889 23881 23887
23888 23881 23890
23891 23881 23889
23890 23881 23892
23892 23881 23891
23893 23894 23895
23893 23895 23896
23894 23897 23895
23898 23893 23896
23894 23899 23897
23898 23896 23900
23899 23901 23897
23902 23898 23900
23899 23903 23901
23902 23900 23904
23903 23905 23901
23906 23902 23904
23903 23907 23905
23906 23904 23908
23907 23909 23905
23910 23906 23908
23907 23911 23909
23910 23908 23912
23911 23913 23909
23914 23910 23912
23911 23915 23913
23914 23912 23916
23915 23914 23916
23915 23916 23913
23917 23918 23919
23917 23919 23920
23918 23921 23919
23922 23917 23920
23918 23923 23921
23922 23920 23924
23923 23925 23921
23926 23922 23924
23923 23927 23925
23926 23924 23928
23927 23929 23925
23930 23926 23928
23927 23931 23929
23930 23928 23932
23931 23933 23929
23934 23930 23932
23931 23935 23933
23934 23932 23936
23935 23937 23933
23938 23934 23936
23935 23939 23937
23938 23936 23940
23939 23938 23940
23939 23940 23937
23941 23942 23943
23941 23943 23944
23942 23945 23943
23946 23941 23944
23942 23947 23945
23946 23944 23948
23947 23949 23945
23950 23946 23948
23947 23951 23949
23950 23948 23952
23951 23953 23949
23954 23950 23952
23951 23955 23953
23954 23952 23956
23955 23957 23953
23958 23954 23956
23955 23959 23957
23958 23956 23960
23959 23961 23957
23962 23958 23960
23959 23963 23961
23962 23960 23964
23963 23962 23964
23963 23964 23961
