byte offset: 0
first index: 13056
index count: 102
topology: trianglelist
format: DXGI_FORMAT_R16_UINT

3100 3101 3102
3100 3102 3103
3104 3100 3103
3104 3103 3105
3106 3104 3105
3106 3105 3107
3106 3107 3108
3106 3108 3109
3110 3109 3108
3110 3108 3111
3112 3110 3111
3112 3111 3113
3112 3113 3114
3112 3114 3115
3116 3115 3114
3116 3117 3115
3118 3117 3116
3119 3120 3121
3119 3122 3120
3123 3122 3119
3123 3124 3122
3125 3124 3123
3125 3126 3124
3125 3127 3126
3125 3128 3127
3129 3127 3128
3129 3130 3127
3131 3130 3129
3131 3132 3130
3131 3133 3132
3131 3134 3133
3135 3133 3134
3135 3134 3136
3137 3135 3136
