byte offset: 0
first index: 71967
index count: 2136
topology: trianglelist
format: DXGI_FORMAT_R16_UINT

18552 18553 18554
18555 18552 18554
18554 18556 18555
18556 18557 18555
18556 18558 18557
18558 18559 18557
18558 18560 18559
18559 18560 18561
18559 18561 18562
18562 18561 18563
18562 18563 18564
18564 18563 18565
18564 18565 18566
18566 18565 18567
18568 18566 18567
18567 18569 18568
18570 18568 18569
18570 18569 18571
18571 18572 18570
18570 18572 18573
18570 18573 18574
18573 18575 18574
18573 18576 18575
18577 18578 18579
18579 18580 18577
18580 18581 18577
18581 18580 18582
18581 18582 18583
18583 18582 18584
18583 18584 18585
18584 18586 18585
18584 18587 18586
18587 18588 18586
18587 18589 18588
18589 18590 18588
18589 18591 18590
18590 18591 18592
18592 18593 18590
18592 18594 18593
18594 18592 18595
18595 18596 18594
18595 18597 18596
18595 18598 18597
18595 18599 18598
18599 18600 18598
18599 18601 18600
18602 18603 18604
18602 18604 18605
18605 18606 18602
18607 18605 18604
18605 18608 18606
18608 18609 18606
18607 18610 18605
18610 18608 18605
18610 18607 18611
18610 18611 18612
18612 18611 18613
18610 18614 18608
18612 18614 18610
18612 18615 18614
18615 18612 18616
18612 18613 18616
18617 18608 18614
18608 18617 18609
18613 18618 18616
18613 18619 18618
18615 18616 18620
18618 18620 18616
18615 18621 18614
18617 18614 18621
18617 18622 18609
18623 18617 18621
18617 18623 18622
18624 18609 18622
18625 18609 18624
18626 18625 18624
18627 18624 18622
18626 18624 18627
18628 18626 18627
18628 18629 18626
18630 18628 18627
18627 18622 18631
18630 18627 18631
18623 18631 18622
18632 18630 18631
18623 18632 18631
18632 18633 18630
18634 18633 18632
18623 18621 18635
18632 18623 18635
18634 18632 18636
18632 18635 18636
18637 18635 18621
18615 18637 18621
18638 18634 18636
18638 18639 18634
18640 18636 18635
18637 18640 18635
18640 18638 18636
18641 18639 18638
18641 18642 18639
18643 18640 18637
18615 18643 18637
18644 18638 18640
18643 18644 18640
18644 18641 18638
18645 18642 18641
18645 18646 18642
18647 18645 18641
18647 18641 18644
18648 18647 18644
18648 18644 18643
18615 18648 18643
18615 18649 18650
18620 18649 18615
18649 18651 18650
18620 18652 18649
18618 18652 18620
18649 18653 18651
18652 18653 18649
18653 18654 18651
18618 18655 18652
18652 18656 18653
18655 18656 18652
18653 18657 18654
18656 18657 18653
18618 18658 18655
18618 18659 18658
18655 18660 18656
18658 18660 18655
18659 18661 18658
18658 18661 18660
18659 18662 18661
18660 18663 18656
18656 18663 18657
18657 18664 18654
18665 18654 18664
18662 18666 18661
18662 18667 18666
18668 18666 18667
18661 18669 18660
18660 18669 18663
18661 18666 18669
18657 18670 18664
18663 18670 18657
18671 18665 18664
18670 18671 18664
18671 18672 18665
18670 18673 18671
18674 18673 18670
18663 18675 18670
18669 18675 18663
18674 18670 18675
18669 18676 18675
18676 18674 18675
18666 18676 18669
18676 18677 18674
18666 18678 18676
18678 18677 18676
18668 18678 18666
18678 18679 18677
18668 18679 18678
18668 18680 18679
18681 18682 18683
18683 18684 18681
18683 18685 18684
18681 18684 18686
18684 18685 18686
18681 18686 18687
18685 18688 18686
18689 18688 18685
18688 18689 18690
18689 18691 18690
18690 18691 18692
18690 18692 18693
18687 18686 18694
18688 18694 18686
18695 18687 18694
18694 18688 18696
18688 18690 18696
18695 18694 18697
18694 18696 18697
18698 18695 18697
18698 18697 18699
18699 18697 18696
18699 18700 18698
18690 18693 18701
18696 18690 18702
18702 18690 18701
18699 18696 18703
18696 18702 18703
18704 18701 18693
18704 18693 18705
18706 18704 18705
18707 18699 18703
18699 18707 18700
18708 18703 18702
18707 18703 18708
18709 18702 18701
18709 18701 18704
18708 18702 18709
18706 18710 18704
18710 18709 18704
18710 18706 18711
18712 18708 18709
18710 18712 18709
18712 18713 18708
18713 18707 18708
18712 18710 18714
18710 18711 18714
18715 18714 18711
18715 18716 18714
18716 18712 18714
18717 18700 18707
18713 18717 18707
18700 18717 18718
18713 18718 18717
18700 18718 18719
18713 18720 18718
18713 18712 18720
18718 18721 18719
18720 18721 18718
18721 18722 18719
18720 18723 18721
18712 18723 18720
18721 18724 18722
18723 18724 18721
18723 18725 18724
18726 18725 18723
18712 18726 18723
18727 18722 18724
18725 18727 18724
18727 18728 18722
18712 18729 18726
18725 18726 18729
18728 18727 18730
18728 18730 18731
18732 18731 18730
18732 18733 18731
18727 18734 18730
18732 18730 18734
18712 18735 18729
18712 18736 18735
18736 18737 18735
18736 18738 18737
18738 18739 18737
18738 18740 18739
18737 18739 18741
18735 18737 18742
18737 18741 18742
18735 18742 18729
18741 18743 18742
18744 18742 18743
18729 18742 18745
18744 18745 18742
18729 18745 18746
18725 18729 18746
18744 18747 18745
18747 18746 18745
18744 18748 18747
18747 18748 18749
18747 18750 18746
18750 18725 18746
18747 18749 18751
18750 18747 18751
18752 18751 18749
18750 18753 18725
18750 18751 18754
18753 18750 18754
18752 18755 18751
18755 18754 18751
18753 18756 18725
18725 18756 18727
18727 18756 18734
18756 18753 18757
18753 18754 18757
18756 18757 18734
18752 18758 18755
18752 18759 18758
18755 18760 18754
18760 18757 18754
18758 18760 18755
18761 18734 18757
18760 18761 18757
18761 18732 18734
18759 18762 18758
18759 18763 18762
18758 18764 18760
18762 18764 18758
18764 18761 18760
18762 18765 18764
18766 18732 18761
18764 18766 18761
18765 18766 18764
18767 18732 18766
18765 18767 18766
18768 18769 18770
18768 18771 18769
18771 18768 18772
18771 18772 18773
18771 18773 18774
18775 18771 18774
18776 18775 18774
18773 18777 18774
18776 18774 18777
18773 18778 18777
18772 18778 18773
18779 18776 18777
18778 18779 18777
18779 18780 18776
18776 18780 18781
18780 18782 18781
18778 18783 18779
18784 18783 18778
18772 18784 18778
18784 18785 18783
18772 18768 18786
18784 18772 18786
18785 18784 18787
18784 18786 18787
18785 18787 18788
18768 18789 18786
18789 18787 18786
18768 18790 18789
18791 18788 18787
18789 18791 18787
18790 18791 18789
18791 18792 18788
18790 18793 18791
18793 18792 18791
18793 18794 18792
18795 18796 18797
18795 18797 18798
18795 18798 18799
18800 18795 18799
18800 18801 18795
18801 18802 18795
18801 18800 18803
18804 18802 18801
18801 18803 18805
18803 18806 18805
18805 18806 18807
18805 18807 18808
18809 18805 18808
18809 18808 18810
18811 18809 18810
18812 18809 18811
18813 18804 18801
18813 18801 18805
18809 18813 18805
18814 18804 18813
18815 18814 18813
18812 18816 18809
18817 18816 18812
18817 18818 18816
18809 18819 18813
18819 18815 18813
18816 18819 18809
18818 18820 18816
18816 18820 18819
18818 18821 18820
18822 18815 18819
18820 18822 18819
18823 18815 18822
18821 18824 18820
18820 18824 18822
18825 18822 18824
18821 18826 18824
18825 18824 18826
18822 18827 18823
18825 18827 18822
18827 18828 18823
18828 18827 18825
18828 18825 18829
18830 18829 18825
18830 18825 18831
18825 18826 18831
18832 18830 18831
18831 18826 18833
18832 18831 18833
18826 18834 18833
18834 18832 18833
18834 18835 18832
18836 18837 18838
18836 18838 18839
18838 18840 18839
18838 18841 18840
18841 18842 18840
18841 18843 18842
18843 18844 18842
18844 18845 18842
18840 18842 18845
18840 18845 18846
18839 18840 18846
18839 18846 18847
18836 18839 18847
18836 18847 18848
18849 18836 18848
18848 18847 18850
18851 18849 18848
18852 18848 18850
18852 18851 18848
18853 18854 18855
18853 18855 18856
18857 18853 18856
18858 18857 18856
18858 18859 18857
18860 18859 18858
18860 18858 18861
18858 18862 18861
18855 18863 18856
18856 18863 18858
18855 18864 18863
18858 18865 18862
18863 18865 18858
18865 18866 18862
18864 18867 18863
18863 18867 18865
18864 18868 18867
18865 18869 18866
18867 18869 18865
18869 18870 18866
18868 18871 18867
18867 18871 18869
18871 18870 18869
18868 18872 18871
18872 18870 18871
18873 18874 18875
18873 18875 18876
18877 18873 18876
18876 18875 18878
18877 18876 18879
18877 18879 18880
18879 18881 18880
18876 18878 18882
18876 18882 18879
18879 18882 18881
18878 18883 18882
18882 18884 18881
18882 18883 18884
18885 18886 18887
18885 18887 18888
18887 18889 18888
18889 18890 18888
18890 18885 18888
18889 18891 18890
18890 18892 18885
18891 18892 18890
18892 18893 18885
18891 18894 18892
18894 18893 18892
18894 18895 18893
18896 18897 18898
18899 18896 18898
18899 18898 18900
18899 18900 18901
18901 18900 18902
18903 18899 18901
18903 18904 18899
18905 18904 18903
18905 18906 18904
18907 18905 18903
18907 18903 18901
18901 18902 18908
18907 18901 18908
18908 18902 18909
18910 18907 18908
18908 18909 18911
18910 18908 18911
18912 18911 18909
18912 18910 18911
18913 18914 18915
18914 18916 18915
18916 18917 18915
18916 18918 18917
18918 18919 18917
18918 18916 18920
18918 18921 18919
18921 18922 18919
18918 18920 18923
18921 18918 18923
18921 18924 18922
18924 18925 18922
18920 18926 18923
18920 18927 18926
18926 18927 18928
18921 18923 18929
18924 18921 18929
18926 18929 18923
18930 18926 18928
18926 18930 18929
18928 18931 18930
18931 18932 18930
18924 18929 18933
18925 18924 18933
18930 18933 18929
18934 18930 18932
18930 18934 18933
18934 18925 18933
18934 18932 18935
18925 18934 18935
18936 18937 18938
18939 18937 18936
18936 18938 18940
18941 18940 18938
18940 18941 18942
18939 18936 18943
18944 18939 18943
18944 18943 18945
18943 18946 18945
18943 18947 18946
18936 18947 18943
18947 18948 18946
18936 18949 18947
18940 18949 18936
18947 18950 18948
18949 18950 18947
18950 18951 18948
18940 18942 18952
18953 18952 18942
18952 18953 18954
18940 18955 18949
18952 18955 18940
18950 18956 18951
18956 18957 18951
18949 18958 18950
18958 18956 18950
18955 18958 18949
18952 18954 18959
18954 18960 18959
18959 18960 18961
18959 18961 18962
18958 18963 18956
18963 18957 18956
18955 18964 18958
18964 18963 18958
18952 18965 18955
18965 18952 18959
18965 18964 18955
18966 18959 18962
18965 18959 18966
18966 18962 18967
18968 18957 18963
18964 18968 18963
18965 18969 18964
18969 18965 18966
18969 18968 18964
18970 18966 18967
18969 18966 18970
18970 18967 18971
18968 18972 18957
18973 18957 18972
18973 18972 18974
18975 18974 18972
18975 18972 18976
18969 18977 18968
18977 18972 18968
18977 18969 18970
18977 18976 18972
18978 18970 18971
18977 18970 18978
18976 18977 18978
18978 18971 18979
18976 18978 18979
18980 18981 18982
18980 18982 18983
18981 18980 18984
18981 18984 18985
18984 18986 18985
18986 18984 18987
18986 18987 18988
18980 18989 18984
18984 18989 18987
18988 18987 18990
18987 18989 18990
18988 18990 18991
18991 18990 18992
18990 18989 18992
18991 18992 18993
18993 18992 18994
18992 18989 18994
18993 18994 18995
18989 18980 18996
18980 18983 18996
18994 18989 18997
18995 18994 18997
18998 18989 18996
18998 18996 18983
18998 18983 18999
18995 18997 19000
19001 18998 18999
19000 18997 19002
18997 18989 19002
19000 19002 19003
19004 18998 19001
18989 18998 19004
19004 19001 19005
19006 19004 19005
19007 19003 19002
18989 19007 19002
19007 19008 19003
19006 19009 19004
19009 18989 19004
19009 19006 19010
19008 19007 19011
19007 18989 19011
19008 19011 19012
18989 19009 19013
19009 19010 19013
19011 18989 19014
19012 19011 19014
19014 18989 19015
19012 19014 19016
19016 19014 19015
19010 19017 19013
19016 19015 19018
19013 19017 19019
19018 19015 19020
19015 18989 19020
19018 19020 19021
19022 19013 19019
19022 18989 19013
19023 19022 19019
19024 19022 19023
19021 19020 19025
19020 18989 19025
19021 19025 19026
19024 19027 19022
19027 18989 19022
19028 19027 19024
19029 19026 19025
18989 19029 19025
19029 19030 19026
19030 19031 19028
19028 19031 19027
19031 18989 19027
19029 18989 19031
19030 19029 19031
19032 19033 19034
19033 19035 19034
19032 19034 19036
19037 19032 19036
19035 19038 19034
19035 19039 19038
19037 19036 19040
19040 19041 19037
19036 19034 19042
19034 19038 19042
19040 19036 19042
19043 19038 19039
19042 19038 19043
19043 19039 19044
19043 19044 19045
19040 19046 19041
19042 19046 19040
19046 19047 19041
19048 19047 19046
19043 19049 19042
19045 19049 19043
19050 19046 19042
19048 19046 19050
19049 19051 19042
19045 19052 19049
19052 19053 19049
19053 19051 19049
19054 19048 19050
19053 19055 19051
19056 19054 19050
19055 19057 19051
19051 19057 19042
19055 19058 19057
19056 19050 19059
19059 19050 19042
19060 19056 19059
19058 19061 19057
19057 19061 19042
19058 19062 19061
19060 19059 19063
19063 19059 19042
19064 19060 19063
19062 19065 19061
19061 19065 19042
19062 19066 19065
19064 19063 19067
19067 19063 19042
19065 19068 19042
19066 19068 19065
19042 19069 19067
19067 19070 19064
19067 19069 19070
19066 19071 19068
19072 19070 19069
19071 19073 19068
19068 19073 19042
19071 19074 19073
19072 19069 19075
19075 19069 19042
19076 19072 19075
19077 19073 19074
19042 19073 19077
19077 19074 19078
19076 19075 19079
19079 19075 19042
19080 19076 19079
19078 19081 19077
19077 19081 19042
19078 19082 19081
19082 19080 19083
19080 19079 19083
19083 19079 19042
19081 19083 19042
19082 19083 19081
