byte offset: 0
first index: 0
index count: 12714
topology: trianglelist
format: DXGI_FORMAT_R16_UINT

0 1 2
3 0 4
3 4 5
6 5 4
0 7 4
0 8 7
6 4 9
7 9 4
6 9 10
6 10 11
12 11 10
12 13 11
12 14 13
9 15 10
10 15 12
7 16 9
9 16 15
12 17 14
17 18 14
7 19 16
20 15 16
20 16 19
21 12 15
21 15 20
22 17 12
22 12 21
7 23 19
8 23 7
17 24 18
25 17 22
25 24 17
18 24 26
18 26 27
26 28 27
29 26 24
29 24 25
26 30 28
29 30 26
28 30 31
28 31 32
31 33 32
8 34 23
34 35 23
35 19 23
35 36 19
36 20 19
36 37 20
21 20 37
35 38 36
37 36 38
21 37 39
39 22 21
37 38 40
40 39 37
39 41 22
40 42 39
42 41 39
43 22 41
43 25 22
34 44 35
45 38 35
45 35 44
46 40 38
47 42 40
46 47 40
48 38 45
48 46 38
42 49 41
43 41 50
41 49 50
51 49 42
47 51 42
50 49 52
51 52 49
44 53 45
45 54 48
45 53 54
44 55 53
34 55 44
56 43 50
50 52 57
56 50 57
56 58 43
43 58 25
58 59 25
29 25 59
58 60 59
61 29 59
60 61 59
56 62 58
62 60 58
61 63 29
29 63 30
30 63 64
64 63 61
30 64 31
60 65 61
64 61 65
60 66 65
66 60 62
67 64 65
66 67 65
68 31 64
67 68 64
68 69 31
31 69 33
69 68 70
70 68 67
33 69 71
69 70 71
71 70 72
33 71 73
73 71 74
71 72 74
73 74 75
75 74 76
72 76 74
77 75 76
70 67 78
72 70 78
79 78 67
66 79 67
79 66 80
66 62 80
76 81 77
76 82 81
82 76 72
77 81 83
83 81 82
83 82 84
77 83 85
83 84 86
85 83 87
83 86 87
85 87 88
89 87 86
90 88 87
89 90 87
90 91 88
92 90 89
90 93 91
92 94 90
90 94 93
95 94 92
93 94 95
95 92 96
93 95 97
98 95 96
97 95 99
98 99 95
100 99 98
97 99 101
102 101 99
100 102 99
100 103 102
100 104 103
100 105 104
104 105 106
104 106 107
108 107 106
108 109 107
108 110 109
108 111 110
112 111 108
113 108 106
112 108 113
111 112 114
115 111 114
114 116 115
113 106 117
106 118 117
106 119 118
118 119 100
118 100 120
98 120 100
121 113 117
118 122 117
121 117 122
123 112 113
123 113 121
124 118 120
118 124 122
98 125 120
124 120 126
125 126 120
127 125 98
127 98 128
125 129 126
129 125 127
127 128 130
130 128 131
130 131 132
130 132 133
133 132 134
133 134 135
136 135 134
137 122 124
126 138 124
137 124 138
139 126 129
126 139 138
137 140 122
140 121 122
140 141 121
123 121 141
142 133 135
135 136 143
135 143 142
136 144 143
136 145 144
145 72 144
142 146 133
146 130 133
142 143 147
147 143 144
72 148 144
72 78 148
148 78 149
79 149 78
144 148 150
148 149 150
149 79 151
79 80 151
146 142 152
142 147 152
146 153 130
127 130 153
147 144 154
144 150 154
155 150 149
149 151 155
156 154 150
155 156 150
157 147 154
156 157 154
158 152 147
157 158 147
146 152 159
153 146 159
160 127 153
129 127 160
158 161 152
159 152 161
160 153 162
153 159 162
163 129 160
139 129 163
164 160 162
163 160 164
165 162 159
164 162 165
159 161 166
165 159 166
167 161 158
166 161 168
167 168 161
158 169 167
158 157 169
170 169 157
170 157 156
156 171 170
156 155 171
155 172 171
155 151 172
173 172 151
173 151 80
174 173 80
174 80 62
62 175 174
62 56 175
176 175 56
56 57 176
177 174 175
176 177 175
173 174 178
177 178 174
179 172 173
173 178 179
180 171 172
179 180 172
57 181 176
176 181 177
180 182 171
182 170 171
182 183 170
183 169 170
183 184 169
167 169 184
167 184 185
185 168 167
186 180 179
187 182 180
186 187 180
188 183 182
187 188 182
189 184 183
188 189 183
190 186 179
190 179 178
187 186 191
190 191 186
188 187 192
187 191 192
193 190 178
193 178 177
189 194 184
194 185 184
189 188 195
188 192 195
190 196 191
193 196 190
197 193 177
197 177 181
193 198 196
197 198 193
191 196 199
198 199 196
200 194 189
189 195 200
192 191 201
191 199 201
181 202 197
57 202 181
57 203 202
57 52 203
52 204 203
52 51 204
205 204 51
205 51 47
206 205 47
206 47 46
204 205 207
206 207 205
203 204 208
204 207 208
207 209 208
210 207 206
211 206 46
206 211 210
211 46 48
203 208 212
212 208 209
202 203 212
212 209 213
210 211 214
48 214 211
210 214 215
48 54 214
202 212 216
216 212 213
197 202 216
216 213 217
215 214 218
218 214 54
219 215 218
197 216 220
220 216 217
197 220 198
220 217 221
222 198 220
221 222 220
221 223 222
198 222 199
224 222 223
224 199 222
201 199 224
201 224 225
218 54 226
53 226 54
227 201 225
192 201 227
228 227 225
228 192 227
228 225 229
228 195 192
229 230 228
195 228 230
230 229 231
195 230 200
232 230 231
232 200 230
231 233 232
231 234 233
232 235 200
235 232 233
200 235 194
235 236 194
194 236 185
235 233 237
235 237 236
234 238 233
238 237 233
239 238 234
234 240 239
238 241 237
241 236 237
239 241 238
236 242 185
185 242 168
241 243 236
236 243 242
239 244 241
244 243 241
240 245 239
245 244 239
242 246 168
166 168 246
247 242 243
242 247 246
247 248 246
166 246 249
248 249 246
166 249 165
244 250 243
247 243 250
251 250 244
245 251 244
240 252 245
253 252 240
254 247 250
251 254 250
245 255 251
245 252 255
247 256 248
254 256 247
251 257 254
251 255 257
254 258 256
254 257 258
258 248 256
255 259 257
258 257 259
252 260 255
255 260 259
252 253 261
252 261 260
253 262 261
263 262 253
261 264 260
261 262 264
260 265 259
260 264 265
258 259 266
265 266 259
267 264 262
267 265 264
263 268 262
267 262 268
268 263 269
269 263 270
268 271 267
268 269 271
267 272 265
271 272 267
270 273 269
273 270 274
275 271 269
275 269 273
266 276 258
258 276 248
265 277 266
272 277 265
271 278 272
278 271 275
266 279 276
277 279 266
272 280 277
278 280 272
277 281 279
281 277 280
273 274 282
273 283 275
273 282 283
282 274 284
283 282 284
284 274 285
278 275 286
286 275 283
278 287 280
286 287 278
281 280 288
287 288 280
281 289 279
290 281 288
281 290 289
291 279 289
291 276 279
291 292 276
248 276 292
248 292 293
248 293 249
249 293 294
292 294 293
249 294 295
295 165 249
295 164 165
296 164 295
296 163 164
295 294 297
295 297 296
292 298 294
298 297 294
291 299 292
298 292 299
300 163 296
300 139 163
301 296 297
301 300 296
298 302 297
301 297 302
139 300 303
139 303 138
300 301 304
300 304 303
305 303 304
306 138 303
305 306 303
306 137 138
307 304 301
301 302 307
302 298 308
298 299 308
305 304 309
307 309 304
307 302 310
302 308 310
311 309 307
307 310 311
137 306 312
313 306 305
313 312 306
137 312 314
137 314 140
308 299 315
310 308 316
308 315 316
299 317 315
299 291 317
317 291 289
311 310 318
310 316 318
316 315 319
319 315 317
317 289 320
290 320 289
318 316 321
316 319 321
319 317 322
322 317 320
321 319 323
322 323 319
311 318 324
318 321 325
325 324 318
324 326 311
311 326 309
327 309 326
305 309 327
322 320 328
322 329 323
328 329 322
328 320 330
290 330 320
331 330 290
290 288 331
332 331 288
287 332 288
333 332 287
286 333 287
334 333 286
286 283 334
334 283 335
283 284 335
335 284 336
284 285 336
285 337 336
285 338 337
339 337 338
339 340 337
340 339 341
342 336 337
337 340 342
340 341 343
343 341 344
335 336 345
342 345 336
346 342 340
346 340 343
343 344 347
347 344 348
349 345 342
346 349 342
350 335 345
349 350 345
346 343 351
351 343 347
347 348 352
353 352 348
354 347 352
351 347 354
350 355 335
334 335 355
355 356 334
334 356 333
350 357 355
355 357 356
356 358 333
333 358 332
359 352 353
354 352 359
350 360 357
349 360 350
357 361 356
356 361 358
362 332 358
332 362 331
349 363 360
346 363 349
364 357 360
357 364 361
365 358 361
362 358 365
362 366 331
331 366 330
330 366 367
362 368 366
365 368 362
367 366 368
365 361 369
364 369 361
364 360 370
363 370 360
365 371 368
371 365 369
364 372 369
370 372 364
330 367 373
328 330 373
374 328 373
328 374 329
374 373 375
375 373 367
375 376 374
329 374 376
329 376 377
375 367 378
378 367 379
323 329 377
323 377 380
323 380 381
321 323 381
321 381 382
321 382 325
379 367 383
367 368 383
383 368 371
383 371 384
379 383 384
382 385 325
382 386 385
325 385 324
387 324 385
324 387 326
388 384 371
371 369 388
388 369 372
389 385 386
387 385 389
390 326 387
327 326 390
389 386 391
392 389 391
389 393 387
390 387 393
392 394 389
389 394 393
388 395 384
388 372 396
396 395 388
397 384 395
379 384 397
396 372 398
370 398 372
398 370 399
363 399 370
400 393 394
401 394 392
400 394 401
402 393 400
390 393 402
403 399 363
398 399 404
403 404 399
403 363 405
346 405 363
405 346 351
406 403 405
406 405 351
404 403 406
406 351 354
406 354 407
407 354 359
404 406 408
408 406 407
404 409 398
404 408 410
404 410 409
398 409 411
396 398 411
411 412 396
396 412 395
407 359 413
408 407 414
413 414 407
415 408 414
410 408 415
416 413 359
359 353 416
413 417 414
417 415 414
418 416 353
419 418 353
416 420 413
420 417 413
418 420 416
395 412 421
395 421 422
397 395 422
421 412 423
411 423 412
411 424 423
409 424 411
421 423 425
425 423 424
409 426 424
410 426 409
425 424 427
427 424 426
428 421 425
428 425 427
422 421 429
428 429 421
430 397 422
422 429 430
430 431 397
431 379 397
410 432 426
410 415 432
429 433 430
433 431 430
429 434 433
435 434 429
435 429 428
433 436 431
437 435 428
437 438 435
428 427 437
439 438 437
436 440 431
436 441 440
431 440 379
427 442 437
439 437 442
427 426 442
443 440 441
440 443 379
441 444 443
379 443 445
446 439 442
426 446 442
446 447 439
448 447 446
426 432 446
432 448 446
448 449 447
448 450 449
444 451 443
445 443 451
444 452 451
452 445 451
452 453 445
444 454 452
452 455 453
454 456 452
452 456 455
454 457 456
458 455 456
459 456 457
458 456 459
459 457 460
461 458 459
459 460 462
461 459 463
459 462 463
464 461 463
462 464 463
464 465 461
462 466 464
382 465 464
466 467 464
382 464 467
466 468 467
469 467 468
386 382 467
386 467 469
386 469 470
386 470 471
386 471 472
471 392 472
471 473 392
474 392 473
474 473 475
474 475 476
401 392 474
474 476 477
478 477 476
479 401 474
479 474 477
477 478 480
480 478 481
480 481 482
480 482 483
483 482 484
483 484 485
486 480 483
477 486 479
477 487 486
488 401 479
488 400 401
483 485 489
489 485 490
488 491 400
402 400 491
490 492 489
490 493 492
494 492 493
495 492 494
494 496 495
496 497 495
495 497 498
498 497 499
500 498 499
500 501 498
498 501 502
498 502 503
504 495 498
504 498 505
504 506 495
507 504 505
507 508 504
504 509 506
509 504 508
509 508 510
489 506 509
509 510 511
489 509 512
509 511 512
483 489 512
512 511 513
513 511 514
483 512 515
512 513 515
486 483 515
513 486 515
513 514 516
516 514 517
513 518 486
516 518 513
479 486 518
519 479 518
516 519 518
519 488 479
516 517 520
520 519 516
521 488 519
520 521 519
517 522 520
522 521 520
517 523 522
522 523 524
521 525 488
488 525 491
522 526 521
525 521 526
522 524 527
527 526 522
528 527 524
528 529 527
529 528 530
527 531 526
529 531 527
525 526 532
531 532 526
533 491 525
533 525 532
529 530 534
534 530 535
529 536 531
536 529 534
531 537 532
536 537 531
534 535 538
538 535 539
540 532 537
540 533 532
541 491 533
541 402 491
536 534 542
542 534 538
536 543 537
543 540 537
543 536 542
538 539 544
544 539 545
546 541 533
546 533 540
547 402 541
548 541 546
548 547 541
547 549 402
390 402 549
390 549 550
390 550 327
551 549 547
551 550 549
552 327 550
552 305 327
553 547 548
553 551 547
550 551 554
550 554 552
555 305 552
555 313 305
556 555 552
556 313 555
556 552 554
551 557 554
551 553 557
556 558 313
312 313 558
559 556 554
559 554 557
559 558 556
557 560 559
553 561 557
557 561 560
312 558 562
562 314 312
559 563 558
563 559 560
562 558 563
553 564 561
548 564 553
562 565 314
565 140 314
562 563 566
566 565 562
565 567 140
567 141 140
563 560 568
566 563 568
566 569 565
569 567 565
566 568 570
569 566 570
571 561 564
560 561 571
560 572 568
572 570 568
560 571 573
560 573 572
567 574 141
569 575 567
575 574 567
569 570 576
575 569 576
577 570 572
577 576 570
573 578 572
572 578 577
574 579 141
123 141 579
573 571 580
573 581 578
573 580 581
571 582 580
582 571 564
578 581 583
580 583 581
582 564 584
548 584 564
546 584 548
546 585 584
540 585 546
586 582 584
586 584 585
582 587 580
587 582 586
580 588 583
588 580 587
588 589 583
578 583 590
590 583 589
590 591 578
577 578 591
540 592 585
543 592 540
592 543 593
543 542 593
585 592 594
592 593 594
593 542 595
542 538 595
589 588 596
587 596 588
597 596 587
589 596 597
585 594 598
598 586 585
599 587 586
587 599 597
599 586 598
600 594 593
593 595 600
595 601 600
595 602 601
602 595 538
602 538 544
600 603 594
598 594 603
601 603 600
604 599 598
598 603 604
599 605 597
599 604 605
606 604 603
601 606 603
607 606 601
606 608 604
604 608 605
609 608 606
607 609 606
597 605 610
597 610 589
605 608 611
609 611 608
610 605 612
605 611 612
610 612 613
613 612 611
614 589 610
614 610 613
609 615 611
613 611 615
609 616 615
607 616 609
607 617 616
617 618 616
616 619 615
619 613 615
616 618 619
620 613 619
620 614 613
589 614 621
589 621 590
591 590 621
614 591 621
591 614 620
619 622 620
622 619 618
620 623 591
620 622 623
591 623 577
623 576 577
623 624 576
622 624 623
575 576 624
622 618 625
624 622 625
626 575 624
575 626 574
627 625 618
617 627 618
624 625 628
626 624 628
627 629 625
628 625 629
626 630 574
574 630 579
631 626 628
628 629 631
629 627 632
632 627 617
626 633 630
631 633 626
631 629 634
629 632 634
635 633 631
631 634 635
636 630 633
635 636 633
579 630 637
636 637 630
579 637 638
638 123 579
638 639 123
639 112 123
639 640 112
114 112 640
634 632 641
635 634 642
634 641 642
643 636 635
635 642 643
644 637 636
643 644 636
645 638 637
644 645 637
646 639 638
645 646 638
647 640 639
646 647 639
648 641 632
632 617 648
649 646 645
647 646 649
649 645 650
645 651 650
645 644 651
652 651 644
652 644 643
643 653 652
643 642 653
642 654 653
642 641 654
647 649 655
641 656 654
657 647 655
647 657 640
657 114 640
657 655 658
641 659 656
648 659 641
659 660 656
657 661 114
114 661 116
662 661 657
662 657 658
116 661 662
663 662 658
663 658 664
663 664 665
116 662 666
666 662 663
663 665 667
668 667 665
668 669 667
667 669 670
667 671 663
666 663 671
667 672 671
667 670 672
673 116 666
666 674 673
673 675 116
116 675 676
674 666 677
674 677 678
679 678 677
672 679 677
679 672 680
680 672 681
672 670 681
115 116 676
115 676 682
683 115 682
683 684 115
110 684 683
670 685 681
670 686 685
687 686 670
688 687 670
688 670 689
690 691 688
690 668 691
688 691 692
688 692 34
688 34 8
693 688 8
694 693 8
694 8 695
34 692 55
692 696 55
692 697 696
55 696 698
55 698 53
53 698 226
699 696 697
699 697 700
696 701 698
696 699 701
702 226 698
702 698 701
700 703 699
700 704 703
705 701 699
705 699 703
706 703 704
706 705 703
706 704 707
708 706 707
708 707 709
226 702 710
226 710 218
219 218 710
711 702 701
711 701 705
706 712 705
708 712 706
713 708 709
713 709 714
219 710 715
716 219 715
717 710 702
717 702 711
705 718 711
705 712 718
719 715 710
719 710 717
711 720 717
711 718 720
720 719 717
721 716 715
719 721 715
716 721 722
716 722 723
722 721 724
719 725 721
721 725 724
719 720 725
726 724 725
727 718 712
728 720 718
728 718 727
720 729 725
720 728 729
726 725 730
725 729 730
731 729 728
731 730 729
732 726 730
731 732 730
733 726 732
731 728 734
727 734 728
727 712 735
708 735 712
736 733 732
737 733 736
738 732 731
738 731 734
738 736 732
735 739 727
727 739 734
708 740 735
735 740 739
708 713 740
738 734 741
741 734 739
742 736 738
741 742 738
737 736 743
742 743 736
744 739 740
741 739 744
713 745 740
744 740 745
737 743 746
737 746 747
741 748 742
748 741 744
749 743 742
749 746 743
749 742 748
748 744 750
745 750 744
713 751 745
751 713 714
751 714 752
749 748 753
753 748 750
754 746 749
754 749 753
751 755 745
745 755 750
752 756 751
751 756 755
752 757 756
753 750 758
755 758 750
759 756 757
759 757 760
756 761 755
755 761 758
756 759 761
758 762 753
754 753 762
754 763 746
763 747 746
764 759 760
764 760 765
766 761 759
766 759 764
761 767 758
758 767 762
761 766 767
754 768 763
762 768 754
747 763 769
769 763 768
770 764 765
770 765 771
764 772 766
764 770 772
773 767 766
773 766 772
767 774 762
762 774 768
767 773 774
747 769 775
776 747 775
775 769 777
769 768 778
774 778 768
769 779 777
769 778 779
779 780 777
774 781 778
774 773 781
779 778 781
773 772 782
781 773 782
783 780 779
783 784 780
785 782 772
785 772 770
779 781 786
786 783 779
787 781 782
787 786 781
783 786 787
787 782 785
784 783 788
783 787 788
784 788 789
788 787 790
787 785 790
791 789 788
788 790 791
791 792 789
785 770 793
793 770 771
790 785 794
794 791 790
785 793 794
792 791 795
794 795 791
792 795 796
795 794 797
793 797 794
798 796 795
795 797 798
798 799 796
793 771 800
800 771 801
797 793 802
802 798 797
793 800 802
799 798 803
802 803 798
799 803 804
803 802 805
800 805 802
806 804 803
803 805 806
800 801 807
800 808 805
800 807 808
805 808 809
805 809 806
810 808 807
810 809 808
810 807 811
806 809 812
806 813 804
806 812 813
814 804 813
814 813 812
815 812 809
815 809 810
816 815 810
811 817 810
816 810 817
815 818 812
814 812 818
814 819 804
820 804 819
811 821 817
822 817 821
821 811 823
821 823 824
824 822 821
824 825 822
826 816 817
822 826 817
816 827 815
815 827 818
828 814 818
819 814 828
822 825 829
825 830 829
827 831 818
828 818 831
819 828 832
833 828 831
833 832 828
827 834 831
833 831 834
827 835 834
833 834 836
835 827 837
816 837 827
832 838 819
820 819 838
838 839 820
838 840 839
841 839 840
832 842 838
840 838 842
843 832 833
842 832 843
833 836 844
843 833 844
841 840 845
845 846 841
840 842 847
843 847 842
847 845 840
843 844 848
848 844 849
845 850 846
851 846 850
847 852 845
850 845 852
853 847 843
852 847 853
853 843 848
848 849 854
854 849 855
851 850 856
856 857 851
850 852 858
858 852 853
856 850 858
853 848 859
854 859 848
854 855 860
860 855 861
856 862 857
862 863 857
858 853 864
853 859 864
854 865 859
865 854 860
860 861 866
867 866 861
856 858 868
868 862 856
858 869 868
858 864 869
862 868 869
870 864 859
870 859 865
869 864 870
865 860 871
866 871 860
867 872 866
872 867 873
870 865 874
871 874 865
875 869 870
874 875 870
862 869 876
875 876 869
866 877 871
872 877 866
872 873 878
878 873 879
871 880 874
877 880 871
881 862 876
881 863 862
882 863 881
875 883 876
881 876 883
874 884 875
880 884 874
884 883 875
872 885 877
878 885 872
878 879 886
886 879 887
888 882 881
889 882 888
877 890 880
885 890 877
880 891 884
891 880 890
878 892 885
886 892 878
888 881 893
881 883 893
884 894 883
894 893 883
894 884 891
893 895 888
894 895 893
896 888 895
885 897 890
897 885 892
894 891 898
894 898 895
891 890 899
899 890 897
898 891 899
896 895 900
898 900 895
898 899 901
898 901 900
896 900 902
901 902 900
896 902 903
899 897 904
904 901 899
897 892 905
904 897 905
902 906 903
903 906 907
901 908 902
904 908 901
908 906 902
908 904 909
904 905 909
910 905 892
886 910 892
908 911 906
908 909 911
906 912 907
911 912 906
910 913 905
913 909 905
886 914 910
913 910 914
907 912 915
907 915 916
911 909 917
913 917 909
911 918 912
915 912 918
911 917 918
917 913 919
913 914 919
920 918 917
920 915 918
917 919 920
886 921 914
886 887 921
921 887 922
923 916 915
924 916 923
925 919 914
921 925 914
921 922 926
921 926 925
927 926 922
927 928 926
925 926 928
928 927 929
925 930 919
930 920 919
931 915 920
931 923 915
932 924 923
932 933 924
923 934 932
931 934 923
932 934 935
928 929 936
937 936 929
925 928 938
936 938 928
930 925 938
920 939 931
930 939 920
931 940 934
935 934 940
931 939 940
939 930 941
930 938 941
939 941 940
936 942 938
941 938 942
935 940 943
935 943 944
945 940 941
941 942 945
945 943 940
946 942 936
937 946 936
944 943 947
419 944 947
943 945 948
943 948 947
949 945 942
946 949 942
949 948 945
419 947 950
418 419 950
951 947 948
951 950 947
950 952 418
950 951 952
418 952 420
953 948 949
953 951 948
954 949 946
954 953 949
952 955 420
420 955 417
951 956 952
951 953 956
952 956 955
957 954 946
957 946 937
953 954 958
953 958 956
957 958 954
955 959 417
417 959 415
959 432 415
960 955 956
955 960 959
959 961 432
961 959 960
432 961 448
960 956 962
958 962 956
961 960 963
962 963 960
961 964 448
961 963 964
958 965 962
962 965 963
957 966 958
958 966 965
963 965 967
963 967 964
968 448 964
448 968 450
969 450 968
969 968 970
970 968 964
970 964 967
971 967 965
971 965 966
971 970 967
972 966 957
972 971 966
971 973 970
974 970 973
974 973 975
976 975 973
977 973 971
976 973 977
977 971 972
977 978 976
502 972 957
502 957 937
502 937 979
980 502 979
980 979 507
981 972 502
982 972 981
982 983 972
984 985 982
984 986 985
987 988 984
989 990 991
991 992 993
991 993 994
995 996 997
998 999 1000
1001 1002 1003
1004 1005 1006
1007 1008 1009
1010 1009 1011
1012 1010 1011
1012 1011 1013
1013 1014 1012
1013 1015 1014
1014 1015 1016
1014 1016 1017
1018 1017 1016
1019 1020 1021
1022 1020 1023
1022 1023 1024
1022 1024 1025
1022 1025 1026
1026 1025 1027
1026 1027 1028
1028 1027 1029
1030 1029 1031
1030 1031 1032
1033 1030 1032
1033 1032 1034
1033 1034 1035
1033 1035 1036
1036 1035 1037
1036 1037 1038
1038 1037 1039
1038 1039 1040
1040 1039 1041
1040 1041 1042
1042 1041 1043
1042 1043 1044
1043 1045 1044
1046 1045 1047
1047 1045 1048
1045 1049 1048
1049 1050 1048
1050 1049 1051
1050 1051 1052
1052 1051 1053
1052 1053 1054
1055 1054 1053
1055 1053 1056
1055 1056 1057
1058 1055 1057
1058 1057 1059
1060 1058 1061
1062 1060 1059
1062 1063 1060
1064 1063 1062
1064 1065 1063
1065 1064 1066
1067 1068 1069
1070 1068 1071
1072 1070 1073
1074 1072 1073
1073 1075 1074
1073 1076 1075
1077 1075 1076
1077 1076 1078
1077 1078 1079
1077 1079 1080
1079 1081 1080
1080 1081 1082
1079 1083 1081
1081 1084 1082
1081 1085 1084
1085 1086 1084
1085 1087 1086
1086 1087 1088
1083 1089 1081
1083 1090 1089
1089 1090 1091
1089 1091 1092
1093 1092 1091
1093 1091 1094
1095 1093 1094
1096 1097 1098
1099 1100 1097
1101 1100 1099
1101 1102 1100
1102 1101 1103
1102 1103 1104
1103 1105 1104
1103 1106 1105
1107 1105 1106
1108 1109 1110
1111 1112 1110
1111 1113 1112
1111 1114 1113
1111 1115 1114
1115 1116 1114
1115 1117 1116
1117 1118 1116
1119 1120 1118
1119 1121 1120
1122 1121 1119
1122 1123 1121
1122 1124 1123
1122 1125 1124
1125 1126 1124
1125 1127 1126
1127 1128 1126
1127 1129 1128
1129 1130 1128
1129 1131 1130
1131 1132 1130
1131 1133 1132
1132 1133 1134
1135 1136 1134
1136 1137 1134
1134 1137 1138
1138 1137 1139
1139 1140 1138
1139 1141 1140
1141 1142 1140
1141 1143 1142
1144 1142 1143
1144 1145 1142
1144 1146 1145
1147 1146 1144
1147 1148 1146
1149 1150 1147
1151 1148 1149
1151 1149 1152
1153 1151 1152
1153 1152 1154
1154 1155 1153
1156 1157 1158
1159 1160 1158
1161 1162 1159
1163 1162 1161
1162 1163 1164
1162 1164 1165
1166 1165 1164
1166 1167 1165
1166 1168 1167
1166 1169 1168
1168 1169 1170
1169 1171 1170
1168 1170 1172
1170 1171 1173
1170 1173 1174
1174 1173 1175
1174 1175 1176
1175 1177 1176
1172 1170 1178
1172 1178 1179
1178 1180 1179
1178 1181 1180
1182 1180 1181
1182 1183 1180
1184 1183 1182
1185 1186 694
1187 1188 1189
1187 1190 1188
1187 1191 1190
1192 1190 1191
1192 1191 1193
1193 1194 1192
1193 1195 1194
1195 1196 1194
1195 1197 1196
1197 1198 1196
1197 1199 1198
1200 1198 1199
1200 1199 1201
1201 1202 1200
1201 1203 1202
1203 1204 1202
1203 1205 1204
1205 1206 1204
1205 1207 1206
1208 1206 1207
1208 1207 1209
1209 1210 1208
1209 1211 1210
1212 1210 1211
1212 1211 1213
1212 1213 1214
1215 1216 1217
1216 1215 1218
1216 1218 1219
1216 1219 1220
1221 1218 1215
1215 1222 1221
1223 1220 1219
1223 1224 1220
1219 1218 1225
1221 1225 1218
1219 1225 1226
1226 1223 1219
1224 1223 1227
1224 1227 1228
1221 1229 1225
1225 1229 1226
1226 1230 1223
1227 1223 1230
1229 1230 1226
1222 1231 1221
1229 1221 1231
1232 1228 1227
1232 1233 1228
1232 1234 1233
1227 1230 1235
1229 1235 1230
1232 1227 1235
1222 1236 1231
1222 1237 1236
1229 1231 1238
1238 1235 1229
1231 1236 1238
1232 1235 1239
1238 1239 1235
1240 1232 1239
1232 1240 1234
1238 1240 1239
1240 1241 1234
1241 1240 1238
1241 1238 1236
1241 1242 1234
1243 1242 1241
1243 1241 1244
1241 1236 1244
1244 1245 1243
1237 1246 1236
1244 1236 1246
1237 1247 1246
1244 1246 1247
1244 1248 1245
1244 1247 1248
1248 1249 1245
1248 1247 1250
1251 1249 1248
1251 1248 1250
1252 1253 1254
1252 1255 1253
1256 1253 1255
1257 1256 1255
1252 1258 1255
1258 1257 1255
1258 1259 1257
1252 1260 1258
1259 1258 1261
1258 1260 1262
1258 1262 1261
1262 1263 1261
1262 1260 1264
1265 1263 1262
1262 1264 1265
1265 1266 1263
1267 1266 1265
1267 1265 1268
1268 1265 1264
1269 1267 1268
1270 1268 1264
1269 1268 1270
1270 1264 1271
1269 1270 1272
1272 1270 1271
1273 1274 1275
1273 1276 1274
1277 1276 1273
1278 1274 1276
1277 1279 1276
1279 1277 1280
1278 1276 1281
1279 1281 1276
1282 1278 1281
1279 1280 1283
1284 1283 1280
1282 1281 1285
1285 1286 1282
1279 1287 1281
1287 1279 1283
1285 1281 1287
1284 1288 1283
1289 1288 1284
1289 1290 1288
1285 1291 1286
1292 1286 1291
1287 1283 1293
1288 1293 1283
1290 1294 1288
1288 1294 1293
1290 1295 1294
1285 1287 1296
1296 1287 1293
1296 1291 1285
1292 1291 1297
1297 1298 1292
1299 1294 1295
1299 1295 1300
1301 1293 1294
1296 1293 1301
1301 1294 1299
1296 1302 1291
1302 1296 1301
1302 1297 1291
1297 1303 1298
1303 1304 1298
1300 1305 1299
1300 1306 1305
1299 1307 1301
1302 1301 1307
1299 1305 1307
1302 1308 1297
1307 1308 1302
1308 1303 1297
1303 1309 1304
1310 1304 1309
1311 1305 1306
1311 1306 1312
1305 1313 1307
1307 1313 1308
1305 1311 1313
1308 1314 1303
1313 1314 1308
1309 1303 1314
1310 1309 1315
1316 1310 1315
1312 1317 1311
1312 1318 1317
1318 1319 1317
1318 1320 1319
1319 1320 1321
1322 1313 1311
1322 1311 1317
1313 1322 1314
1319 1322 1317
1309 1314 1323
1323 1314 1322
1323 1315 1309
1316 1315 1324
1325 1316 1324
1323 1322 1326
1319 1326 1322
1323 1327 1315
1327 1324 1315
1327 1323 1326
1325 1324 1328
1329 1325 1328
1329 1328 1330
1327 1331 1324
1331 1328 1324
1332 1330 1328
1331 1332 1328
1332 1333 1330
1327 1326 1334
1331 1327 1334
1319 1335 1326
1335 1334 1326
1336 1333 1332
1336 1337 1333
1338 1337 1336
1332 1331 1339
1331 1334 1339
1332 1339 1336
1340 1339 1334
1335 1340 1334
1319 1341 1335
1319 1321 1341
1342 1336 1339
1340 1342 1339
1338 1336 1343
1342 1343 1336
1344 1338 1343
1344 1345 1338
1346 1344 1343
1346 1343 1342
1347 1346 1342
1347 1342 1340
1347 1348 1346
1349 1340 1335
1341 1349 1335
1349 1347 1340
1350 1341 1321
1341 1350 1349
1350 1321 1351
1347 1352 1348
1352 1347 1349
1353 1349 1350
1352 1349 1353
1351 1354 1350
1353 1350 1354
1351 1355 1354
1354 1355 1356
1348 1352 1357
1357 1352 1353
1348 1357 1358
1359 1353 1354
1357 1353 1359
1354 1356 1360
1359 1354 1360
1358 1357 1361
1358 1361 1362
1363 1357 1359
1363 1359 1360
1363 1361 1357
1356 1364 1360
1363 1360 1364
1356 1365 1364
1362 1361 1366
1362 1366 1367
1368 1361 1363
1364 1368 1363
1368 1366 1361
1365 1369 1364
1364 1369 1368
1365 1370 1369
1371 1369 1370
1371 1372 1369
1373 1369 1372
1373 1368 1369
1373 1374 1368
1374 1366 1368
1374 1375 1366
1375 1367 1366
1375 1376 1367
801 1377 1378
801 823 1377
1379 1380 1381
1380 1379 1382
1382 1379 1383
1383 1384 1382
1384 1385 1382
1386 1382 1385
1385 1387 1386
1388 1380 1382
1386 1388 1382
1388 1386 1389
1390 1388 1389
1388 1390 1380
1387 1391 1386
1386 1391 1389
1387 1392 1391
1392 1393 1391
1393 1394 1391
1391 1394 1389
1393 1395 1394
1395 1396 1394
1397 1396 1395
1396 1397 1398
1399 1394 1396
1394 1399 1389
1400 1396 1398
1399 1396 1400
1401 1400 1398
1402 1399 1400
1399 1402 1389
1403 1400 1401
1402 1400 1403
1403 1401 1404
1404 1405 1403
1402 1406 1389
1406 1402 1403
1405 1407 1403
1406 1403 1407
1405 1408 1407
1408 1409 1407
1409 1406 1407
1410 1406 1409
1406 1411 1389
1410 1411 1406
1410 1412 1411
1411 1413 1389
1413 1411 1412
1413 1414 1389
1413 1412 1415
1415 1416 1413
1416 1414 1413
1416 1417 1414
1417 1418 1414
1418 1419 1414
1414 1419 1389
1418 1420 1419
1420 1421 1419
1421 1422 1419
1419 1422 1389
1421 1423 1422
1424 1422 1423
1422 1424 1389
1424 1423 1425
1426 1424 1425
1424 1426 1389
1426 1425 1427
1428 1426 1427
1426 1428 1389
1428 1427 1429
1428 1430 1389
1430 1428 1429
1430 1429 1431
1430 1432 1389
1432 1430 1431
1432 1433 1389
1432 1431 1434
1433 1432 1434
1433 1434 1435
1435 1436 1433
1436 1437 1433
1433 1437 1389
1436 1438 1437
1439 1437 1438
1437 1439 1389
1439 1438 1440
1441 1439 1440
1439 1441 1389
1441 1440 1442
1443 1442 1440
1443 1444 1442
1444 1445 1442
1446 1441 1442
1441 1446 1389
1445 1447 1442
1446 1442 1447
1446 1448 1389
1448 1446 1447
1449 1447 1445
1448 1447 1449
1449 1445 1450
1448 1451 1389
1451 1448 1449
1451 1390 1389
1452 1449 1450
1451 1449 1452
1390 1451 1452
1452 1450 1453
1390 1452 1380
1380 1452 1453
1380 1453 1454
1455 1456 1457
1457 1458 1455
1457 1459 1458
1459 1460 1458
1459 1461 1460
1461 1462 1460
1461 1463 1462
1463 1464 1462
1463 1465 1464
1465 1466 1464
1465 1467 1466
1467 1468 1466
1467 1469 1468
1469 1470 1468
1469 1471 1470
1471 1472 1470
1471 1473 1472
1473 1474 1472
1473 1475 1474
1475 1476 1474
1475 1477 1476
1477 1478 1476
1477 1479 1478
1479 1480 1478
1479 1481 1480
1481 1482 1480
1481 1483 1482
1483 1484 1482
1483 1485 1484
1485 1486 1484
1485 1487 1486
1487 1488 1486
1487 1489 1488
1489 1490 1488
1489 1491 1490
1492 1493 1494
1492 1494 1495
1496 1492 1495
1497 1498 1499
1497 1499 1500
1501 1497 1500
1501 1502 1497
1503 1502 1501
1503 1504 1502
1503 1505 1504
1506 1507 1508
1509 1507 1506
1509 1510 1507
1511 1512 1513
1511 1514 1512
1514 830 1512
1515 1514 1511
1515 1511 1516
1517 1515 1516
1517 1518 1515
1519 1518 1517
1520 1514 1515
1518 1520 1515
1514 1521 830
1520 1521 1514
830 1521 1522
1522 1521 1520
830 1522 829
1519 1523 1518
1524 1523 1519
1524 1525 1523
1523 1525 1526
1518 1527 1520
1523 1527 1518
1523 1526 1528
1523 1528 1527
1529 1528 1526
1529 1530 1528
1530 1527 1528
1530 1529 1531
1522 1520 1532
1532 1520 1527
829 1522 1533
1533 1522 1532
1530 1534 1527
1532 1527 1534
1530 1531 1535
1535 1534 1530
1536 1535 1531
1537 1532 1534
1533 1532 1537
1538 1533 1537
829 1533 1539
1539 1533 1538
822 829 1539
822 1539 1540
1539 1538 1540
826 822 1540
1536 1541 1535
1541 1536 1542
1535 1543 1534
1537 1534 1543
1541 1543 1535
1541 1542 1544
1545 1544 1542
1541 1546 1543
1537 1543 1546
1544 1546 1541
1545 1547 1544
1547 1545 1548
1537 1546 1549
1538 1537 1549
1544 1550 1546
1549 1546 1550
1547 1550 1544
1549 1550 1551
1551 1538 1549
1547 1552 1550
1551 1550 1552
1547 1548 1553
1552 1547 1553
1554 1553 1548
1554 1548 1555
1555 1556 1554
1555 1557 1556
1558 1556 1557
1558 1557 1559
1559 1560 1558
1559 1561 1560
1562 1560 1561
1562 1561 1563
1563 1564 1562
1563 1565 1564
1566 1564 1565
1566 1565 1567
1568 1566 1567
1568 1569 1566
1562 1564 1570
1566 1570 1564
1569 1571 1566
1566 1571 1570
1569 1572 1571
1560 1562 1573
1562 1570 1573
1558 1560 1574
1560 1573 1574
1572 1575 1571
1572 1576 1575
1575 1576 1577
1571 1578 1570
1571 1575 1578
1558 1574 1579
1556 1558 1579
1580 1573 1570
1580 1570 1578
1581 1574 1573
1581 1579 1574
1581 1573 1580
1575 1577 1582
1578 1575 1582
1556 1579 1583
1554 1556 1583
1577 1584 1582
1577 1585 1584
1582 1584 1586
1578 1582 1587
1582 1586 1587
1588 1578 1587
1588 1580 1578
1586 1588 1587
1589 1580 1588
1589 1581 1580
1590 1581 1589
1581 1591 1579
1591 1583 1579
1590 1591 1581
1586 1592 1588
1592 1589 1588
1593 1592 1586
1594 1592 1593
1595 1594 1593
1592 1596 1589
1596 1590 1589
1594 1596 1592
1591 1597 1583
1597 1591 1590
1595 1598 1594
1598 1595 1599
1598 1599 835
835 837 1598
1594 1598 837
1594 1600 1596
1596 1600 1590
1594 837 1601
1601 1600 1594
1601 837 816
1590 1600 1602
1602 1600 1601
1601 816 1603
826 1603 816
1590 1602 1604
1597 1590 1604
1601 1605 1602
1603 1605 1601
1604 1602 1605
1603 826 1606
1607 1605 1603
1607 1603 1606
1604 1605 1608
1608 1605 1607
1609 1597 1604
1609 1604 1608
826 1610 1606
1610 826 1540
1538 1610 1540
1538 1611 1610
1611 1606 1610
1551 1611 1538
1612 1607 1606
1611 1612 1606
1613 1611 1551
1613 1612 1611
1551 1552 1613
1608 1607 1614
1612 1614 1607
1615 1608 1614
1615 1614 1612
1615 1612 1613
1615 1609 1608
1613 1552 1616
1613 1616 1615
1609 1615 1616
1552 1553 1616
1609 1616 1617
1617 1616 1553
1597 1609 1617
1617 1553 1554
1597 1617 1583
1554 1583 1617
1618 1619 1620
1618 1620 1621
1622 1618 1621
1621 1620 1623
1622 1621 1624
1625 1622 1624
1621 1623 1626
1626 1624 1621
1626 1623 1627
1625 1624 1628
1629 1625 1628
1626 1630 1624
1630 1628 1624
1626 1627 1631
1631 1630 1626
1629 1628 1632
1632 1633 1629
1630 1634 1628
1634 1632 1628
1632 1635 1633
1636 1633 1635
1627 1637 1631
1627 1638 1637
1637 1638 660
1631 1639 1630
1639 1634 1630
1634 1640 1632
1640 1635 1632
1636 1635 1641
1642 1636 1641
1637 660 1643
659 1643 660
1644 1643 659
1637 1643 1644
648 1644 659
1631 1637 1645
1637 1644 1645
1631 1645 1639
1639 1646 1634
1640 1634 1646
1640 1647 1635
1647 1641 1635
648 1648 1644
1645 1644 1648
1639 1645 1649
1645 1648 1649
1639 1649 1646
1650 1648 648
1650 1649 1648
1650 648 617
1640 1646 1651
1647 1640 1651
1652 1646 1649
1650 1652 1649
1652 1651 1646
1653 1650 617
1653 1652 1650
1654 1651 1652
1653 1654 1652
1653 617 1655
1654 1653 1655
617 607 1655
1647 1651 1656
1654 1656 1651
1654 1655 1657
1656 1654 1657
607 1658 1655
1658 1657 1655
1659 1647 1656
1647 1659 1641
1656 1657 1660
1659 1656 1660
1659 1661 1641
1642 1641 1661
607 1662 1658
601 1662 607
1658 1663 1657
1663 1660 1657
1664 1659 1660
1659 1664 1661
1642 1661 1665
1642 1665 1666
1658 1662 1667
1658 1667 1663
1663 1668 1660
1664 1660 1668
1663 1669 1668
1664 1668 1669
1663 1667 1669
1670 1661 1664
1664 1669 1670
1670 1665 1661
1666 1665 1671
1666 1671 1672
1673 1669 1667
1670 1669 1673
1674 1665 1670
1674 1671 1665
1670 1673 1674
1675 1667 1662
1673 1667 1675
1676 1672 1671
1676 1677 1672
1678 1671 1674
1678 1676 1671
1674 1673 1679
1675 1679 1673
1674 1679 1678
1675 1662 1680
1680 1662 601
1677 1676 1681
1677 1681 1682
1675 1683 1679
1680 1683 1675
1680 601 1684
1680 1684 1683
1684 601 602
1678 1679 1685
1683 1685 1679
1686 1676 1678
1686 1681 1676
1678 1685 1686
1682 1681 1687
1682 1687 1688
1684 1689 1683
1683 1689 1685
1684 602 1690
1684 1690 1689
1691 1686 1685
1691 1685 1689
1692 1681 1686
1692 1687 1681
1691 1692 1686
1688 1687 1693
1688 1693 1694
602 1695 1690
602 544 1695
1696 1689 1690
1691 1689 1696
1696 1690 1695
1697 1692 1691
1697 1691 1696
1698 1687 1692
1698 1693 1687
1697 1698 1692
1694 1693 1699
1694 1699 1700
1693 1701 1699
1693 1698 1701
1698 1702 1701
1698 1697 1702
1697 1696 1703
1702 1697 1703
1703 1696 1695
1702 1703 1704
1703 545 1704
1703 1695 1705
1703 1705 545
1695 544 1705
544 545 1705
1706 1707 1708
1709 1706 1708
1709 1710 1706
1711 1710 1709
1711 1709 1712
1711 1712 1713
1711 1713 1714
1714 1713 1715
1714 1715 1716
1717 1716 1715
1717 1718 1716
1719 1718 1717
1719 1717 1720
1719 1720 1721
1719 1721 1722
1721 1723 1722
1721 1724 1723
1724 1725 1723
1724 1726 1725
1726 1727 1725
1728 1729 1730
1731 1728 1730
1731 1732 1728
1732 1731 1733
1732 1733 1734
1733 1735 1734
1733 1736 1735
1736 1737 1735
1736 1738 1737
1738 1739 1737
1738 1740 1739
1740 1741 1739
1740 1742 1741
1742 1743 1741
1742 1744 1743
1745 1743 1744
1745 1744 1746
1747 1745 1746
1747 1748 1745
1749 1748 1747
1750 1751 1752
1750 1753 1751
1754 1751 1753
1754 1753 1755
1756 1754 1755
1756 1755 1757
1758 1756 1757
1758 1757 1759
1760 1758 1759
1760 1759 1761
1762 1760 1761
1762 1761 1763
1764 1762 1763
1764 1763 1765
1766 1764 1765
1766 1765 1767
1767 1768 1766
1768 1767 1769
1768 1769 1770
1771 1770 1769
1771 1769 1772
1772 1773 1771
1772 1774 1773
1773 1774 1775
1773 1775 1776
1777 1776 1775
1777 1778 1776
1778 1777 1779
1778 1779 1780
1781 1780 1779
1781 1782 1780
1782 1781 1783
1782 1783 1784
1785 1784 1783
1785 1786 1784
1785 1787 1786
1785 1788 1787
1750 1789 1790
1750 1790 1791
1792 1793 1794
1792 1795 1793
1796 1795 1792
1796 1797 1795
1798 1797 1796
1798 1799 1797
1800 1799 1798
1800 1801 1799
1802 1801 1800
1802 1803 1801
1804 1803 1802
1804 1805 1803
1806 1805 1804
1806 1807 1805
1808 1807 1806
1808 1809 1807
1808 1810 1809
1808 1811 1810
1812 1813 1814
1812 1815 1813
1816 1813 1815
1816 1815 1817
1818 1816 1817
1818 1817 1819
1820 1818 1819
1820 1819 1821
1822 1820 1821
1822 1821 1823
1824 1822 1823
1824 1823 1825
1826 1824 1825
1826 1825 1827
1828 1826 1827
1828 1827 1829
1830 1828 1829
1830 1829 1831
1832 1830 1831
1832 1831 1833
1834 1835 1836
1834 1836 1837
1837 1838 1834
1837 1836 1839
1837 1840 1838
1840 1841 1838
1840 1842 1841
1843 1842 1840
1840 1837 1844
1837 1839 1844
1843 1840 1845
1840 1844 1845
1844 1839 1846
1844 1846 1847
1839 1848 1846
1844 1847 1849
1844 1849 1845
1839 1850 1848
1851 1848 1850
1851 1850 1852
1853 1845 1849
1853 1854 1845
1855 1854 1853
1855 1856 1854
1856 1855 1857
1856 1857 1858
1859 1858 1857
1859 1857 1860
1861 1859 1860
1861 1860 1862
1863 1859 1861
1863 1864 1859
1841 1864 1863
1864 1865 1859
1841 1866 1864
1864 1867 1865
1866 1867 1864
1866 1843 1867
1868 1869 1870
1868 1870 1871
1871 1872 1868
1870 1873 1871
1870 1874 1873
1871 1875 1872
1875 1871 1873
1875 1876 1872
1877 1873 1874
1875 1873 1877
1877 1874 1878
1875 1879 1876
1877 1879 1875
1879 1880 1876
1878 1881 1877
1877 1881 1879
1878 1882 1881
1881 1882 1883
1881 1883 1884
1885 1881 1884
1885 1879 1881
1879 1885 1880
1886 1880 1885
1886 1887 1880
1885 1888 1886
1885 1889 1888
1887 1886 1890
1887 1890 1891
1889 1892 1888
1889 1893 1892
1888 1892 1894
1895 1886 1888
1888 1894 1895
1895 1890 1886
1895 1894 1896
1895 1896 1890
1896 1891 1890
1896 1897 1891
1898 1899 1900
1898 1901 1899
1902 1901 1898
1902 1898 1903
1903 1904 1902
1903 1905 1904
1904 1905 1906
1904 1906 1907
1908 1907 1906
1908 1906 1909
1910 1908 1909
1910 1909 1911
1912 1913 1914
1912 1914 1915
1912 1915 1916
1912 1916 1917
1918 1917 1916
1918 1919 1917
1920 1921 1914
1920 1922 1921
1923 1921 1922
1923 1922 1924
1925 1926 1923
1925 1927 1926
1928 1929 1930
1928 1930 1931
1932 1933 1934
1935 1932 1934
1935 1936 1932
1937 1938 1939
1937 1939 1940
1941 1942 1943
1941 1943 1944
1945 1946 1947
1945 1947 1948
1949 1950 1951
1949 1951 1952
1953 1954 1955
1953 1955 1956
1957 1958 1959
1957 1959 1960
1961 1962 1963
1961 1963 1964
1965 1964 1966
1965 1966 1967
1965 1967 1968
1965 1968 1969
1970 1969 1968
1970 1971 1969
1972 1971 1970
1972 1973 1971
1974 1973 1972
1974 1975 1973
1976 1977 1975
1976 1978 1977
1978 1979 1977
1978 1980 1979
1980 1981 1979
1980 1982 1981
1983 1981 1982
1983 1982 1984
1983 1984 1985
1983 1985 1986
1987 1986 1988
1987 1988 1989
1990 1991 1992
1990 1992 1993
1994 1995 1996
1994 1997 1995
1998 1997 1994
1998 1999 1997
2000 1999 1998
2000 1998 2001
2002 1995 2003
2002 2003 2004
2005 2004 2003
2005 2006 2004
2005 2007 2008
2005 2009 2007
2010 2011 2009
2010 2012 2011
2010 2013 2014
2010 2015 2013
2016 2013 2015
2016 2015 2017
2018 2019 2017
2018 2017 2020
2021 2018 2020
2021 2020 2022
2023 2021 2022
2023 2024 2021
2025 2026 2027
2025 2027 2028
2029 2030 2031
2029 2031 2032
2033 2034 2035
2033 2036 2034
2036 2033 2037
2038 2039 2040
2038 2040 2041
2042 2043 2044
2042 2044 2045
2046 2047 2048
2046 2048 2049
2050 2051 2052
2050 2052 2053
2054 2055 2056
2056 2057 2054
2058 2059 2060
2058 2060 2061
2062 2061 2060
2058 2061 2063
2058 2063 2064
2062 2065 2061
2066 2065 2062
2061 2065 2067
2061 2067 2063
2068 2063 2067
2068 2069 2063
2069 2064 2063
2069 2070 2064
2066 2071 2065
2071 2067 2065
2070 2069 2072
2070 2072 2073
2074 2072 2069
2069 2075 2074
2069 2068 2075
2068 2076 2075
2077 2076 2068
2078 2077 2068
2079 2078 2068
2079 2068 2080
2067 2080 2068
2081 2071 2066
2081 2066 2082
2071 2083 2067
2067 2083 2080
2081 2083 2071
2080 2083 2084
2081 2084 2083
2080 2084 2085
2086 2080 2085
2086 2085 2087
2088 2084 2081
2089 2085 2084
2088 2089 2084
2087 2085 2090
2089 2090 2085
2087 2090 2091
2092 2087 2091
2091 2093 2092
2094 2090 2089
2094 2089 2088
2094 2091 2090
2095 2088 2081
2095 2081 2082
2096 2093 2091
2096 2097 2093
2097 2098 2093
2097 2099 2098
2097 2100 2099
2091 2101 2096
2091 2094 2101
2096 2101 2102
2096 2102 2097
2097 2103 2100
2103 2104 2100
2103 2105 2104
2105 2103 2106
2094 2107 2101
2107 2102 2101
2097 2108 2103
2097 2102 2108
2103 2109 2106
2109 2103 2108
2106 2109 2110
2109 2108 2111
2111 2108 2112
2102 2112 2108
2111 2112 2113
2094 2114 2107
2094 2088 2114
2115 2114 2088
2107 2114 2115
2115 2088 2095
2107 2115 2116
2107 2117 2102
2102 2117 2112
2117 2107 2118
2118 2119 2095
2118 2095 2082
2113 2112 2120
2113 2120 2121
2120 2122 2121
2112 2117 2123
2117 2118 2123
2112 2123 2120
2118 2082 2124
2118 2124 2125
2124 2082 2126
2124 2126 2127
2128 2120 2123
2128 2123 2124
2128 2124 2127
2120 2128 2122
2128 2127 2129
2129 2122 2128
2129 2130 2122
2131 2132 2133
2133 2132 2134
2133 2134 2135
2135 2134 2136
2135 2136 2137
2138 2137 2136
2138 2139 2137
2140 2139 2138
2140 2141 2139
2142 2141 2140
2142 2143 2141
2144 2143 2142
2144 2145 2143
2146 2145 2144
2146 2147 2145
2148 2147 2146
2148 2146 2149
2149 2150 2148
2149 2151 2150
2150 2151 2152
2153 2154 2155
2153 2155 2156
2153 2156 2157
2158 2157 2156
2158 2159 2157
2159 2158 2160
2159 2160 2161
2161 2160 2162
2161 2162 2163
2163 2162 2164
2163 2164 2165
2166 2165 2164
2166 2167 2165
2167 2166 2168
2167 2168 2169
2169 2168 2170
2169 2170 2171
2171 2170 2172
2171 2172 2173
2174 2173 2172
2174 2175 2173
2175 2174 2176
2175 2176 2177
2178 2177 2176
2178 2179 2177
2178 2180 2179
2181 2182 2183
2183 2184 2181
2183 2185 2184
2183 2186 2185
2187 2181 2184
2181 2187 2188
2189 2185 2186
2189 2186 2190
2185 2191 2184
2187 2184 2191
2185 2192 2191
2192 2185 2189
2190 2193 2189
2190 2194 2193
2187 2191 2195
2191 2192 2195
2192 2189 2196
2193 2196 2189
2195 2192 2196
2188 2187 2197
2195 2197 2187
2198 2193 2194
2198 2194 2199
2198 2199 2200
2193 2201 2196
2195 2196 2201
2198 2201 2193
2188 2197 2202
2188 2202 2203
2195 2204 2197
2204 2195 2201
2197 2204 2202
2198 2205 2201
2204 2201 2205
2206 2205 2198
2198 2200 2206
2204 2205 2206
2206 2200 2207
2207 2204 2206
2207 2202 2204
2207 2200 2208
2209 2207 2208
2209 2210 2207
2207 2210 2202
2210 2209 2211
2203 2202 2212
2210 2212 2202
2203 2212 2213
2210 2213 2212
2210 2211 2214
2210 2214 2213
2214 2211 2215
2214 2216 2213
2217 2214 2215
2217 2216 2214
2218 2219 2220
2218 2220 2221
2222 2221 2220
2223 2221 2222
2218 2221 2224
2224 2221 2223
2224 2223 2225
2218 2224 2226
2225 2227 2224
2224 2228 2226
2224 2227 2228
2228 2227 2229
2228 2230 2226
2231 2228 2229
2228 2231 2230
2231 2229 2232
2233 2231 2232
2233 2234 2231
2234 2230 2231
2235 2234 2233
2236 2230 2234
2235 2236 2234
2236 2237 2230
2235 2238 2236
2238 2237 2236
2239 2240 2241
2239 2241 2242
2243 2239 2242
2244 2242 2241
2243 2242 2245
2245 2246 2243
2244 2247 2242
2245 2242 2247
2248 2247 2244
2245 2249 2246
2250 2246 2249
2248 2251 2247
2251 2248 2252
2245 2247 2253
2253 2249 2245
2251 2253 2247
2250 2249 2254
2255 2250 2254
2255 2254 2256
2251 2252 2257
2258 2257 2252
2253 2259 2249
2254 2249 2259
2256 2254 2260
2254 2259 2260
2256 2260 2261
2251 2262 2253
2262 2259 2253
2262 2251 2257
2258 2263 2257
2263 2258 2264
2265 2260 2259
2262 2265 2259
2266 2261 2260
2265 2266 2260
2266 2267 2261
2262 2257 2268
2268 2265 2262
2268 2257 2263
2263 2264 2269
2269 2264 2270
2267 2266 2271
2267 2271 2272
2266 2265 2273
2268 2273 2265
2266 2273 2271
2268 2263 2274
2273 2268 2274
2274 2263 2269
2269 2270 2275
2276 2275 2270
2277 2272 2271
2277 2278 2272
2271 2273 2279
2273 2274 2279
2271 2279 2277
2274 2269 2280
2279 2274 2280
2275 2280 2269
2276 2281 2275
2282 2281 2276
2278 2277 2283
2278 2283 2284
2284 2283 2285
2284 2285 2286
2285 2287 2286
2288 2277 2279
2288 2283 2277
2279 2280 2288
2285 2283 2288
2275 2289 2280
2289 2288 2280
2289 2275 2281
2282 2290 2281
2291 2290 2282
2289 2292 2288
2285 2288 2292
2289 2281 2293
2293 2281 2290
2293 2292 2289
2291 2294 2290
2295 2294 2291
2295 2296 2294
2293 2290 2297
2297 2290 2294
2298 2294 2296
2297 2294 2298
2298 2296 2299
2293 2300 2292
2297 2300 2293
2285 2292 2301
2301 2292 2300
2302 2298 2299
2302 2299 2303
2304 2302 2303
2298 2305 2297
2297 2305 2300
2298 2302 2305
2306 2300 2305
2301 2300 2306
2285 2301 2307
2285 2307 2287
2308 2305 2302
2306 2305 2308
2304 2309 2302
2308 2302 2309
2310 2309 2304
2310 2304 2311
2312 2309 2310
2312 2308 2309
2313 2308 2312
2313 2306 2308
2313 2312 2314
2315 2301 2306
2307 2301 2315
2315 2306 2313
2316 2287 2307
2307 2315 2316
2316 2317 2287
2313 2314 2318
2318 2315 2313
2319 2316 2315
2318 2319 2315
2317 2316 2320
2319 2320 2316
2317 2320 2321
2320 2322 2321
2314 2323 2318
2323 2319 2318
2314 2324 2323
2325 2320 2319
2323 2325 2319
2320 2326 2322
2325 2326 2320
2324 2327 2323
2324 2328 2327
2329 2325 2323
2329 2326 2325
2329 2323 2327
2322 2326 2330
2329 2330 2326
2322 2330 2331
2328 2332 2327
2328 2333 2332
2334 2329 2327
2330 2329 2334
2334 2327 2332
2331 2330 2335
2330 2334 2335
2331 2335 2336
2337 2336 2335
2337 2335 2338
2339 2338 2335
2339 2335 2334
2339 2334 2340
2340 2334 2332
2340 2332 2341
2341 2332 2333
2341 2333 2342
836 2343 2344
836 2344 1599
2345 2346 2347
2346 2345 2348
2346 2348 2349
2349 2348 2350
2349 2350 2351
2351 2350 2352
2351 2352 2353
2353 2352 2354
2353 2354 2355
2355 2354 2356
2355 2356 2357
2357 2356 2358
2357 2358 2359
2359 2358 2360
2359 2360 2361
2361 2360 2362
2361 2362 2363
2363 2362 2364
2363 2364 2365
2365 2364 2366
2365 2366 2367
2367 2366 2368
2367 2368 2369
2369 2368 2370
2369 2370 2371
2371 2370 2372
2371 2372 2373
2373 2372 2374
2373 2374 2375
2375 2374 2376
2375 2376 2377
2377 2376 2378
2377 2378 2379
2379 2378 2380
2379 2380 2381
2382 2383 2384
2382 2384 2385
2385 2384 2386
2385 2386 2387
2387 2386 2388
2389 2382 2385
2390 2385 2387
2389 2385 2390
2390 2391 2389
2392 2391 2390
2390 2387 2392
2387 2388 2393
2392 2387 2393
2388 2394 2393
2395 2394 2388
2396 2394 2395
2396 2397 2394
2392 2393 2398
2398 2393 2394
2398 2391 2392
2398 2394 2399
2399 2394 2397
2399 2391 2398
2399 2397 2400
2400 2391 2399
2400 2397 2401
2400 2401 2402
2402 2391 2400
2403 2402 2401
2403 2404 2402
2404 2391 2402
2405 2404 2403
2404 2405 2406
2407 2391 2404
2404 2406 2407
2407 2406 2408
2409 2391 2407
2407 2408 2409
2410 2391 2409
2409 2408 2411
2409 2411 2410
2410 2411 2412
2410 2412 2413
2413 2391 2410
2413 2412 2414
2413 2414 2415
2415 2391 2413
2415 2414 2416
2415 2416 2417
2417 2391 2415
2418 2417 2416
2418 2419 2417
2419 2391 2417
2420 2419 2418
2421 2419 2420
2421 2422 2419
2422 2391 2419
2423 2422 2421
2424 2422 2423
2425 2391 2422
2424 2425 2422
2426 2425 2424
2425 2426 2427
2428 2391 2425
2425 2427 2428
2429 2391 2428
2430 2428 2427
2430 2429 2428
2431 2429 2430
2432 2429 2431
2433 2432 2431
2434 2432 2433
2434 2435 2432
2429 2432 2435
2436 2435 2434
2435 2436 2437
2429 2435 2438
2438 2391 2429
2435 2437 2439
2438 2435 2439
2437 2440 2439
2438 2439 2441
2441 2391 2438
2439 2440 2442
2441 2439 2442
2442 2440 2443
2443 2444 2442
2441 2442 2445
2444 2445 2442
2445 2391 2441
2446 2445 2444
2446 2447 2445
2447 2391 2445
2448 2447 2446
2449 2447 2448
2449 2450 2447
2450 2391 2447
2451 2450 2449
2452 2391 2450
2389 2391 2452
2452 2382 2389
2450 2451 2453
2450 2453 2452
2452 2453 2382
2454 2453 2451
2455 2453 2454
2455 2456 2453
2453 2456 2382
2382 2456 2457
2458 2459 2460
2458 2461 2459
2462 2461 2458
2463 2464 2465
2463 2466 2464
2467 2466 2463
2467 2463 2468
2469 2467 2468
2469 2468 2470
2469 2470 2471
2472 2473 2474
2475 2472 2474
2475 2474 2476
2477 2478 2479
2480 2478 2477
2480 2477 2481
2482 2480 2481
2482 2483 2480
2482 2484 2483
2482 2485 2484
2485 2486 2484
2485 2487 2486
2488 2486 2487
2488 2487 2489
2490 2488 2489
2490 2491 2488
2490 2492 2491
2490 2493 2492
2492 2493 2494
2492 2494 2495
2495 2494 2496
2495 2496 2497
2497 2496 2498
2499 2500 2501
2499 2501 2502
2502 2503 2499
2502 2504 2503
2505 2503 2504
2505 2504 2506
2506 2507 2505
2506 2508 2507
2509 2507 2508
2509 2508 2510
2511 2509 2510
2511 2512 2509
2512 2511 2513
2512 2513 2514
2515 2514 2513
2515 2513 2516
2516 2517 2515
2517 2516 2518
2517 2518 2519
2519 2518 2520
2519 2520 2521
2521 2520 2522
2521 2522 2523
2523 2522 2524
2523 2524 2525
2525 2524 2526
2525 2526 2527
2527 2526 2528
2527 2528 2529
2529 2528 2530
2529 2530 2531
2532 2531 2530
2532 2533 2531
2532 2534 2533
2532 2535 2534
2536 2537 2538
2536 2539 2537
2536 2540 2539
2536 2501 2540
2541 2542 2543
2541 2543 2544
2545 2541 2544
2545 2544 2546
2547 2545 2546
2547 2546 2548
2549 2547 2548
2549 2548 2550
2551 2549 2550
2551 2550 2552
2553 2551 2552
2553 2552 2554
2555 2553 2554
2555 2554 2556
2557 2555 2556
2557 2556 2558
2557 2558 2559
2557 2559 2560
2561 2562 2563
2561 2563 2564
2565 2564 2563
2565 2566 2564
2567 2566 2565
2567 2568 2566
2569 2568 2567
2569 2570 2568
2571 2570 2569
2571 2572 2570
2573 2572 2571
2573 2574 2572
2575 2574 2573
2575 2576 2574
2577 2576 2575
2577 2578 2576
2579 2578 2577
2579 2580 2578
2581 2580 2579
2581 2582 2580
2583 2584 2585
2583 2586 2584
2586 2583 2587
2586 2588 2584
2586 2587 2589
2589 2587 2590
2586 2591 2588
2589 2591 2586
2591 2592 2588
2588 2592 2593
2588 2593 2594
2595 2594 2593
2595 2596 2594
2591 2597 2592
2591 2598 2597
2591 2599 2598
2589 2599 2591
2600 2598 2599
2600 2599 2601
2602 2600 2601
2602 2601 2603
2603 2604 2602
2603 2605 2604
2606 2604 2605
2607 2599 2589
2606 2608 2604
2607 2589 2609
2609 2610 2607
2589 2590 2609
2609 2611 2610
2590 2611 2609
2611 2612 2610
2611 2606 2612
2590 2613 2611
2613 2606 2611
2613 2614 2606
2614 2608 2606
2614 2615 2608
2616 2617 2618
2616 2619 2617
2619 2616 2620
2617 2619 2621
2617 2621 2622
2619 2620 2623
2623 2621 2619
2623 2620 2624
2625 2622 2621
2623 2625 2621
2625 2626 2622
2623 2624 2627
2625 2623 2627
2627 2624 2628
2626 2625 2629
2625 2627 2629
2626 2629 2630
2629 2631 2630
2629 2632 2631
2633 2632 2629
2633 2629 2627
2627 2628 2633
2634 2633 2628
2634 2628 2635
2633 2634 2636
2633 2636 2637
2635 2638 2634
2635 2639 2638
2637 2636 2640
2637 2640 2641
2636 2642 2640
2643 2636 2634
2636 2643 2642
2643 2634 2638
2643 2644 2642
2643 2638 2644
2644 2638 2639
2644 2639 2645
2646 2647 2648
2646 2648 2649
2650 2646 2649
2650 2651 2646
2651 2650 2652
2651 2652 2653
2652 2654 2653
2652 2655 2654
2656 2654 2655
2656 2657 2654
2658 2657 2656
2658 2659 2657
2660 2661 2662
2660 2663 2661
2660 2664 2663
2660 2665 2664
2666 2664 2665
2666 2665 2667
2668 2661 2669
2668 2669 2670
2671 2670 2669
2671 2672 2670
2673 2671 2674
2673 2674 2675
2676 2677 2678
2676 2678 2679
2680 2681 2682
2683 2681 2680
2683 2680 2684
2685 2686 2687
2685 2687 2688
2689 2690 2691
2689 2691 2692
2693 2694 2695
2693 2695 2696
2697 2698 2699
2697 2699 2700
2701 2702 2703
2701 2703 2704
2705 2706 2707
2705 2707 2708
2709 2710 2711
2709 2711 2712
2713 2714 2715
2713 2715 2716
2717 2718 2719
2717 2719 2720
2721 2722 2723
2721 2723 2724
2725 2726 2727
2725 2727 2728
2729 2730 2731
2729 2731 2732
2733 2734 2735
2733 2735 2736
2737 2738 2739
2738 2737 2740
2741 2742 2743
2741 2744 2742
2745 2742 2744
2741 2746 2744
2741 2747 2746
2745 2744 2748
2749 2745 2748
2744 2750 2748
2744 2746 2750
2751 2750 2746
2751 2746 2752
2752 2746 2747
2752 2747 2753
2749 2748 2754
2754 2748 2750
2753 2755 2752
2753 2756 2755
2757 2752 2755
2752 2757 2758
2752 2758 2751
2751 2758 2759
2760 2751 2759
2761 2751 2760
2762 2751 2761
2762 2763 2751
2750 2751 2763
2764 2749 2754
2764 2765 2749
2754 2750 2766
2750 2763 2766
2764 2754 2766
2763 2767 2766
2764 2766 2767
2763 2768 2767
2769 2768 2763
2769 2770 2768
2771 2764 2767
2772 2767 2768
2771 2767 2772
2770 2773 2768
2772 2768 2773
2770 2774 2773
2775 2774 2770
2774 2775 2776
2777 2772 2773
2777 2771 2772
2777 2773 2774
2778 2764 2771
2778 2765 2764
2779 2774 2776
2779 2776 2780
2780 2776 2781
2780 2781 2782
2780 2782 2783
2774 2779 2784
2774 2784 2777
2779 2785 2784
2779 2780 2785
2780 2783 2786
2786 2783 2787
2786 2787 2788
2788 2789 2786
2777 2784 2790
2790 2784 2785
2780 2786 2791
2780 2791 2785
2786 2789 2792
2792 2791 2786
2789 2793 2792
2792 2794 2791
2794 2795 2791
2785 2791 2795
2794 2796 2795
2777 2790 2797
2777 2797 2771
2798 2771 2797
2790 2798 2797
2798 2778 2771
2790 2799 2798
2790 2785 2800
2785 2795 2800
2800 2801 2790
2801 2778 2802
2801 2765 2778
2796 2803 2795
2796 2804 2803
2803 2804 2805
2795 2806 2800
2800 2806 2801
2795 2803 2806
2801 2807 2765
2801 2808 2807
2807 2809 2765
2807 2810 2809
2811 2806 2803
2811 2807 2806
2811 2810 2807
2803 2805 2811
2811 2812 2810
2812 2811 2805
2812 2805 2813
2814 2815 2816
2814 2816 2817
2816 2818 2817
2816 2819 2818
2816 2820 2819
2821 2820 2816
2822 2821 2816
2822 2823 2821
2824 2825 2826
2824 2827 2825
2825 2827 2828
2825 2828 2829
2825 2829 2830
2831 2825 2830
2832 2825 2831
2832 2831 2833
2834 2835 2836
2836 2835 2837
2838 2839 2840
2838 2841 2839
2842 2839 2841
2842 2841 2843
2843 2844 2842
2843 2845 2844
2846 2844 2845
2846 2847 2844
2847 2846 2848
2849 2850 2851
2852 2851 2850
2852 2853 2851
2854 2853 2852
2854 2855 2853
2856 2855 2854
2856 2857 2855
2856 2858 2857
2856 2859 2858
2860 2861 2862
2863 2861 2860
2863 2860 2864
2863 2864 2865
2863 2865 2866
2865 2867 2866
2866 2867 2868
2868 2867 2869
2870 2871 2872
2872 2871 2873
2873 2871 2874
2875 2873 2874
2876 2875 2874
2875 2876 2877
2876 2878 2877
2878 2879 2877
2878 2880 2879
2880 2881 2879
2880 2882 2881
2883 2881 2882
1068 2881 2883
2884 2885 2886
2884 2887 2885
2884 2888 2887
2889 2887 2888
2889 2888 2890
2891 2892 2893
2891 2894 2892
2894 2895 2892
2894 2896 2895
2896 2897 2895
2896 2898 2897
2897 2898 2899
2900 2901 2902
2902 2901 2903
2902 2903 2904
2905 2903 2901
2904 2903 2906
2907 2903 2905
2907 2906 2903
2908 2907 2905
2907 2909 2906
2908 2910 2907
2910 2909 2907
2910 2911 2909
2912 2910 2908
2913 2911 2910
2912 2913 2910
2913 2914 2911
2912 2915 2913
2914 2913 2915
2912 2916 2915
2914 2915 2917
2915 2916 2918
2917 2915 2919
2915 2918 2919
2917 2919 2920
2919 2918 2921
2920 2919 2921
2922 2923 2924
2925 2923 2922
2925 2926 2923
2927 2926 2925
2928 2929 2930
2931 2929 2928
2931 2928 2932
2933 2934 2935
2933 2936 2934
2937 2936 2933
2938 2939 2940
2939 2941 2940
2942 2943 2944
2942 2944 2945
2946 2945 2944
2946 2947 2945
2947 2946 2948
2947 2948 2949
2950 2949 2948
2950 2948 2951
2951 2952 2950
2953 2954 2955
2956 2955 2954
2956 2954 2957
2958 2956 2957
2958 2957 2959
2960 2958 2959
2960 2959 2961
2960 2961 2962
2960 2962 2963
2964 2965 2966
2967 2964 2966
2967 2968 2964
2967 2969 2968
2967 2970 2969
2969 2970 2971
2970 2972 2971
2972 2973 2971
2974 2975 2976
2975 2977 2976
2977 2978 2976
2979 2978 2977
2980 2978 2979
2979 2981 2980
2980 2981 2982
2982 2981 2983
2982 2983 2984
2984 2983 2985
2984 2985 2986
2987 2986 2985
1158 2987 2985
2988 2989 2990
2988 2990 2991
2988 2991 2992
2993 2992 2991
2993 2994 2992
2995 2996 2997
2995 2997 2998
2998 2997 2999
2998 2999 3000
3000 2999 3001
3000 3001 3002
3001 3003 3002
3004 3005 3006
3005 3007 3006
3005 3008 3007
3009 3006 3007
3008 3010 3007
3011 3009 3007
3011 3007 3010
3012 3009 3011
3011 3010 3013
3012 3011 3014
3014 3011 3013
3014 3013 3015
3016 3012 3014
3017 3014 3015
3016 3014 3017
3017 3015 3018
3016 3017 3019
3018 3019 3017
3016 3019 3020
3018 3021 3019
3019 3022 3020
3021 3023 3019
3019 3023 3022
3021 3024 3023
3023 3025 3022
3024 3025 3023
3026 3027 3028
3029 3026 3028
3029 3028 3030
3031 3029 3030
3032 3033 3034
3035 3032 3034
3035 3036 3032
3037 3038 3039
3037 3039 3040
3041 3037 3040
3042 3043 3044
3042 3044 3045
3042 3046 3043
3046 3047 3043
3042 3045 3048
3048 3045 3049
3048 3049 3050
3050 3049 3051
3050 3051 3052
3053 3050 3052
3048 3050 3053
3053 3052 3054
3042 3048 3055
3048 3053 3055
3053 3054 3056
3055 3053 3056
3054 3057 3056
3058 3055 3056
3042 3055 3058
3046 3042 3058
3059 3058 3056
3046 3058 3059
3060 3059 3056
3061 3060 3056
3062 3061 3056
3063 3046 3059
3046 3063 3047
3063 3059 3064
3065 3047 3063
3065 3063 3064
3065 3064 3066
3062 3065 3066
3065 3067 3047
3068 3067 3065
3062 3068 3065
3068 3069 3067
3070 3068 3062
3070 3062 3056
3071 3069 3068
3070 3071 3068
3071 3072 3069
3071 3073 3072
3071 3074 3073
3074 3071 3070
3074 3075 3073
3074 3076 3075
3074 3070 3077
3076 3074 3077
3077 3070 3056
3076 3077 3078
3078 3077 3056
3079 3080 3056
3080 3081 3056
3081 3082 3056
3082 3083 3056
3084 3079 3056
3083 3085 3056
3057 3084 3056
3085 3086 3056
3086 3087 3056
3088 3087 3086
3088 3089 3087
3090 3086 3085
3090 3088 3086
3089 3088 3091
3089 3091 3075
3088 3092 3091
3088 3090 3092
3090 3093 3092
3094 3090 3085
3090 3094 3093
3094 3085 3095
3094 3096 3093
3097 3094 3095
3094 3097 3096
3097 3095 3098
3099 3096 3097
3099 3097 3098
3099 3098 3100
3099 3101 3096
3102 3099 3100
3103 3101 3099
3102 3103 3099
3103 3104 3101
3105 3103 3102
3106 3104 3103
3105 3106 3103
3106 3107 3104
3084 3106 3105
3108 3107 3106
3084 3108 3106
3108 3109 3107
3057 3108 3084
3110 3109 3108
3057 3110 3108
3111 3110 3057
3110 3112 3109
3111 3113 3110
3113 3112 3110
3113 3051 3112
3114 3115 3116
3117 3114 3116
3115 3118 3116
3119 3117 3116
3118 3120 3116
3121 3119 3116
3120 3122 3116
3123 3121 3116
3122 3124 3116
3125 3123 3116
3124 3126 3116
3127 3125 3116
3126 3128 3116
3129 3127 3116
3128 3130 3116
3131 3129 3116
3130 3132 3116
3133 3131 3116
3132 3134 3116
3134 3133 3116
3135 3136 3137
3135 3138 3136
3135 3137 3139
3139 3137 3140
3135 3141 3138
3141 3142 3138
3141 3143 3142
3143 3144 3142
3143 3145 3144
3146 3145 3143
3141 3146 3143
3146 3147 3145
3135 3148 3141
3141 3148 3146
3146 3149 3147
3148 3149 3146
3147 3149 3150
3151 3149 3148
3135 3151 3148
3139 3151 3135
3152 3149 3151
3139 3152 3151
3139 3140 3153
3153 3152 3139
3154 3149 3152
3155 3149 3154
3153 3156 3152
3157 3149 3155
3158 3153 3140
3158 3156 3153
3158 3159 3156
3157 3159 3158
3158 3140 3160
3161 3158 3160
3157 3158 3161
3161 3160 3162
3163 3157 3161
3163 3149 3157
3164 3161 3162
3163 3161 3164
3164 3162 3165
3164 3165 3166
3164 3166 3167
3167 3163 3164
3167 3166 3168
3167 3168 3169
3167 3170 3163
3169 3170 3167
3170 3149 3163
3169 3171 3170
3171 3149 3170
3172 3149 3173
3173 3149 3174
3174 3149 3175
3175 3149 3176
3177 3149 3172
3176 3149 3178
3150 3149 3177
3178 3149 3179
3179 3149 3180
3181 3179 3180
3181 3180 3182
3183 3178 3179
3183 3179 3181
3182 3184 3181
3182 3168 3184
3181 3184 3185
3181 3185 3183
3183 3185 3186
3187 3178 3183
3183 3186 3187
3187 3188 3178
3187 3186 3189
3190 3188 3187
3187 3189 3190
3190 3191 3188
3192 3190 3189
3192 3191 3190
3192 3193 3191
3192 3189 3194
3195 3193 3192
3196 3192 3194
3195 3192 3196
3196 3194 3197
3198 3195 3196
3199 3196 3197
3198 3196 3199
3199 3197 3200
3177 3198 3199
3201 3199 3200
3177 3199 3201
3201 3200 3202
3150 3177 3201
3203 3201 3202
3150 3201 3203
3204 3150 3203
3203 3202 3205
3204 3203 3206
3206 3203 3205
3206 3205 3144
3207 3208 3209
3210 3208 3207
3209 3208 3211
3212 3208 3210
3211 3208 3213
3214 3208 3212
3213 3208 3215
3216 3208 3214
3215 3208 3217
3218 3208 3216
3217 3208 3219
3220 3208 3218
3219 3208 3221
3222 3208 3220
3221 3208 3223
3224 3208 3222
3223 3208 3225
3226 3208 3224
3225 3208 3227
3227 3208 3226
