byte offset: 0
first index: 42534
index count: 6060
topology: trianglelist
format: DXGI_FORMAT_R16_UINT

12094 12095 12096
12097 12098 12096
12097 12099 12098
12099 12097 12100
12099 12100 12101
12102 12101 12100
12102 12103 12101
12103 12104 12101
12104 12099 12101
12103 12105 12104
12104 12105 12106
12104 12107 12099
12107 12098 12099
12104 12106 12108
12107 12104 12108
12108 12106 12109
12098 12107 12110
12107 12108 12110
12108 12109 12111
12112 12110 12108
12112 12108 12111
12109 12113 12111
12112 12111 12113
12109 12114 12113
12098 12110 12115
12110 12112 12115
12114 12116 12113
12114 12117 12116
12115 12118 12098
12119 12098 12118
12117 12120 12116
12117 12121 12120
12120 12121 12122
12120 12122 12123
12123 12122 12124
12123 12124 12125
12116 12120 12126
12126 12120 12123
12127 12123 12125
12126 12123 12127
12127 12125 12128
12116 12126 12129
12113 12116 12129
12130 12126 12127
12129 12126 12130
12131 12127 12128
12130 12127 12131
12131 12128 12132
12113 12129 12133
12112 12113 12133
12129 12130 12134
12133 12129 12134
12135 12130 12131
12134 12130 12135
12136 12131 12132
12135 12131 12136
12136 12132 12137
12138 12112 12133
12112 12138 12115
12133 12134 12139
12138 12133 12139
12134 12135 12140
12139 12134 12140
12141 12135 12136
12140 12135 12141
12142 12136 12137
12141 12136 12142
12142 12137 12143
12144 12142 12143
12141 12142 12144
12144 12143 12145
12138 12139 12146
12139 12140 12146
12147 12115 12138
12138 12146 12147
12140 12141 12148
12146 12140 12148
12141 12144 12149
12148 12141 12149
12150 12144 12145
12149 12144 12150
12150 12145 12151
12152 12150 12151
12152 12151 12153
12149 12150 12154
12154 12150 12152
12148 12149 12155
12155 12149 12154
12146 12148 12156
12156 12148 12155
12157 12152 12153
12157 12153 12158
12154 12152 12159
12159 12152 12157
12155 12154 12160
12160 12154 12159
12161 12157 12158
12161 12158 12162
12163 12157 12161
12159 12157 12163
12163 12161 12164
12165 12159 12163
12160 12159 12165
12166 12163 12164
12165 12163 12166
12166 12164 12167
12168 12155 12160
12156 12155 12168
12169 12160 12165
12168 12160 12169
12170 12166 12167
12170 12167 12171
12172 12165 12166
12172 12166 12170
12169 12165 12172
12173 12170 12171
12172 12170 12173
12173 12171 12174
12175 12156 12168
12169 12175 12168
12169 12172 12176
12169 12176 12175
12172 12173 12177
12172 12177 12176
12178 12173 12174
12178 12174 12179
12180 12177 12173
12180 12173 12178
12181 12178 12179
12181 12179 12182
12183 12178 12181
12183 12180 12178
12184 12180 12183
12177 12180 12185
12177 12185 12176
12184 12185 12180
12176 12185 12186
12176 12186 12175
12187 12185 12184
12187 12186 12185
12175 12186 12188
12186 12187 12189
12186 12189 12188
12175 12188 12190
12175 12190 12156
12146 12156 12190
12146 12190 12147
12188 12147 12190
12188 12191 12147
12189 12191 12188
12147 12191 12115
12115 12191 12118
12189 12118 12191
12192 12118 12189
12192 12193 12118
12192 12194 12193
12187 12195 12189
12192 12189 12195
12187 12196 12195
12196 12187 12184
12192 12197 12194
12198 12192 12195
12192 12198 12197
12194 12197 12199
12194 12199 12200
12201 12200 12199
12201 12202 12200
12203 12202 12201
12203 12204 12202
12205 12203 12201
12205 12201 12206
12206 12201 12199
12206 12199 12207
12207 12199 12197
12207 12197 12208
12208 12197 12198
12208 12198 12209
12209 12198 12210
12209 12210 12211
12198 12195 12210
12212 12211 12210
12213 12210 12195
12212 12210 12213
12214 12212 12213
12213 12195 12196
12214 12213 12215
12215 12213 12196
12216 12214 12215
12215 12196 12217
12196 12184 12217
12216 12215 12218
12218 12215 12217
12219 12216 12218
12220 12217 12184
12221 12220 12184
12222 12220 12221
12219 12218 12223
12224 12219 12223
12224 12223 12225
12218 12217 12226
12220 12226 12217
12223 12218 12226
12222 12227 12220
12227 12226 12220
12228 12227 12222
12228 12229 12227
12225 12223 12230
12223 12226 12230
12227 12230 12226
12229 12230 12227
12225 12230 12231
12229 12231 12230
12232 12233 12234
12235 12236 12237
12238 12239 12240
12238 12241 12239
12242 12241 12238
12241 12243 12239
12242 12244 12241
12245 12244 12242
12245 12246 12244
12247 12246 12245
12241 12248 12243
12244 12249 12241
12249 12248 12241
12249 12244 12250
12248 12249 12250
12244 12246 12251
12244 12251 12250
12246 12247 12252
12246 12252 12251
12243 12248 12253
12243 12253 12254
12248 12250 12255
12251 12255 12250
12248 12255 12253
12254 12253 12256
12254 12256 12257
12256 12258 12257
12253 12255 12259
12253 12259 12256
12256 12260 12258
12259 12260 12256
12260 12261 12258
12255 12251 12262
12255 12262 12259
12260 12263 12261
12263 12264 12261
12259 12265 12260
12265 12263 12260
12266 12265 12259
12266 12259 12262
12251 12267 12262
12251 12252 12267
12265 12268 12263
12266 12268 12265
12263 12269 12264
12268 12269 12263
12270 12266 12262
12270 12262 12267
12252 12271 12267
12271 12270 12267
12266 12272 12268
12270 12272 12266
12264 12269 12273
12264 12273 12274
12268 12275 12269
12272 12275 12268
12274 12273 12276
12274 12276 12277
12273 12278 12276
12269 12279 12273
12273 12279 12278
12269 12275 12279
12279 12280 12278
12279 12281 12280
12275 12281 12279
12281 12282 12280
12272 12283 12275
12275 12283 12281
12281 12284 12282
12283 12284 12281
12284 12285 12282
12286 12283 12272
12270 12286 12272
12283 12287 12284
12286 12287 12283
12284 12288 12285
12287 12288 12284
12288 12289 12285
12290 12286 12270
12271 12290 12270
12291 12287 12286
12290 12291 12286
12287 12292 12288
12291 12292 12287
12288 12293 12289
12293 12294 12289
12293 12295 12294
12296 12293 12288
12295 12293 12296
12296 12288 12292
12295 12296 12297
12298 12296 12292
12298 12297 12296
12298 12292 12291
12298 12299 12297
12300 12298 12291
12299 12298 12300
12300 12291 12290
12299 12300 12301
12302 12300 12290
12301 12300 12302
12302 12290 12271
12303 12301 12302
12303 12304 12301
12304 12305 12301
12306 12305 12304
12306 12304 12303
12306 12307 12305
12307 12308 12305
12307 12309 12308
12309 12310 12308
12311 12302 12271
12312 12303 12302
12312 12302 12311
12311 12271 12313
12252 12313 12271
12247 12313 12252
12247 12314 12313
12311 12313 12314
12315 12312 12311
12315 12311 12316
12317 12315 12316
12317 12318 12315
12318 12317 12319
12318 12319 12320
12321 12320 12319
12321 12322 12320
12323 12324 12312
12324 12303 12312
12325 12324 12323
12325 12323 12326
12327 12325 12326
12327 12328 12325
12324 12329 12303
12325 12329 12324
12306 12303 12329
12328 12330 12325
12325 12330 12329
12328 12331 12330
12332 12330 12331
12333 12306 12329
12333 12329 12330
12332 12333 12330
12333 12307 12306
12332 12334 12333
12333 12334 12307
12332 12335 12334
12334 12309 12307
12335 12336 12334
12334 12336 12309
12335 12337 12336
12336 12338 12309
12309 12338 12310
12337 12339 12336
12336 12339 12338
12337 12340 12339
12339 12340 12341
12339 12341 12342
12338 12339 12342
12338 12342 12343
12310 12338 12343
12310 12343 12344
12345 12346 12347
12345 12347 12348
12347 12349 12348
12349 12350 12348
12349 12351 12350
12349 12352 12351
12350 12351 12353
12348 12354 12345
12348 12350 12354
12350 12353 12355
12356 12355 12353
12357 12350 12355
12357 12355 12356
12357 12354 12350
12357 12356 12358
12358 12356 12359
12358 12359 12360
12360 12359 12361
12360 12361 12362
12358 12363 12357
12357 12364 12354
12357 12363 12364
12360 12365 12358
12358 12365 12363
12354 12366 12345
12354 12364 12367
12354 12367 12366
12366 12368 12345
12368 12369 12345
12368 12370 12369
12367 12371 12366
12366 12371 12368
12368 12371 12372
12368 12372 12373
12373 12370 12368
12372 12374 12373
12373 12375 12370
12374 12375 12373
12374 12376 12375
12377 12376 12374
12367 12378 12371
12372 12371 12378
12377 12374 12379
12374 12380 12379
12381 12377 12379
12380 12381 12379
12380 12382 12381
12383 12382 12380
12383 12380 12384
12380 12385 12384
12374 12386 12380
12380 12386 12385
12372 12386 12374
12387 12385 12386
12387 12386 12388
12372 12388 12386
12389 12387 12388
12389 12388 12390
12372 12390 12388
12391 12389 12390
12372 12392 12390
12372 12378 12392
12391 12390 12393
12392 12393 12390
12394 12391 12393
12378 12395 12392
12392 12395 12393
12394 12393 12396
12396 12397 12394
12378 12398 12395
12367 12398 12378
12393 12395 12399
12393 12399 12396
12395 12400 12399
12395 12398 12400
12367 12401 12398
12364 12401 12367
12399 12402 12396
12400 12402 12399
12396 12403 12397
12396 12402 12403
12398 12404 12400
12398 12401 12404
12364 12405 12401
12363 12405 12364
12403 12406 12397
12406 12407 12397
12406 12408 12407
12403 12409 12406
12408 12410 12407
12411 12409 12403
12402 12411 12403
12411 12412 12409
12408 12413 12410
12414 12413 12408
12413 12415 12410
12416 12413 12414
12417 12412 12411
12402 12417 12411
12417 12418 12412
12417 12419 12418
12413 12420 12415
12420 12421 12415
12416 12422 12413
12420 12413 12422
12402 12423 12417
12400 12423 12402
12404 12423 12400
12424 12419 12417
12423 12424 12417
12424 12425 12419
12426 12422 12416
12426 12416 12427
12428 12426 12427
12428 12429 12426
12428 12430 12429
12429 12430 12431
12404 12432 12423
12423 12432 12424
12433 12432 12404
12432 12433 12424
12401 12433 12404
12401 12405 12433
12434 12422 12426
12420 12422 12434
12433 12435 12424
12435 12425 12424
12425 12435 12436
12437 12431 12436
12429 12431 12437
12405 12438 12433
12433 12438 12435
12439 12436 12435
12437 12436 12439
12438 12439 12435
12434 12426 12440
12429 12440 12426
12405 12441 12438
12363 12441 12405
12442 12439 12438
12442 12437 12439
12443 12441 12363
12443 12363 12365
12444 12438 12441
12442 12438 12444
12444 12441 12443
12445 12443 12365
12360 12445 12365
12446 12445 12360
12360 12362 12446
12447 12446 12362
12447 12362 12448
12447 12448 12449
12450 12447 12449
12450 12449 12451
12443 12452 12444
12445 12453 12443
12443 12453 12452
12446 12454 12445
12454 12453 12445
12446 12447 12455
12446 12455 12454
12447 12450 12456
12447 12456 12455
12444 12452 12457
12444 12457 12442
12458 12450 12451
12450 12459 12456
12450 12458 12459
12455 12456 12460
12460 12456 12459
12454 12455 12461
12455 12460 12461
12458 12451 12462
12451 12463 12462
12464 12462 12463
12464 12458 12462
12464 12463 12465
12454 12461 12466
12454 12466 12453
12453 12466 12467
12461 12467 12466
12453 12467 12452
12461 12468 12467
12460 12468 12461
12452 12467 12469
12468 12469 12467
12452 12469 12457
12457 12469 12470
12468 12471 12469
12471 12470 12469
12460 12472 12468
12472 12471 12468
12457 12470 12473
12442 12457 12473
12472 12460 12474
12460 12459 12474
12442 12473 12475
12442 12475 12437
12475 12476 12437
12429 12437 12476
12473 12477 12475
12475 12477 12476
12470 12478 12473
12473 12478 12477
12472 12479 12471
12472 12474 12480
12479 12472 12480
12459 12481 12474
12481 12480 12474
12471 12482 12470
12479 12482 12471
12459 12483 12481
12458 12483 12459
12458 12484 12483
12464 12484 12458
12485 12484 12464
12485 12464 12465
12485 12465 12486
12486 12465 12487
12488 12485 12486
12489 12485 12488
12489 12490 12485
12485 12490 12484
12483 12491 12481
12484 12492 12483
12483 12492 12491
12490 12493 12484
12484 12493 12492
12491 12494 12481
12481 12494 12480
12492 12495 12491
12493 12496 12492
12492 12496 12495
12491 12497 12494
12495 12497 12491
12493 12490 12498
12493 12499 12496
12493 12498 12499
12500 12496 12499
12498 12500 12499
12501 12498 12490
12501 12490 12502
12501 12503 12498
12498 12503 12500
12501 12504 12503
12505 12503 12504
12505 12506 12503
12506 12500 12503
12500 12506 12507
12506 12505 12508
12506 12508 12509
12507 12506 12509
12509 12508 12510
12511 12509 12510
12511 12512 12509
12507 12509 12512
12513 12512 12511
12513 12514 12512
12507 12512 12514
12515 12514 12513
12515 12513 12516
12515 12516 12517
12518 12514 12515
12518 12519 12514
12507 12514 12519
12519 12518 12520
12519 12520 12521
12521 12507 12519
12521 12520 12522
12521 12523 12507
12500 12507 12523
12521 12522 12524
12524 12523 12521
12525 12524 12522
12500 12523 12526
12524 12526 12523
12525 12527 12524
12527 12526 12524
12528 12527 12525
12500 12526 12529
12500 12529 12496
12528 12530 12527
12531 12530 12528
12527 12532 12526
12529 12526 12532
12530 12532 12527
12496 12529 12533
12529 12532 12533
12496 12533 12495
12531 12534 12530
12535 12534 12531
12530 12536 12532
12536 12530 12534
12532 12537 12533
12532 12536 12537
12533 12538 12495
12533 12537 12538
12495 12538 12497
12538 12539 12497
12497 12539 12494
12537 12540 12538
12538 12540 12539
12536 12541 12537
12537 12541 12540
12539 12542 12494
12540 12542 12539
12535 12543 12534
12543 12535 12544
12536 12534 12545
12536 12545 12541
12541 12546 12540
12540 12546 12542
12494 12542 12547
12494 12547 12480
12543 12544 12548
12549 12548 12544
12550 12534 12543
12545 12534 12550
12550 12543 12551
12551 12543 12548
12545 12550 12552
12541 12545 12553
12553 12545 12552
12541 12553 12546
12553 12552 12554
12546 12553 12554
12546 12554 12555
12542 12546 12555
12542 12555 12556
12547 12542 12556
12556 12557 12547
12551 12548 12558
12559 12551 12558
12560 12559 12558
12561 12547 12557
12480 12547 12561
12479 12480 12561
12562 12561 12557
12479 12561 12562
12562 12557 12563
12564 12562 12563
12564 12563 12565
12566 12564 12565
12479 12562 12567
12479 12567 12482
12567 12562 12568
12564 12568 12562
12482 12567 12569
12567 12568 12569
12566 12570 12564
12566 12571 12570
12570 12571 12560
12482 12569 12572
12470 12482 12572
12570 12560 12573
12560 12558 12573
12470 12572 12574
12470 12574 12478
12572 12575 12574
12478 12574 12575
12569 12576 12572
12572 12576 12575
12568 12577 12569
12569 12577 12576
12478 12575 12578
12477 12478 12578
12576 12579 12575
12578 12575 12579
12477 12578 12580
12476 12477 12580
12568 12581 12577
12564 12581 12568
12582 12576 12577
12576 12582 12579
12578 12579 12583
12583 12580 12578
12476 12580 12584
12429 12476 12584
12581 12585 12577
12582 12577 12585
12582 12586 12579
12583 12579 12586
12583 12587 12580
12584 12580 12587
12429 12584 12588
12429 12588 12440
12588 12584 12589
12584 12587 12589
12590 12587 12583
12583 12586 12590
12582 12591 12586
12591 12582 12585
12440 12588 12592
12588 12589 12592
12589 12587 12593
12590 12593 12587
12590 12586 12594
12591 12594 12586
12440 12592 12595
12434 12440 12595
12596 12592 12589
12589 12593 12596
12597 12593 12590
12590 12594 12597
12434 12595 12598
12420 12434 12598
12595 12592 12599
12596 12599 12592
12596 12593 12600
12597 12600 12593
12420 12598 12601
12420 12601 12421
12598 12595 12602
12595 12599 12602
12603 12599 12596
12596 12600 12603
12604 12601 12598
12598 12602 12604
12605 12421 12601
12604 12605 12601
12605 12606 12421
12602 12599 12607
12603 12607 12599
12604 12602 12608
12602 12607 12608
12609 12605 12604
12604 12608 12609
12610 12606 12605
12609 12610 12605
12610 12611 12606
12612 12611 12610
12612 12613 12611
12614 12610 12609
12614 12612 12610
12609 12608 12615
12609 12615 12614
12608 12607 12616
12608 12616 12615
12617 12607 12603
12617 12616 12607
12618 12613 12612
12618 12619 12613
12620 12612 12614
12620 12618 12612
12614 12615 12621
12614 12621 12620
12615 12616 12622
12615 12622 12621
12603 12623 12617
12603 12600 12623
12624 12616 12617
12624 12622 12616
12618 12625 12619
12619 12625 12626
12625 12627 12626
12628 12623 12600
12628 12600 12597
12617 12623 12629
12617 12629 12624
12625 12630 12627
12630 12631 12627
12632 12623 12628
12632 12629 12623
12597 12633 12628
12597 12594 12633
12630 12634 12631
12635 12631 12634
12635 12634 12636
12636 12634 12637
12637 12634 12630
12636 12637 12638
12639 12630 12625
12637 12630 12639
12638 12637 12640
12638 12640 12641
12642 12640 12637
12642 12637 12639
12641 12640 12643
12643 12640 12642
12641 12643 12644
12643 12645 12644
12639 12625 12646
12646 12625 12618
12647 12639 12646
12618 12647 12646
12647 12642 12639
12620 12647 12618
12643 12642 12648
12648 12642 12647
12643 12649 12645
12648 12649 12643
12650 12647 12620
12648 12647 12650
12620 12651 12650
12620 12621 12651
12650 12652 12648
12650 12651 12652
12648 12652 12649
12645 12649 12653
12645 12653 12654
12653 12655 12654
12651 12621 12656
12652 12651 12656
12649 12652 12657
12649 12657 12653
12652 12656 12657
12653 12658 12655
12657 12658 12653
12621 12659 12656
12621 12622 12659
12656 12660 12657
12656 12659 12660
12657 12660 12658
12655 12658 12661
12655 12661 12662
12659 12622 12663
12660 12659 12663
12658 12660 12664
12660 12663 12664
12658 12664 12661
12622 12665 12663
12665 12664 12663
12624 12665 12622
12662 12661 12666
12662 12666 12667
12668 12661 12664
12668 12666 12661
12665 12668 12664
12667 12666 12669
12669 12666 12668
12667 12669 12670
12669 12671 12670
12672 12668 12665
12669 12668 12672
12673 12665 12624
12672 12665 12673
12669 12674 12671
12672 12674 12669
12624 12675 12673
12624 12629 12675
12673 12676 12672
12673 12675 12676
12672 12676 12674
12671 12674 12677
12671 12677 12678
12675 12629 12679
12676 12675 12679
12674 12676 12680
12676 12679 12680
12674 12680 12677
12629 12681 12679
12681 12680 12679
12632 12681 12629
12682 12678 12677
12682 12683 12678
12684 12683 12682
12684 12682 12685
12686 12677 12680
12686 12682 12677
12681 12686 12680
12685 12682 12686
12687 12686 12681
12685 12686 12687
12688 12681 12632
12687 12681 12688
12689 12685 12687
12688 12690 12687
12687 12690 12689
12688 12691 12690
12632 12691 12688
12690 12692 12689
12689 12692 12693
12689 12693 12694
12694 12685 12689
12694 12695 12685
12632 12696 12691
12628 12696 12632
12628 12633 12696
12697 12691 12696
12698 12696 12633
12698 12697 12696
12697 12699 12691
12699 12700 12691
12701 12698 12633
12701 12633 12594
12591 12701 12594
12701 12591 12702
12591 12585 12702
12698 12701 12703
12701 12702 12703
12704 12702 12585
12581 12704 12585
12697 12698 12705
12698 12703 12705
12706 12703 12702
12704 12706 12702
12707 12704 12581
12564 12707 12581
12707 12708 12704
12706 12704 12708
12564 12709 12707
12709 12708 12707
12564 12570 12709
12706 12710 12703
12710 12705 12703
12706 12708 12711
12710 12706 12711
12712 12709 12570
12712 12570 12573
12709 12713 12708
12713 12711 12708
12712 12713 12709
12714 12712 12573
12714 12573 12558
12712 12715 12713
12714 12715 12712
12713 12716 12711
12715 12716 12713
12710 12711 12717
12716 12717 12711
12710 12718 12705
12718 12710 12717
12558 12719 12714
12558 12548 12719
12549 12719 12548
12720 12719 12549
12714 12719 12720
12714 12721 12715
12714 12720 12721
12715 12722 12716
12722 12715 12721
12723 12721 12720
12722 12721 12723
12723 12720 12724
12716 12725 12717
12722 12725 12716
12726 12722 12723
12722 12726 12725
12727 12723 12724
12726 12723 12727
12727 12724 12728
12725 12729 12717
12718 12717 12729
12726 12730 12725
12725 12730 12729
12731 12726 12727
12726 12731 12730
12732 12727 12728
12731 12727 12732
12732 12728 12733
12734 12732 12733
12734 12733 12735
12736 12731 12732
12736 12732 12734
12731 12737 12730
12731 12736 12737
12730 12738 12729
12730 12737 12738
12739 12718 12729
12739 12729 12738
12734 12735 12740
12735 12741 12740
12740 12741 12742
12718 12739 12743
12718 12743 12705
12697 12705 12743
12740 12742 12744
12744 12742 12745
12697 12743 12746
12699 12697 12746
12744 12745 12747
12748 12747 12745
12748 12749 12747
12749 12750 12747
12750 12744 12747
12749 12751 12750
12752 12740 12744
12750 12752 12744
12751 12753 12750
12751 12754 12753
12755 12750 12753
12755 12752 12750
12754 12756 12753
12756 12755 12753
12754 12757 12756
12756 12757 12758
12752 12759 12740
12759 12734 12740
12760 12759 12752
12734 12759 12760
12760 12752 12755
12736 12734 12760
12756 12761 12755
12761 12760 12755
12756 12758 12762
12761 12756 12762
12763 12736 12760
12761 12763 12760
12736 12763 12764
12736 12764 12737
12763 12761 12765
12763 12765 12764
12761 12762 12765
12758 12766 12762
12758 12767 12766
12766 12767 12768
12764 12769 12737
12765 12769 12764
12762 12770 12765
12762 12766 12770
12765 12770 12769
12766 12768 12771
12770 12766 12771
12737 12769 12772
12737 12772 12738
12769 12770 12773
12769 12773 12772
12770 12771 12773
12768 12774 12771
12768 12775 12774
12772 12776 12738
12773 12776 12772
12771 12777 12773
12773 12777 12776
12771 12774 12777
12738 12776 12778
12778 12776 12777
12739 12738 12778
12775 12779 12774
12775 12780 12779
12781 12777 12774
12781 12774 12779
12778 12777 12781
12780 12782 12779
12782 12781 12779
12780 12783 12782
12782 12783 12784
12785 12778 12781
12782 12785 12781
12786 12739 12778
12785 12786 12778
12782 12784 12787
12785 12782 12787
12739 12786 12788
12739 12788 12743
12786 12785 12789
12786 12789 12788
12785 12787 12789
12788 12790 12743
12789 12790 12788
12743 12790 12746
12789 12791 12790
12787 12791 12789
12746 12790 12791
12784 12792 12787
12787 12792 12791
12784 12793 12792
12746 12791 12794
12794 12791 12792
12795 12792 12793
12794 12792 12795
12795 12793 12796
12797 12795 12796
12797 12798 12795
12798 12794 12795
12799 12746 12794
12798 12799 12794
12799 12699 12746
12699 12799 12700
12799 12800 12700
12800 12799 12798
12700 12800 12801
12800 12802 12801
12800 12803 12802
12803 12800 12798
12803 12798 12804
12805 12806 12807
12805 12808 12806
12809 12806 12808
12809 12808 12810
12811 12808 12805
12811 12810 12808
12811 12805 12812
12811 12813 12810
12814 12811 12812
12813 12811 12814
12813 12814 12815
12814 12816 12815
12814 12812 12817
12814 12818 12816
12818 12814 12817
12818 12817 12819
12820 12821 12822
12820 12823 12821
12824 12823 12820
12824 12820 12825
12826 12824 12825
12826 12827 12824
12828 12827 12826
12828 12829 12827
12830 12831 12832
12830 12833 12831
12834 12833 12830
12834 12830 12835
12836 12834 12835
12836 12837 12834
12838 12837 12836
12838 12839 12837
12840 12839 12838
12841 12839 12840
12841 12840 12842
12843 12841 12842
12844 12839 12841
12844 12841 12845
12846 12844 12845
12846 12845 12847
12848 12846 12847
12848 12847 12849
12850 12848 12849
12850 12849 12851
12850 12851 12852
12852 12851 12853
12850 12852 12854
12855 12850 12854
12856 12857 12858
12859 12858 12857
12859 12860 12858
12861 12862 12863
12861 12863 12864
12864 12863 12865
12866 12861 12864
12866 12867 12861
12868 12867 12866
12864 12865 12869
12869 12865 12870
12868 12866 12871
12872 12868 12871
12873 12866 12864
12873 12864 12869
12871 12866 12873
12869 12870 12874
12874 12870 12875
12876 12873 12869
12876 12869 12874
12871 12873 12877
12877 12873 12876
12872 12871 12878
12878 12871 12877
12874 12875 12879
12879 12875 12880
12881 12876 12874
12881 12874 12879
12882 12872 12878
12882 12883 12872
12877 12876 12884
12884 12876 12881
12878 12877 12885
12882 12878 12885
12885 12877 12884
12879 12880 12886
12886 12880 12887
12883 12882 12888
12883 12888 12889
12888 12890 12889
12888 12891 12890
12882 12892 12888
12892 12891 12888
12882 12885 12892
12892 12893 12891
12894 12893 12892
12885 12894 12892
12894 12895 12893
12885 12884 12896
12885 12896 12894
12897 12895 12894
12897 12898 12895
12899 12898 12897
12896 12884 12900
12884 12881 12900
12894 12896 12901
12894 12901 12897
12896 12900 12901
12900 12881 12902
12902 12881 12879
12902 12879 12886
12901 12900 12903
12900 12902 12903
12901 12904 12897
12901 12903 12904
12905 12899 12897
12904 12905 12897
12899 12905 12906
12905 12904 12906
12899 12906 12907
12908 12902 12886
12903 12902 12908
12909 12907 12906
12909 12910 12907
12904 12911 12906
12911 12909 12906
12904 12903 12912
12911 12904 12912
12913 12910 12909
12913 12914 12910
12911 12915 12909
12915 12911 12912
12915 12913 12909
12908 12886 12916
12917 12908 12916
12886 12887 12916
12916 12887 12918
12903 12908 12919
12903 12919 12912
12919 12908 12917
12916 12918 12920
12917 12916 12920
12920 12918 12921
12912 12919 12922
12919 12917 12922
12917 12923 12922
12912 12922 12924
12924 12922 12923
12915 12912 12924
12920 12921 12925
12925 12921 12926
12927 12917 12920
12927 12920 12925
12928 12927 12925
12925 12926 12929
12928 12925 12929
12929 12926 12930
12917 12927 12931
12917 12931 12923
12931 12927 12928
12923 12931 12928
12932 12915 12924
12915 12932 12913
12929 12930 12933
12933 12930 12934
12933 12934 12935
12935 12934 12936
12935 12936 12937
12937 12936 12938
12937 12938 12939
12939 12938 12940
12939 12940 12941
12942 12929 12933
12942 12928 12929
12943 12942 12933
12943 12933 12944
12928 12942 12945
12943 12945 12942
12946 12943 12944
12946 12944 12947
12948 12946 12947
12948 12947 12949
12946 12950 12943
12943 12950 12945
12928 12945 12951
12923 12928 12951
12945 12952 12951
12951 12952 12923
12948 12953 12946
12946 12953 12950
12953 12954 12950
12950 12955 12945
12945 12955 12952
12950 12954 12955
12956 12948 12949
12956 12949 12957
12952 12958 12923
12924 12923 12958
12932 12924 12958
12952 12932 12958
12952 12959 12932
12955 12959 12952
12913 12932 12959
12954 12960 12955
12955 12960 12959
12913 12959 12961
12914 12913 12961
12914 12961 12962
12959 12960 12963
12959 12963 12961
12963 12962 12961
12960 12954 12963
12963 12964 12962
12965 12964 12963
12954 12965 12963
12954 12966 12965
12954 12967 12966
12953 12967 12954
12967 12968 12966
12969 12967 12953
12948 12969 12953
12967 12970 12968
12969 12970 12967
12970 12971 12968
12970 12972 12971
12972 12973 12971
12974 12972 12970
12972 12974 12973
12974 12970 12969
12975 12973 12974
12969 12976 12974
12975 12974 12976
12948 12976 12969
12977 12975 12976
12948 12978 12976
12977 12976 12978
12978 12948 12956
12978 12979 12977
12978 12956 12979
12956 12957 12979
12957 12980 12979
12957 12981 12980
12982 12980 12981
12982 12983 12980
12984 12985 12986
12984 12986 12987
12988 12984 12987
12988 12987 12989
12990 12988 12989
12990 12989 12991
12992 12993 12994
12992 12994 12995
12996 12992 12995
12996 12995 12997
12998 12996 12997
12998 12997 12999
13000 12998 12999
13001 13000 12999
13001 13002 13000
13003 13002 13001
13004 13001 12999
13004 13005 13001
13006 13005 13004
13006 13007 13005
13008 13007 13006
13008 13009 13007
13008 13010 13009
13010 13011 13009
13008 13012 13010
13013 13012 13008
13014 13015 13016
13014 13016 13017
13018 13014 13017
13017 13016 13019
13018 13017 13020
13020 13021 13018
13020 13022 13021
13023 13021 13022
13023 13022 13024
13017 13019 13025
13020 13017 13025
13019 13026 13025
13019 13027 13026
13025 13026 13028
13020 13025 13029
13025 13028 13029
13029 13022 13020
13029 13028 13030
13029 13030 13031
13029 13031 13022
13032 13031 13030
13022 13031 13032
13032 13030 13033
13022 13034 13024
13022 13032 13034
13034 13035 13024
13032 13035 13034
13032 13036 13035
13037 13036 13032
13032 13033 13037
13033 13038 13037
13039 13040 13041
13039 13042 13040
13043 13042 13039
13043 13044 13042
13045 13044 13043
13045 13043 13046
13047 13045 13046
13047 13048 13045
13047 13049 13048
13047 13050 13049
13047 13051 13050
13050 13051 13052
13050 13052 13053
13050 13053 13054
13050 13054 13055
13050 13055 13056
13050 13057 13049
13050 13056 13058
13050 13058 13057
13058 13056 13059
13058 13059 13060
13061 13058 13060
13058 13061 13057
13057 13061 13062
13063 13064 13065
13063 13065 13066
13066 13065 13067
13066 13067 13068
13068 13067 13069
13070 13071 13072
13070 13073 13071
13074 13073 13070
13074 13075 13073
13074 13076 13075
13074 13077 13076
13077 13074 13078
13079 13077 13078
13080 13081 13082
13080 13082 13083
13083 13084 13080
13083 13085 13084
13083 13086 13085
13083 13087 13086
13087 13083 13082
13087 13082 13088
13089 13090 13091
13089 13091 13092
13093 13089 13092
13093 13092 13094
13095 13092 13091
13094 13092 13095
13095 13091 13096
13094 13095 13097
13098 13099 13100
13098 13100 13101
13102 13098 13101
13102 13101 13103
13102 13103 13104
13102 13104 13105
13106 13102 13105
13107 13106 13105
13108 13109 13110
13108 13111 13109
13111 13108 13112
13113 13111 13112
13114 13113 13112
13114 13112 13115
13116 13113 13114
13116 13117 13113
13116 13118 13117
13114 13115 13119
13116 13114 13119
13119 13115 13120
13116 13121 13118
13121 13116 13119
13121 13119 13122
13121 13123 13118
13119 13120 13124
13122 13119 13124
13124 13120 13125
13121 13126 13123
13126 13121 13122
13127 13123 13126
13127 13126 13122
13127 13128 13123
13129 13128 13127
13122 13129 13127
13129 13130 13128
13131 13130 13129
13131 13129 13122
13131 13132 13130
13133 13132 13131
13133 13134 13132
13131 13122 13135
13122 13124 13135
13133 13131 13135
13124 13125 13136
13135 13124 13136
13136 13125 13137
13135 13136 13138
13133 13135 13138
13139 13134 13133
13139 13140 13134
13136 13137 13141
13141 13138 13136
13142 13140 13139
13142 13143 13140
13144 13143 13142
13145 13139 13133
13146 13133 13138
13146 13145 13133
13147 13139 13145
13147 13142 13139
13141 13148 13138
13148 13146 13138
13149 13145 13146
13149 13147 13145
13150 13146 13148
13141 13150 13148
13150 13149 13146
13144 13142 13151
13142 13147 13152
13142 13152 13151
13153 13147 13149
13153 13152 13147
13154 13149 13150
13154 13153 13149
13141 13155 13150
13155 13154 13150
13156 13144 13151
13156 13157 13144
13158 13151 13152
13158 13152 13153
13158 13156 13151
13159 13157 13156
13159 13160 13157
13161 13160 13159
13141 13162 13155
13141 13137 13162
13163 13156 13158
13163 13159 13156
13163 13164 13159
13165 13161 13159
13164 13165 13159
13166 13161 13165
13164 13166 13165
13161 13166 13167
13166 13168 13167
13169 13163 13158
13164 13163 13169
13166 13170 13168
13170 13171 13168
13169 13158 13172
13158 13153 13172
13153 13173 13172
13169 13172 13173
13153 13154 13173
13174 13166 13164
13170 13166 13174
13170 13175 13171
13175 13176 13171
13175 13177 13176
13177 13178 13176
13177 13179 13178
13180 13179 13177
13180 13177 13181
13181 13177 13175
13181 13182 13180
13183 13175 13170
13181 13175 13183
13181 13184 13182
13183 13184 13181
13184 13185 13182
13183 13170 13186
13170 13174 13186
13184 13187 13185
13187 13188 13185
13183 13189 13184
13186 13189 13183
13189 13187 13184
13187 13190 13188
13189 13190 13187
13190 13191 13188
13174 13192 13186
13186 13192 13189
13189 13193 13190
13192 13193 13189
13190 13194 13191
13193 13194 13190
13194 13195 13191
13194 13196 13195
13197 13196 13194
13193 13197 13194
13197 13198 13196
13174 13199 13192
13199 13174 13164
13192 13200 13193
13200 13197 13193
13199 13200 13192
13201 13198 13197
13200 13201 13197
13201 13202 13198
13203 13201 13200
13199 13203 13200
13204 13202 13201
13203 13204 13201
13204 13205 13202
13199 13164 13206
13164 13169 13206
13207 13203 13199
13207 13204 13203
13207 13199 13206
13208 13205 13204
13207 13208 13204
13208 13209 13205
13169 13210 13206
13210 13207 13206
13210 13169 13173
13210 13211 13207
13211 13208 13207
13211 13210 13173
13212 13209 13208
13211 13212 13208
13212 13213 13209
13211 13173 13214
13214 13212 13211
13154 13214 13173
13215 13213 13212
13214 13215 13212
13215 13216 13213
13154 13217 13214
13155 13217 13154
13217 13218 13214
13218 13215 13214
13155 13218 13217
13219 13216 13215
13218 13219 13215
13155 13219 13218
13219 13220 13216
13155 13162 13219
13162 13220 13219
13162 13221 13220
13137 13221 13162
13137 13222 13221
13223 13222 13137
13223 13224 13222
13225 13224 13223
13225 13226 13224
13227 13226 13225
13227 13228 13226
13229 13228 13227
13229 13230 13228
13231 13232 13233
13231 13233 13234
13233 13235 13234
13233 13236 13235
13237 13238 13239
13237 13239 13240
13240 13239 13241
13240 13241 13242
13242 13241 13243
13242 13243 13244
13244 13243 13245
13244 13245 13246
13246 13245 13247
13246 13247 13248
13248 13247 13249
13248 13249 13250
13250 13249 13251
13250 13251 13252
13252 13251 13253
13252 13253 13254
13254 13255 13256
13254 13256 13257
13258 13259 13260
13258 13261 13259
13262 13261 13258
13262 13263 13261
13262 13264 13263
13265 13263 13264
13266 13264 13262
13265 13264 13266
13267 13266 13262
13265 13266 13267
13268 13267 13262
13268 13269 13267
13269 13265 13267
13270 13269 13268
13271 13265 13269
13270 13271 13269
13271 13272 13265
13273 13271 13270
13274 13272 13271
13273 13274 13271
13274 13275 13272
13276 13274 13273
13277 13275 13274
13276 13277 13274
13277 13278 13275
13279 13277 13276
13280 13278 13277
13279 13280 13277
13280 13281 13278
13280 13279 13282
13279 13283 13282
13282 13284 13280
13281 13280 13284
13281 13284 13285
13286 13287 13288
13286 13288 13289
13290 13291 13292
13290 13292 13293
13293 13292 13294
13293 13294 13295
13295 13294 13296
13295 13296 13297
13297 13296 13298
13297 13298 13299
13299 13298 13300
13299 13300 13301
13301 13300 13302
13301 13302 13303
13303 13302 13304
13303 13304 13305
13305 13304 13306
13305 13306 13307
13308 13306 13309
13308 13309 13310
13311 13312 13313
13311 13313 13314
13315 13316 13317
13315 13318 13316
13318 13319 13316
13318 13320 13319
13320 13321 13319
13320 13322 13321
13321 13322 13323
13321 13323 13324
13323 13325 13324
13323 13326 13325
13325 13326 13327
13325 13327 13328
13327 13329 13328
13327 13330 13329
13331 13329 13330
13331 13330 13332
13332 13330 13333
13334 13335 13336
13337 13335 13334
13337 13334 13338
13339 13340 13341
13339 13341 13342
13339 13342 13343
13339 13343 13344
13344 13343 13345
13344 13345 13346
13346 13345 13347
13346 13347 13348
13348 13347 13349
13348 13349 13350
13350 13349 13351
13350 13351 13352
13352 13351 13353
13352 13353 13354
13354 13353 13355
13354 13355 13356
13356 13355 13357
13356 13357 13358
13358 13357 13359
13358 13359 13360
13360 13359 13361
13360 13361 13362
13362 13361 13363
13362 13363 13364
13364 13363 13365
13364 13365 13366
13367 13366 13365
13367 13368 13366
13369 13370 13371
13369 13371 13372
13373 13369 13372
13372 13371 13374
13373 13372 13375
13376 13373 13375
13372 13374 13377
13375 13372 13377
13378 13377 13374
13378 13374 13379
13375 13377 13380
13380 13377 13378
13376 13375 13381
13381 13375 13380
13382 13378 13379
13382 13379 13383
13384 13376 13381
13384 13385 13376
13386 13384 13381
13386 13381 13387
13381 13380 13387
13388 13386 13387
13388 13387 13389
13380 13389 13387
13390 13388 13389
13380 13378 13391
13380 13391 13389
13391 13378 13382
13390 13389 13392
13392 13389 13391
13393 13390 13392
13394 13382 13383
13394 13383 13395
13391 13382 13396
13392 13391 13396
13396 13382 13394
13393 13392 13397
13397 13392 13396
13398 13393 13397
13399 13394 13395
13399 13395 13400
13396 13394 13401
13397 13396 13401
13401 13394 13399
13398 13397 13402
13402 13397 13401
13403 13398 13402
13404 13399 13400
13404 13400 13405
13401 13399 13406
13402 13401 13406
13404 13406 13399
13403 13402 13407
13407 13402 13406
13408 13403 13407
13409 13404 13405
13409 13405 13410
13404 13411 13406
13407 13406 13411
13409 13411 13404
13408 13407 13412
13412 13407 13411
13413 13408 13412
13414 13409 13410
13414 13410 13415
13416 13414 13415
13409 13417 13411
13412 13411 13417
13414 13417 13409
13413 13412 13418
13418 13412 13417
13419 13413 13418
13416 13420 13414
13421 13420 13416
13414 13422 13417
13418 13417 13422
13420 13422 13414
13419 13418 13423
13424 13419 13423
13418 13422 13425
13420 13425 13422
13418 13425 13423
13421 13426 13420
13426 13425 13420
13427 13426 13421
13427 13428 13426
13429 13426 13428
13426 13430 13425
13423 13425 13430
13429 13430 13426
13424 13423 13431
13423 13430 13431
13431 13430 13429
13432 13424 13431
13431 13429 13433
13432 13431 13433
13434 13435 13436
13434 13437 13435
13438 13437 13434
13437 13439 13435
13438 13440 13437
13441 13440 13438
13437 13442 13439
13440 13442 13437
13443 13439 13442
13443 13444 13439
13440 13445 13442
13445 13443 13442
13441 13446 13440
13446 13445 13440
13447 13444 13443
13447 13448 13444
13449 13446 13441
13449 13441 13450
13451 13446 13449
13451 13452 13446
13446 13452 13445
13453 13452 13451
13453 13454 13452
13445 13452 13454
13455 13454 13453
13445 13456 13443
13445 13454 13456
13456 13447 13443
13455 13457 13454
13457 13456 13454
13458 13457 13455
13456 13459 13447
13457 13459 13456
13458 13460 13457
13460 13459 13457
13461 13460 13458
13459 13462 13447
13462 13448 13447
13462 13463 13448
13461 13464 13460
13465 13464 13461
13460 13466 13459
13459 13466 13462
13464 13466 13460
13467 13463 13462
13466 13467 13462
13467 13468 13463
13465 13469 13464
13470 13469 13465
13464 13471 13466
13466 13471 13467
13469 13471 13464
13472 13468 13467
13472 13467 13471
13472 13473 13468
13470 13474 13469
13475 13474 13470
13469 13476 13471
13472 13471 13476
13474 13476 13469
13477 13473 13472
13477 13472 13476
13477 13478 13473
13475 13479 13474
13480 13479 13475
13474 13481 13476
13477 13476 13481
13479 13481 13474
13482 13478 13477
13482 13477 13481
13482 13483 13478
13484 13483 13482
13482 13481 13485
13479 13485 13481
13484 13482 13486
13486 13482 13485
13487 13484 13486
13480 13488 13479
13489 13488 13480
13479 13490 13485
13486 13485 13490
13479 13488 13490
13487 13486 13491
13491 13486 13490
13492 13487 13491
13492 13491 13493
13494 13493 13491
13491 13490 13495
13488 13495 13490
13494 13491 13495
13489 13496 13488
13488 13496 13495
13496 13494 13495
13497 13496 13489
13496 13498 13494
13497 13498 13496
