byte offset: 0
first index: 0
index count: 9630
topology: trianglelist
format: DXGI_FORMAT_R16_UINT

0 1 2
3 4 5
6 7 8
9 7 10
11 9 10
11 10 12
13 11 12
13 12 14
15 14 12
15 16 14
17 15 12
17 12 10
18 17 10
18 10 19
19 20 18
21 22 23
24 25 26
27 28 29
30 31 28
30 32 31
32 33 31
34 31 33
32 35 33
36 33 35
36 37 33
37 34 33
32 38 35
39 35 38
36 40 37
36 41 40
41 42 40
42 43 40
43 42 44
45 37 40
43 45 40
34 37 46
45 46 37
43 44 47
44 48 47
34 46 49
50 34 49
51 49 46
51 52 49
51 53 52
54 46 45
51 46 54
43 55 45
54 45 55
43 56 55
56 54 55
57 43 47
56 43 57
47 48 58
57 47 58
51 54 59
56 59 54
51 59 60
60 61 51
60 62 61
59 56 63
56 57 63
59 63 64
58 48 65
48 66 65
67 57 58
67 58 65
63 57 67
66 68 65
68 67 65
66 69 68
70 64 63
71 64 70
63 67 72
70 63 72
69 73 68
69 74 73
67 68 75
68 73 75
67 75 72
72 75 76
77 72 76
77 70 72
71 70 78
78 70 77
78 77 79
80 71 78
73 74 81
74 82 81
81 83 73
84 83 81
84 85 83
86 85 84
86 87 85
88 87 86
79 89 78
79 90 89
80 78 91
78 89 91
88 92 87
93 92 88
94 89 90
90 95 94
80 91 96
80 96 97
98 97 96
91 89 99
94 99 89
91 100 96
91 99 100
101 98 96
101 96 100
102 100 99
94 102 99
102 101 100
98 101 103
98 103 104
105 104 103
94 106 102
95 106 94
101 102 107
107 102 106
101 107 103
107 106 108
95 109 106
110 107 108
111 109 95
112 109 111
95 113 111
103 107 114
110 114 107
112 111 115
116 112 115
111 117 115
113 118 111
111 118 117
113 119 118
119 117 118
87 119 113
119 120 117
87 92 119
92 120 119
92 121 120
93 121 92
121 122 120
123 121 93
121 123 122
124 123 93
124 125 123
125 126 123
125 127 126
123 128 122
123 126 128
122 128 129
122 129 130
130 129 131
130 131 132
132 131 133
134 126 127
127 135 134
127 136 135
135 137 134
126 134 138
134 139 138
126 138 140
128 126 140
140 141 128
140 142 141
128 141 143
141 144 143
143 129 128
145 146 129
145 147 146
129 146 148
129 148 131
131 148 149
131 149 150
131 150 133
149 151 150
151 133 150
149 152 151
151 110 133
151 152 153
110 151 153
110 153 114
114 153 154
154 155 114
103 114 155
105 103 155
154 105 155
154 156 105
157 156 154
157 158 156
159 105 156
158 159 156
159 160 105
159 161 160
158 162 159
159 163 161
162 163 159
162 164 163
165 166 167
165 168 169
165 169 170
170 169 171
170 171 172
173 174 169
173 169 175
176 169 177
176 177 178
179 178 177
179 177 180
181 179 180
182 183 184
185 186 184
187 186 188
187 188 189
189 188 190
189 190 191
191 190 192
191 192 193
194 191 193
194 193 195
196 191 194
196 189 191
197 189 196
197 198 189
199 200 201
202 203 204
205 206 207
208 209 210
211 212 213
214 215 216
217 218 219
220 221 222
223 224 225
226 227 228
229 230 231
232 229 231
233 234 235
233 235 236
237 233 236
236 235 238
237 236 239
236 238 240
239 236 240
237 239 241
237 241 242
239 240 243
239 243 244
239 244 241
245 241 244
246 242 241
245 246 241
246 247 242
248 246 245
249 247 246
248 250 246
249 246 250
250 248 251
249 250 252
250 251 252
249 252 253
251 254 252
254 253 252
240 238 255
255 238 256
255 256 257
240 255 258
259 240 258
259 260 240
261 260 259
261 262 260
263 262 261
264 255 257
264 265 255
265 258 255
265 266 258
267 258 266
267 259 258
268 259 267
268 261 259
269 264 257
269 257 270
271 269 270
271 272 269
261 268 273
273 268 274
261 273 275
263 261 275
276 263 275
276 277 263
278 275 273
278 276 275
277 276 279
277 279 280
276 278 281
276 281 279
280 279 282
280 282 283
283 282 284
279 285 282
279 281 285
282 286 284
282 285 286
287 284 286
288 287 286
285 289 286
289 288 286
281 289 285
289 290 288
281 291 289
291 290 289
278 291 281
291 292 290
278 293 291
293 292 291
293 278 273
293 294 292
293 273 295
294 293 295
294 295 296
273 274 295
274 296 295
274 297 296
297 274 298
299 297 298
299 298 300
300 301 299
300 302 301
303 301 302
299 301 304
304 301 303
299 304 305
306 299 305
306 307 299
308 307 306
304 303 309
305 304 310
310 304 309
305 310 311
310 309 312
313 305 311
313 306 305
309 314 312
303 315 309
309 315 314
303 316 315
315 317 314
313 318 306
308 306 318
313 319 318
318 319 320
321 315 316
315 321 317
321 316 322
321 323 317
324 308 318
318 320 324
324 325 308
320 326 324
326 325 324
322 327 321
321 327 323
322 328 327
327 329 323
330 327 328
327 330 329
330 331 329
330 328 332
330 333 331
333 330 332
333 332 334
335 336 337
336 338 337
336 339 338
340 339 336
340 341 339
341 342 339
343 338 339
342 344 339
343 339 344
345 344 342
343 344 346
345 346 344
343 346 347
348 346 345
349 347 346
348 349 346
349 350 347
348 351 349
351 350 349
352 353 354
352 354 355
354 356 357
354 358 356
359 356 358
359 360 356
361 360 359
361 359 362
361 362 363
361 363 364
365 364 363
366 365 363
366 363 362
366 362 367
368 367 362
368 362 359
369 368 359
369 359 370
371 369 370
371 370 354
372 373 354
372 374 373
375 376 377
378 376 375
378 375 379
380 381 382
380 382 383
384 383 382
384 385 383
384 382 386
387 388 389
388 387 390
387 391 390
387 392 391
391 392 393
394 388 390
394 390 391
395 388 394
395 396 388
395 397 396
395 398 397
398 399 397
398 400 399
401 399 400
394 391 402
391 393 403
402 391 403
393 404 403
402 403 405
404 405 403
406 407 408
406 409 407
410 409 406
410 406 411
412 410 411
412 411 413
414 412 413
415 413 411
411 416 415
411 417 416
415 418 413
418 419 413
414 413 419
418 420 419
421 419 420
422 414 419
421 422 419
422 423 414
421 424 422
424 423 422
425 426 406
425 406 427
428 429 430
429 431 430
429 432 431
432 433 431
432 434 433
435 433 434
435 434 436
435 436 437
435 437 438
439 438 437
439 440 438
441 440 439
441 442 440
443 442 441
444 443 441
444 441 439
444 439 445
445 439 437
445 437 446
446 437 436
446 436 447
448 436 434
448 449 436
450 448 434
450 434 451
452 450 451
452 451 453
454 455 456
454 457 455
455 457 458
455 458 459
460 455 459
460 459 461
462 455 460
462 460 463
464 460 461
463 460 465
464 465 460
463 465 466
467 466 465
468 465 464
467 465 468
468 464 469
467 468 470
470 468 469
471 472 473
471 474 472
475 474 471
475 476 474
477 472 474
476 477 474
476 478 477
479 478 476
477 480 472
481 476 475
479 476 481
481 475 482
483 479 481
484 481 482
483 481 484
484 482 485
486 483 484
487 484 485
486 484 487
487 485 488
489 486 487
490 487 488
489 487 490
490 488 491
489 490 492
492 490 491
493 494 472
493 472 495
495 472 480
495 480 496
495 496 497
495 497 498
498 499 495
500 493 495
500 501 493
502 503 504
505 504 503
505 506 504
507 506 505
507 508 506
507 509 508
507 510 509
510 511 509
509 511 512
512 513 509
511 514 512
510 515 511
511 515 514
510 516 515
515 517 514
516 518 515
515 518 517
516 519 518
517 518 520
520 518 519
521 522 523
521 524 522
522 524 525
522 525 526
526 525 527
526 527 528
529 528 527
529 530 528
531 530 529
532 529 527
531 529 533
533 529 532
532 527 534
535 534 527
535 536 534
537 531 533
537 538 531
539 538 537
533 532 540
532 541 540
542 540 541
543 533 540
542 543 540
543 537 533
543 542 544
543 544 545
545 544 546
546 547 545
548 537 543
539 537 548
548 543 549
550 548 549
539 548 551
550 551 548
539 551 552
551 553 552
554 551 550
551 554 553
554 550 555
553 554 556
556 554 555
546 557 547
558 547 557
559 557 546
559 546 560
558 557 561
561 557 559
561 562 558
561 563 562
563 564 562
561 559 565
565 563 561
563 566 564
566 567 564
565 568 563
568 566 563
566 569 567
567 569 570
570 569 571
572 569 566
568 572 566
573 571 569
573 569 572
574 571 573
575 574 573
576 573 572
575 573 576
576 572 568
577 575 576
578 576 568
577 576 578
578 568 565
578 579 577
565 580 578
578 580 579
565 559 580
579 580 581
581 580 559
579 581 582
581 559 560
581 583 582
560 584 581
581 584 583
560 585 584
584 586 583
585 587 584
584 587 586
585 588 587
589 587 588
589 590 587
586 587 590
591 590 589
591 589 592
593 591 592
593 594 591
594 595 591
590 591 595
594 596 595
590 595 597
586 590 597
598 586 597
598 597 599
600 598 599
600 599 601
602 598 600
603 586 598
602 603 598
603 604 586
603 605 604
602 606 603
603 606 605
602 607 606
608 605 606
609 606 607
608 606 609
609 607 610
611 608 609
612 609 610
611 609 613
612 613 609
613 614 611
612 615 613
613 615 614
612 616 615
614 615 617
617 615 616
618 619 620
618 620 621
622 623 624
624 625 622
624 626 625
627 626 628
627 629 626
630 629 627
630 627 631
631 627 632
631 632 633
634 633 632
635 632 627
635 627 636
634 632 637
635 637 632
634 637 638
635 639 637
638 637 639
640 641 642
640 642 643
644 645 642
644 646 645
646 647 645
646 648 647
642 649 650
649 651 650
649 652 651
642 650 653
653 654 642
653 655 654
656 654 655
657 654 656
657 656 658
656 655 659
659 660 656
659 661 660
662 656 660
662 663 656
664 662 660
665 660 661
664 660 665
665 661 666
667 664 665
668 665 666
667 665 668
668 666 669
667 668 670
670 668 669
671 672 673
671 674 672
675 674 671
675 671 676
677 672 674
678 674 675
678 677 674
677 679 672
679 680 672
681 677 678
681 679 677
681 682 679
681 678 683
679 684 680
682 684 679
684 685 680
682 686 684
684 687 685
686 687 684
687 688 685
686 689 687
687 690 688
689 690 687
689 691 690
692 683 678
692 693 683
694 692 678
694 678 675
695 692 694
696 693 692
695 696 692
696 697 693
698 697 696
699 696 695
698 696 699
699 695 700
701 699 700
698 699 702
701 702 699
698 702 703
704 702 701
705 703 702
704 705 702
705 706 703
707 705 704
706 705 707
708 709 710
708 711 709
712 709 711
712 711 713
713 714 712
713 715 714
714 715 716
714 716 717
718 717 716
719 718 716
719 716 715
719 715 720
721 720 715
721 715 722
723 721 722
723 722 724
725 723 724
725 724 726
727 728 729
727 729 730
731 732 733
731 733 734
735 731 734
735 736 731
737 738 739
737 740 738
741 738 740
741 740 742
743 742 740
743 740 744
737 744 740
737 745 744
745 746 744
745 747 746
748 749 744
748 744 750
751 752 753
751 753 754
754 755 751
754 756 755
754 753 757
758 756 754
754 757 758
758 759 756
758 760 759
761 758 757
758 761 760
761 757 762
761 763 760
764 761 762
761 764 763
764 762 765
763 764 766
766 764 765
767 768 769
770 768 767
771 772 773
771 773 774
775 774 773
775 773 776
775 777 774
775 778 777
777 779 774
777 780 779
777 778 781
782 780 777
777 781 782
782 783 780
784 785 783
786 784 781
784 786 785
786 781 787
786 788 785
789 786 787
786 789 788
789 787 790
788 789 791
791 789 790
792 793 794
795 793 792
796 797 798
796 799 797
799 796 800
799 800 801
799 802 797
803 799 801
799 803 802
803 801 804
803 804 805
806 802 803
803 805 806
806 807 802
806 805 808
809 807 806
806 808 809
809 810 807
808 811 809
811 810 809
812 813 814
815 812 814
816 814 817
816 817 818
818 817 819
818 819 820
821 819 817
821 817 822
822 823 824
822 824 825
826 827 828
826 829 827
830 829 826
831 830 826
826 832 831
832 826 833
834 832 833
835 830 831
835 836 830
837 831 832
834 837 832
837 835 831
837 834 838
834 839 838
840 837 838
835 837 840
839 841 838
840 838 841
839 842 841
841 842 843
841 843 844
845 844 843
846 840 841
846 841 844
845 847 844
847 846 844
847 845 848
835 840 849
849 840 846
850 835 849
850 851 835
847 852 846
847 848 853
852 847 853
849 846 854
854 846 852
855 849 854
855 856 849
848 857 853
848 858 857
857 858 859
852 853 860
857 860 853
854 852 861
861 852 860
862 854 861
862 861 863
864 863 861
857 859 865
865 859 866
861 860 867
864 861 867
857 868 860
868 867 860
868 857 865
869 864 867
868 869 867
869 870 864
865 866 871
872 871 866
868 865 873
873 869 868
873 865 871
874 870 869
873 874 869
874 875 870
873 871 876
872 876 871
876 874 873
875 874 877
876 877 874
877 876 872
875 877 878
878 877 872
879 880 881
881 880 882
881 882 883
882 884 883
882 880 885
885 880 886
882 885 887
888 882 887
888 889 882
882 889 884
890 889 888
884 889 891
890 891 889
892 891 890
892 893 891
884 891 894
895 894 891
895 896 894
897 898 899
897 899 900
900 901 897
900 899 902
900 903 901
900 902 904
900 905 903
906 900 904
906 905 900
907 908 773
907 773 909
910 907 909
773 911 909
773 912 911
909 911 913
913 910 909
914 910 913
914 913 915
916 917 918
919 916 918
916 919 920
916 920 921
920 922 921
923 922 920
923 920 919
923 919 924
925 924 919
926 925 919
927 925 926
928 929 930
928 930 931
932 928 931
930 933 931
930 934 933
934 935 933
933 935 936
932 931 937
937 931 933
938 932 937
933 936 939
937 933 939
940 939 936
937 939 940
940 936 941
938 937 942
937 940 942
941 943 940
942 940 943
941 944 943
945 943 944
938 942 946
942 943 946
938 946 947
948 947 946
945 949 943
949 946 943
949 948 946
945 950 949
949 950 948
951 952 953
951 954 952
955 952 954
955 954 956
957 954 951
956 954 957
957 951 958
956 957 959
960 957 958
961 959 957
960 961 957
961 962 959
963 961 960
962 961 964
963 964 961
962 964 965
966 964 963
965 964 967
966 967 964
965 967 968
969 967 966
968 967 969
970 971 972
970 972 973
974 975 976
974 976 977
978 977 976
978 979 977
979 978 980
980 978 981
976 981 978
976 982 981
982 976 983
982 983 984
985 986 987
985 987 988
989 985 988
989 990 985
991 988 987
991 989 988
991 987 992
991 993 989
994 989 993
990 989 995
994 995 989
990 995 996
995 994 997
996 995 998
995 997 998
996 998 999
997 1000 998
1000 999 998
1001 1002 1003
1001 1004 1002
1004 1005 1002
1006 1004 1001
1004 1007 1005
1006 1008 1004
1008 1007 1004
1009 1008 1006
1008 1010 1007
1009 1011 1008
1011 1010 1008
1009 1012 1011
1011 1013 1010
1012 1013 1011
1014 1015 1016
1015 1017 1016
1015 1018 1017
1019 1017 1018
1019 1020 1017
1019 1021 1020
1022 1016 1017
1022 1017 1023
1022 1023 1024
1022 1025 1016
1025 1026 1016
1027 1028 1029
1027 1030 1028
1027 1031 1030
1027 1032 1031
1032 1033 1031
1034 1032 1027
1034 1035 1032
1036 1034 1027
1035 1037 1032
1032 1037 1033
1035 1038 1037
1033 1037 1039
1039 1037 1038
1033 1039 1040
1039 1038 1041
1039 1042 1040
1041 1042 1039
1041 1043 1042
1043 1044 1042
1041 1045 1043
1041 1046 1045
1045 1046 1047
1044 1043 1048
1048 1043 1045
1044 1048 1049
1048 1045 1050
1049 1048 1050
1045 1047 1051
1050 1045 1051
1044 1049 1052
1053 1044 1052
1053 1052 1054
1054 1052 1055
1055 1052 1049
1054 1055 1056
1049 1050 1057
1055 1049 1058
1055 1058 1059
1055 1059 1060
1056 1055 1060
1056 1060 1061
1062 1057 1050
1050 1051 1063
1062 1050 1063
1064 1062 1063
1051 1064 1063
1064 1065 1062
1065 1066 1062
1051 1067 1064
1068 1065 1064
1067 1068 1064
1069 1067 1051
1069 1051 1047
1070 1066 1065
1070 1065 1068
1067 1071 1068
1069 1071 1067
1072 1069 1047
1072 1047 1073
1069 1074 1071
1074 1069 1072
1075 1071 1074
1068 1071 1076
1075 1076 1071
1070 1068 1076
1076 1075 1077
1072 1073 1078
1079 1078 1073
1079 1080 1078
1081 1080 1079
1078 1080 1082
1072 1078 1083
1078 1082 1083
1084 1072 1083
1085 1083 1082
1083 1085 1084
1086 1084 1085
1086 1085 1087
1085 1082 1088
1087 1085 1088
1087 1088 1089
1089 1088 1036
1089 1036 1090
1091 1089 1090
1091 1090 1092
1092 1090 1093
1092 1093 1094
1090 1036 1095
1090 1095 1093
1036 1027 1095
1094 1093 1096
1096 1097 1094
1093 1098 1096
1093 1099 1098
1093 1100 1099
1100 1093 1095
1100 1101 1099
1095 1102 1100
1095 1103 1102
1103 1095 1027
1103 1104 1102
1027 1105 1103
1027 1106 1105
1107 1108 1109
1108 1110 1109
1108 1111 1110
1110 1111 1112
1110 1113 1109
1110 1112 1114
1113 1110 1114
1113 1114 1115
1116 1117 1118
1116 1119 1117
1116 1120 1119
1120 1116 1066
1121 1117 1119
1121 1119 1120
1117 1121 1122
1123 1121 1120
1124 1123 1120
1124 1120 1125
1125 1120 1066
1126 1125 1066
1126 1066 1070
1127 1125 1126
1127 1128 1125
1129 1126 1070
1129 1070 1130
1070 1076 1130
1131 1129 1130
1130 1076 1132
1076 1077 1132
1131 1130 1133
1130 1132 1133
1131 1133 1134
1132 1134 1133
1131 1134 1135
1077 1136 1132
1132 1136 1134
1077 1137 1136
1136 1137 1138
1134 1136 1139
1139 1136 1138
1135 1134 1140
1134 1139 1140
1135 1140 1141
1141 1142 1135
1141 1143 1142
1139 1138 1144
1144 1138 1145
1139 1146 1140
1140 1147 1141
1140 1146 1147
1139 1148 1146
1144 1148 1139
1147 1146 1149
1146 1148 1149
1150 1147 1149
1141 1147 1150
1149 1148 1151
1151 1148 1144
1151 1144 1152
1152 1144 1145
1152 1145 1153
1154 1153 1145
1145 1155 1154
1145 1156 1155
1157 1155 1156
1141 1150 1158
1158 1159 1141
1160 1159 1158
1141 1159 1143
39 1159 1160
1143 1159 1161
39 1161 1159
1143 1161 1162
1163 1162 1161
39 38 1161
1163 1161 1164
1161 38 1164
1164 1165 1163
1164 38 1166
32 1166 38
1167 1166 32
1167 32 1168
1169 1167 1168
1170 1171 1172
1170 1172 1173
1173 1172 1174
1173 1174 1175
1173 1175 1176
1177 1170 1173
1173 1176 1177
1177 1178 1170
1179 1177 1176
1180 1178 1177
1179 1181 1177
1180 1177 1181
1182 1183 1184
1185 1183 1182
1182 1186 1185
1182 1187 1186
1186 1187 1188
1189 1186 1188
1189 1185 1186
1189 1190 1185
1191 1185 1190
1192 1185 1191
1193 1192 1191
1194 1195 1196
1194 1197 1195
1198 1197 1194
1195 1197 1199
1195 1199 1200
1199 1201 1200
1198 1202 1197
1202 1199 1197
1203 1202 1198
1204 1201 1199
1202 1204 1199
1204 1205 1201
1206 1205 1204
1202 1206 1204
1206 1207 1205
1203 1208 1202
1202 1208 1206
1203 1209 1208
1209 1206 1208
1203 1210 1209
1209 1210 1211
1207 1206 1212
1209 1212 1206
1207 1212 1213
1214 1213 1212
1215 1209 1211
1215 1212 1209
1214 1212 1215
1215 1211 1216
1214 1215 1216
1217 1218 1219
1217 1219 1220
1221 1220 1219
1221 1222 1220
1223 1217 1220
1222 1223 1220
1223 1224 1217
1222 1225 1223
1226 1224 1223
1227 1223 1225
1226 1223 1227
1227 1225 1228
1229 1226 1227
1228 1230 1227
1229 1227 1230
1228 1231 1230
1232 1229 1230
1231 1233 1230
1232 1230 1233
1231 1234 1233
1235 1232 1233
1234 1235 1233
1236 1237 1238
1236 1238 1239
1240 1241 1242
1240 1242 1243
1244 1245 1246
1244 1247 1245
1248 1245 1247
1248 1247 1249
1249 1250 1248
1250 1251 1248
1245 1248 1251
1245 1251 1252
1252 1253 1245
1252 1254 1253
1255 1256 1257
1255 1258 1256
1259 1258 1255
1259 1255 1260
1261 1256 1258
1261 1258 1259
1261 1262 1256
1261 1259 1263
1264 1263 1259
1260 1265 1259
1264 1259 1265
1260 1266 1265
1267 1265 1266
1268 1264 1265
1267 1268 1265
1268 1269 1264
1270 1268 1267
1269 1268 1270
1271 1272 1273
1271 1273 1274
1274 1273 1275
1274 1275 1276
1277 1271 1274
1278 1274 1276
1277 1274 1278
1278 1276 1279
1278 1279 1280
1277 1278 1281
1278 1280 1281
1277 1281 1282
1283 1281 1280
1282 1281 1283
1284 1285 1286
1284 1287 1285
1287 1288 1285
1289 1287 1284
1287 1290 1288
1289 1291 1287
1291 1290 1287
1292 1291 1289
1291 1293 1290
1292 1294 1291
1294 1293 1291
1292 1295 1294
1294 1296 1293
1295 1296 1294
1297 1298 1299
1300 1298 1297
1300 1301 1298
1302 1301 1300
1302 1300 1303
1302 1304 1301
1302 1303 1305
1306 1304 1302
1306 1302 1305
1306 1307 1304
1306 1305 1308
1309 1307 1306
1308 1309 1306
1308 1310 1309
1309 1311 1307
1312 1309 1310
1311 1309 1313
1312 1313 1309
1313 1312 1314
1313 1314 1315
1311 1313 1316
1316 1313 1317
1316 1317 1318
1319 1320 1321
1322 1319 1321
1323 1322 1324
1323 1324 1325
1323 1326 1322
1323 1325 1327
1328 1326 1323
1328 1329 1326
1330 1329 1328
1330 1331 1329
1332 1328 1323
1332 1323 1327
1327 1333 1332
1327 1334 1333
1335 1334 1327
1319 1336 1335
1335 1336 1334
1319 1337 1336
1336 1337 1338
1336 1338 1334
1334 1338 1339
1334 1339 1333
1333 1339 1340
1333 1340 1341
1341 1340 1342
1341 1342 1343
1344 1341 1343
1345 1333 1341
1344 1345 1341
1345 1346 1333
1347 1345 1344
1346 1345 1348
1346 1348 1328
1347 1344 1349
1350 1348 1349
1350 1331 1348
1344 1351 1352
1353 1352 1351
1353 1354 1352
1355 1352 1354
1355 1356 1352
1356 1355 1357
1356 1357 1358
1359 1356 1358
1360 1352 1356
1359 1360 1356
1344 1352 1361
1360 1361 1352
1344 1361 1362
1360 1362 1361
1344 1362 1363
1362 1364 1363
1362 1365 1364
1359 1366 1360
1360 1366 1362
1365 1362 1366
1359 1367 1366
1365 1366 1368
1366 1367 1369
1366 1369 1368
1370 1371 1372
1371 1373 1372
1373 1371 1374
1373 1374 1375
1376 1372 1373
1376 1377 1372
1378 1373 1375
1378 1376 1373
1379 1378 1375
1378 1379 1380
1381 1377 1376
1382 1377 1381
1378 1380 1383
1383 1380 1384
1383 1384 1385
1386 1383 1385
1387 1376 1378
1387 1378 1383
1381 1376 1387
1386 1387 1383
1382 1381 1388
1387 1388 1381
1389 1382 1388
1390 1389 1388
1391 1388 1387
1390 1388 1391
1391 1387 1386
1392 1390 1391
1392 1393 1390
1394 1393 1392
1395 1391 1386
1395 1392 1391
1394 1392 1396
1396 1397 1394
1398 1395 1386
1398 1386 1399
1400 1398 1399
1400 1399 1401
1392 1395 1402
1392 1402 1396
1403 1402 1395
1403 1395 1404
1405 1403 1404
1405 1406 1403
1403 1406 1407
1396 1402 1408
1403 1408 1402
1403 1407 1409
1403 1409 1408
1409 1407 1410
1409 1410 1411
1408 1409 1411
1410 1412 1411
1396 1408 1413
1396 1413 1397
1408 1411 1414
1412 1414 1411
1414 1413 1408
1415 1397 1413
1414 1415 1413
1412 1415 1414
1415 1416 1397
1412 1416 1415
1417 1418 1419
1417 1420 1418
1420 1417 1421
1420 1421 1422
1420 1422 1423
1424 1418 1420
1420 1423 1424
1424 1425 1418
1424 1423 1426
1427 1425 1424
1424 1426 1427
1427 1428 1425
1426 1429 1427
1429 1428 1427
1430 1431 1432
1430 1432 1433
1434 1433 1432
1434 1435 1433
1436 1433 1435
1430 1433 1437
1436 1437 1433
1438 1437 1436
1438 1439 1437
1430 1437 1440
1440 1437 1441
1440 1441 1442
1443 1444 1445
1446 1443 1445
1447 1448 1449
1450 1448 1447
1451 1452 1453
1454 1451 1453
1455 1456 1457
1455 1458 1456
1459 1458 1455
1459 1455 1460
1455 1461 1460
1455 1462 1461
1462 1455 1463
1462 1464 1461
1462 1463 1465
1462 1466 1464
1466 1462 1465
1466 1465 1467
1468 1467 1465
1466 1467 1469
1468 1469 1467
1466 1469 1470
1470 1469 1471
1470 1471 676
1472 1468 1465
1473 1472 1465
1473 1465 1474
1475 1473 1474
1475 1474 1476
1477 1472 1473
1468 1472 1477
1477 1473 1478
1479 1478 1473
1479 1480 1478
1469 1481 1471
1468 1482 1469
1469 1482 1481
1483 1482 1468
1481 1482 1483
1468 1477 1484
1483 1468 1484
1484 1477 1485
1486 1485 1477
1486 1480 1487
1486 1487 1488
1486 1488 1485
1484 1485 1489
1490 1484 1489
1490 1483 1484
1490 1491 1483
1481 1483 1491
1490 1492 1491
1493 1481 1491
1492 1494 1491
1493 1491 1494
1492 1495 1494
1496 1494 1495
1497 1493 1494
1496 1497 1494
1497 1498 1493
1499 1498 1497
1496 1500 1497
1499 1497 1500
1496 1501 1500
1500 1501 1502
1499 1500 1503
1500 1502 1503
1499 1503 1504
1502 1505 1503
1505 1504 1503
1506 1471 1481
1506 1507 1471
1508 1507 1506
1507 676 1471
1508 1509 1507
1509 1508 1510
1507 1511 676
1509 1511 1507
1511 675 676
1511 1512 675
1511 1513 1512
1511 1514 1513
1509 1514 1511
1513 1514 1515
1515 1514 1509
1513 1515 1516
1509 1510 1517
1515 1509 1517
1517 1510 1518
1517 1518 1519
1515 1517 1519
1518 1520 1519
1516 1515 1521
1515 1519 1521
1520 1521 1519
1516 1521 1522
1520 1522 1521
1523 1524 1525
1524 1526 1525
1524 1527 1526
1528 1525 1526
1529 1528 1526
1526 1527 1530
1529 1526 1531
1526 1530 1531
1532 1529 1531
1530 1533 1531
1532 1531 1533
1530 1534 1533
1535 1533 1534
1536 1532 1533
1535 1536 1533
1536 1537 1532
1538 1537 1536
1539 1536 1535
1538 1536 1540
1539 1540 1536
1541 1538 1540
1542 1540 1539
1541 1540 1542
1542 1539 1543
1544 1542 1543
1545 1541 1542
1544 1545 1542
1545 1546 1541
1547 1545 1544
1548 1546 1545
1547 1548 1545
1548 1549 1546
1550 1548 1547
1551 1549 1548
1550 1551 1548
1551 1552 1549
1553 1551 1550
1554 1552 1551
1553 1554 1551
1554 1555 1552
1553 1556 1554
1556 1555 1554
1557 1558 1559
1557 1559 1560
1561 1562 1563
1561 1564 1562
1564 1561 1565
1564 1565 1566
1567 1566 1565
1567 1565 1568
1569 1567 1568
1570 1569 1568
1571 1570 1568
1571 1568 1565
1571 1565 1561
1571 1561 1572
1573 1572 1561
1573 1561 1574
1575 1576 1577
1575 1577 1578
1578 1577 1579
1578 1579 1580
1581 1575 1578
1582 1578 1580
1581 1578 1582
1582 1580 1583
1584 1582 1583
1585 1581 1582
1584 1585 1582
1585 1586 1581
1587 1585 1584
1588 1586 1585
1587 1588 1585
1588 1589 1586
1590 1589 1588
1587 1591 1588
1590 1588 1591
1587 1592 1591
1593 1590 1591
1592 1593 1591
1594 1595 1596
1594 1596 1597
1598 1597 1599
1598 1599 1600
1601 1600 1599
1601 1596 1602
1601 1602 1603
1601 1604 1600
1604 1605 1600
1604 1606 1605
1607 1608 1600
1607 1600 1609
1610 1611 1612
1610 1612 1613
1614 1615 1616
1614 1616 1617
1614 1617 1618
1614 1618 1619
1620 1619 1618
1620 1618 1621
1622 1620 1621
1622 1621 1623
1621 1624 1623
1621 1618 1624
1617 1624 1618
1617 1625 1624
1616 1625 1617
1616 1626 1625
1627 1626 1616
1627 1616 1628
1629 1616 1630
1629 1630 1631
1632 1633 1634
1632 1634 1635
1636 1635 1634
1636 1637 1635
1638 1632 1635
1638 1639 1632
1640 1638 1635
1641 1640 1635
1640 1642 1638
1643 1638 1642
1639 1638 1644
1643 1644 1638
1639 1644 1645
1643 1646 1644
1646 1645 1644
1647 1648 1649
1650 1648 1647
1650 1651 1648
1650 1647 1652
1648 1651 1653
1650 1652 1654
1651 1655 1653
1650 1654 1656
1651 1650 1656
1657 1656 1654
1657 1658 1656
1651 1656 1659
1659 1656 1658
1660 1658 1657
1660 1657 1661
1662 1660 1661
1663 1660 1662
1660 1663 1664
1658 1660 1664
1658 1664 1665
1666 1658 1665
1666 1659 1658
1667 1666 1665
1659 1668 1651
1666 1669 1659
1659 1669 1668
1667 1670 1666
1670 1669 1666
1651 1668 1671
1672 1671 1668
1672 1668 1673
1673 1668 1669
1651 1671 1655
1655 1671 1674
1672 1674 1671
1675 1670 1667
1675 1667 1676
1677 1675 1676
1677 1678 1675
1678 1677 1679
1673 1669 1680
1670 1680 1669
1681 1670 1675
1678 1681 1675
1670 1682 1680
1681 1682 1670
1682 1673 1680
1678 1683 1681
1678 1679 1684
1683 1678 1684
1679 1685 1684
1683 1684 1686
1685 1686 1684
1682 1687 1673
1682 1688 1687
1682 1689 1688
1690 1688 1689
1691 1673 1687
1688 1691 1687
1691 1672 1673
1690 1692 1688
1692 1690 1693
1692 1693 1694
1695 1694 1693
1696 1688 1692
1694 1696 1692
1696 1697 1688
1688 1697 1691
1694 1698 1696
1699 1698 1694
1695 1699 1694
1699 1700 1698
1701 1700 1699
1695 1702 1699
1701 1699 1702
1695 1703 1702
1704 1701 1702
1703 1704 1702
1705 1691 1697
1706 1705 1697
1705 1707 1691
1707 1672 1691
1708 1707 1705
1708 1709 1707
1709 1710 1707
1707 1710 1672
1709 1711 1710
1710 1711 1712
1710 1712 1713
1672 1710 1713
1712 1714 1713
1672 1713 1715
1713 1714 1715
1672 1715 1674
1674 1715 1714
1674 1714 1716
1655 1674 1716
1714 1717 1716
1717 1655 1716
1718 1719 1705
1718 1720 1719
1706 1718 1705
1721 1720 1718
1722 1718 1706
1721 1718 1722
1722 1706 1723
1724 1722 1723
1725 1721 1722
1724 1725 1722
1725 1726 1721
1724 1727 1725
1725 1727 1726
1728 1729 1730
1728 1731 1729
1731 1728 1732
1731 1732 1733
1733 1732 1734
1733 1734 1735
1735 1734 1736
1735 1736 1737
1737 1736 1738
1736 1739 1738
1734 1739 1736
1734 1740 1739
1740 1734 1732
1740 1732 1741
1728 1741 1732
1728 1742 1741
1742 1728 1743
1742 1743 1744
1744 1743 1745
1744 1745 1746
1745 1747 1746
1748 1749 1750
1749 1751 1750
1751 1752 1753
1751 1753 1754
1753 1752 1755
1756 1754 1753
1756 1757 1754
1753 1755 1758
1756 1753 1758
1756 1758 1759
1758 1755 1760
1759 1758 1761
1758 1760 1761
1759 1761 1762
1761 1763 1762
1760 1764 1761
1761 1764 1763
1760 1765 1764
1764 1765 1766
1763 1764 1767
1764 1766 1767
1763 1767 1768
1767 1769 1768
1766 1770 1767
1767 1770 1769
1766 1771 1770
1770 1772 1769
1771 1773 1770
1770 1773 1772
1771 1774 1773
1773 1774 1775
1772 1773 1776
1773 1775 1776
1772 1776 1777
1776 1775 1778
1777 1776 1779
1776 1778 1779
1777 1779 1780
1779 1781 1780
1778 1782 1779
1779 1782 1781
1778 1783 1782
1781 1782 1784
1784 1782 1783
1785 1783 1778
1786 1785 1778
1786 1778 1787
1788 1786 1787
1788 1789 1786
1790 1785 1786
1789 1790 1786
1789 1791 1790
1790 1792 1785
1793 1791 1789
1794 1789 1788
1793 1789 1794
1794 1788 1795
1796 1794 1795
1792 1797 1785
1785 1797 1783
1792 1798 1797
1799 1793 1794
1796 1799 1794
1799 1800 1793
1801 1799 1796
1802 1800 1799
1801 1802 1799
1802 1803 1800
1804 1802 1801
1805 1803 1802
1804 1805 1802
1805 1806 1803
1807 1805 1804
1808 1806 1805
1807 1808 1805
1808 1809 1806
1810 1809 1808
1807 1811 1808
1810 1808 1811
1807 1812 1811
1813 1810 1811
1812 1813 1811
1814 1815 1816
1817 1814 1816
1818 1817 1819
1818 1819 1820
1821 1820 1819
1821 1822 1820
1823 1820 1822
1824 1818 1820
1823 1824 1820
1825 1824 1823
1824 1826 1818
1826 1824 1825
1825 1823 1827
1826 1825 1828
1825 1829 1828
1830 1825 1827
1825 1831 1829
1830 1831 1825
1832 1829 1831
1831 1830 1833
1832 1831 1833
1834 1832 1833
1830 1835 1833
1835 1836 1833
1835 1837 1836
1835 1838 1837
1838 1839 1837
1840 1841 1842
1840 1843 1841
1843 1840 1844
1845 1846 1847
1848 1845 1847
1848 1849 1845
1850 1849 1848
1850 1848 1851
1852 1853 1854
1852 1854 1855
1855 1854 1856
1855 1856 1857
1857 1856 1858
1857 1858 1859
1860 1859 1858
1860 1858 1861
1862 1860 1861
1863 1862 1861
1864 1863 1861
1861 1858 1865
1856 1865 1858
1864 1861 1865
1856 1866 1865
1866 1864 1865
1866 1856 1854
1866 1867 1864
1866 1854 1868
1854 1869 1868
1867 1866 1870
1867 1870 1871
1872 1871 1870
1872 1873 1871
1874 1873 1872
1874 1872 1875
1876 1874 1875
1876 1875 1877
1878 1879 1880
1880 1881 1878
1880 1882 1881
1883 1881 1882
1883 1884 1881
1885 1886 1887
1888 1886 1885
1888 1889 1886
1890 1889 1888
1890 1888 1891
1892 1890 1891
1892 1893 1890
1894 1891 1888
1894 1888 1895
1894 1896 1891
1896 1892 1891
1897 1894 1895
1897 1895 1898
1897 1898 1899
1897 1899 1900
1900 1899 1901
1896 1902 1892
1903 1892 1902
1893 1892 1904
1903 1904 1892
1893 1904 1905
1903 1906 1904
1906 1905 1904
1907 1908 1909
1908 1910 1909
1908 1911 1910
1912 1910 1911
1910 1913 1909
1913 1914 1909
1913 1915 1914
1915 1916 1914
1910 1917 1913
1917 1910 1918
1912 1918 1910
1917 1918 1919
1920 1919 1918
1912 1921 1918
1920 1918 1921
1912 1922 1921
1923 1920 1921
1922 1923 1921
1924 1925 1926
1924 1926 1927
1928 1929 1930
1929 1928 1931
1928 1932 1931
1928 1933 1932
1933 1928 1934
1933 1935 1932
1935 1933 1936
1935 1936 1937
1935 1938 1932
1938 1939 1932
1940 1938 1935
1940 1935 1937
1940 1937 1941
1937 1942 1941
1937 1943 1942
1944 1931 1932
1945 1944 1932
1945 1946 1944
1944 1946 1947
1948 1944 1947
1944 1948 1931
1949 1941 1942
1949 1950 1941
1951 1950 1949
1952 1949 1942
1952 1942 1953
1954 1953 1942
1954 1955 1953
1929 1955 1954
1929 1931 1956
1931 1957 1956
1957 1958 1956
1959 1929 1956
1929 1959 1955
1959 1956 1958
1955 1959 1960
1959 1958 1960
1951 1949 1961
1949 1952 1962
1949 1962 1961
1963 1951 1961
1963 1964 1951
1965 1964 1963
1966 1963 1961
1965 1963 1966
1966 1961 1962
1965 1966 1967
1967 1966 1962
1968 1965 1967
1967 1962 1969
1968 1967 1969
1969 1962 1952
1968 1969 1970
1971 1970 1969
1969 1952 1972
1971 1969 1972
1972 1952 1953
1971 1972 1973
1972 1953 1973
1971 1973 1974
1973 1953 1955
1974 1973 1975
1973 1955 1975
1974 1975 1976
1955 1960 1975
1960 1976 1975
1960 1977 1976
1977 1960 1958
1977 1958 1978
1958 1979 1978
1958 1980 1979
1981 1979 1980
1981 1982 1979
1979 1982 1983
1982 1981 1984
1982 1984 1985
1983 1982 1985
1984 1986 1985
1987 1985 1986
1983 1985 1987
1987 1986 1988
1986 1989 1988
1983 1987 1990
1991 1983 1990
1992 1991 1990
1991 1993 1983
1979 1983 1994
1993 1994 1983
1993 1995 1994
1996 1979 1994
1997 1994 1995
1996 1994 1997
1997 1995 1998
1999 1997 1998
2000 1996 1997
1999 2000 1997
2000 2001 1996
2002 2000 1999
2003 2001 2000
2002 2003 2000
2003 2004 2001
2005 2003 2002
2006 2004 2003
2005 2006 2003
2006 2007 2004
2005 2008 2006
2008 2007 2006
2009 2010 2011
2012 2011 2010
2012 2013 2011
2014 2013 2012
2014 2012 2015
2014 2015 2016
2014 2016 2017
2018 2017 2016
2018 2019 2017
2020 2019 2018
2020 2018 2021
2020 2021 2022
2020 2022 2023
2024 2023 2022
2025 2024 2022
2025 2022 2021
2025 2021 2026
2027 2026 2021
2027 2021 2018
2028 2027 2018
2028 2018 2029
2030 2028 2029
2030 2031 2028
2032 2031 2030
2032 2030 2033
2034 2032 2033
2034 2035 2032
2036 2037 2038
2038 2037 2039
2037 2040 2039
2038 2039 2041
2042 2041 2039
2042 2039 2043
2040 2043 2039
2037 2044 2040
2045 2040 2044
2046 2044 2037
2046 2047 2044
2047 2045 2044
2048 2047 2046
2048 2049 2047
2047 2049 2045
2050 2042 2043
2050 2051 2042
2045 2049 2052
2052 2049 2053
2045 2052 2054
2055 2045 2054
2052 2053 2056
2052 2056 2057
2058 2056 2053
2058 2057 2056
2055 2059 2045
2060 2059 2055
2045 2059 2040
2060 2040 2059
2060 2055 2061
2060 2061 2062
2060 2063 2040
2040 2063 2043
2043 2063 2064
2060 2064 2063
2043 2064 2050
2060 2062 2065
2060 2065 2064
2066 2065 2062
2064 2065 2067
2066 2067 2065
2068 2050 2064
2064 2067 2068
2069 2067 2066
2069 2066 2070
2071 2069 2070
2071 2070 2072
2073 2067 2069
2073 2068 2067
2071 2073 2069
2074 2068 2073
2068 2075 2050
2074 2075 2068
2075 2076 2050
2050 2076 2051
2076 2077 2051
2077 2078 2051
2079 2077 2076
2075 2080 2076
2080 2079 2076
2080 2075 2074
2080 2081 2079
2082 2081 2080
2082 2080 2083
2080 2074 2083
2084 2082 2083
2084 2085 2082
2086 2074 2073
2071 2086 2073
2087 2086 2071
2088 2083 2074
2088 2084 2083
2086 2089 2074
2087 2089 2086
2089 2088 2074
2090 2085 2084
2090 2091 2085
2092 2091 2090
2087 2071 2093
2094 2087 2093
2095 2088 2089
2087 2095 2089
2096 2084 2088
2095 2096 2088
2096 2090 2084
2097 2095 2087
2090 2096 2098
2092 2090 2099
2090 2098 2099
2099 2098 2100
2101 2092 2099
2094 2102 2087
2097 2087 2102
2103 2097 2102
2104 2102 2094
2099 2100 2105
2101 2099 2105
2106 2105 2100
2103 2102 2107
2104 2107 2102
2108 2103 2107
2109 2101 2105
2106 2109 2105
2109 2110 2101
2109 2106 2111
2104 2112 2107
2108 2107 2112
2104 2113 2112
2112 2113 2114
2110 2109 2115
2109 2111 2115
2110 2115 2116
2111 2117 2115
2115 2117 2116
2108 2112 2118
2112 2114 2118
2108 2118 2119
2114 2120 2118
2119 2118 2120
2121 2122 2123
2121 2123 2124
2121 2124 2125
2126 2121 2125
2125 2127 2126
2125 2128 2127
2124 2128 2125
2128 2129 2127
2126 2130 2121
2130 2126 2131
2132 2130 2131
2133 2121 2130
2132 2133 2130
2133 2134 2121
2133 2132 2135
2134 2133 2136
2133 2135 2136
2134 2136 2137
2138 2136 2135
2138 2137 2136
2124 2139 2128
2140 2139 2124
2141 2140 2124
2140 2142 2139
2142 2143 2139
2143 2128 2139
2142 2144 2143
2143 2145 2128
2128 2145 2129
2129 2145 2146
2143 2146 2145
2129 2146 2147
2144 2148 2143
2143 2148 2146
2144 2149 2148
2150 2147 2146
2151 2147 2150
2152 2151 2150
2150 2146 2153
2148 2153 2146
2152 2150 2154
2154 2150 2153
2155 2152 2154
2155 2156 2152
2157 2156 2155
2149 2158 2148
2148 2159 2153
2159 2148 2158
2154 2153 2160
2160 2153 2159
2161 2155 2154
2161 2154 2160
2157 2155 2162
2162 2155 2161
2163 2158 2149
2164 2163 2149
2165 2158 2163
2159 2158 2165
2165 2163 2166
2160 2159 2167
2167 2159 2165
2168 2165 2166
2167 2165 2168
2168 2166 2169
2170 2168 2169
2162 2161 2171
2172 2162 2171
2173 2161 2160
2173 2160 2167
2174 2161 2173
2172 2175 2162
2175 2157 2162
2176 2175 2172
2175 2177 2157
2176 2178 2175
2178 2177 2175
2179 2178 2176
2178 2180 2177
2179 2181 2178
2181 2180 2178
2182 2181 2179
2181 2183 2180
2182 2184 2181
2184 2183 2181
2182 2185 2184
2184 2186 2183
2185 2186 2184
2173 2167 2187
2188 2173 2187
2188 2187 2189
2174 2173 2188
2188 2189 2190
2191 2174 2188
2188 2190 2191
2191 2192 2174
2191 2190 2193
2194 2192 2191
2191 2193 2194
2194 2195 2192
2196 2195 2194
2193 2197 2194
2196 2194 2197
2193 2198 2197
2199 2197 2198
2200 2196 2197
2199 2200 2197
2200 2201 2196
2199 2202 2200
2202 2201 2200
2203 2204 2205
2203 2205 2206
2207 2203 2206
2207 2206 2208
2209 2207 2208
2209 2210 2207
2210 2209 2211
2210 2211 2212
2213 2212 2211
2213 2211 2214
2215 2213 2214
2215 2216 2213
2217 2216 2215
2217 2215 2218
2219 2217 2218
2220 2219 2218
2220 2218 2215
2220 2215 2221
2221 2215 2214
2221 2214 2222
2222 2214 2211
2222 2211 2223
2223 2211 2224
2223 2224 2225
2226 2225 2224
2223 2225 2227
2226 2224 2228
2228 2229 2226
2230 2227 2225
2230 2225 2231
2232 2230 2231
2232 2231 2233
2234 2232 2233
2225 2226 2235
2226 2236 2235
2237 2235 2236
2238 2236 2226
2226 2239 2238
2226 2240 2239
2238 2241 2236
2237 2236 2242
2236 2241 2243
2236 2243 2242
2237 2242 2244
2237 2244 2245
2246 2245 2244
2242 2247 2244
2246 2244 2247
2242 2243 2247
2248 2246 2247
2248 2247 2243
2248 2243 2249
2250 2249 2243
2250 2243 2241
2241 2251 2250
2252 2250 2253
2254 2252 2253
2254 2253 2255
2256 2257 2258
2256 2258 2259
2259 2258 2260
2259 2260 2261
2261 2260 2262
2261 2262 2263
2264 2263 2262
2265 2264 2262
2260 2265 2262
2260 2266 2265
2258 2266 2260
2258 2267 2266
2267 2258 2268
2267 2268 2269
2270 2269 2268
2271 2270 2268
2268 2272 2271
2272 2273 2271
2271 2273 2274
2275 2270 2271
2271 2274 2276
2275 2271 2277
2277 2278 2275
2271 2276 2279
2280 2279 2276
2280 2281 2279
2281 2280 2282
2281 2282 2283
2283 2282 2284
2283 2284 2285
2286 2285 2284
2287 2286 2284
2282 2287 2284
2282 2288 2287
2288 2282 2280
2288 2280 2289
2290 2289 2280
2290 2280 2291
2290 2291 2292
2293 2290 2292
2294 2295 2296
2256 2296 2295
2297 2256 2295
2297 2295 2298
2299 2298 2295
2299 2300 2298
2301 2302 2303
2304 2301 2303
2304 2303 2305
2304 2306 2301
2305 2303 2307
2308 2301 2306
2305 2307 2309
2305 2309 2310
2309 2307 2311
2309 2311 2312
2312 2311 2313
2312 2313 2314
2315 2314 2313
2315 2316 2314
2317 2316 2315
2317 2318 2316
2316 2318 2319
2316 2319 2314
2319 2312 2314
2319 2320 2312
2321 2312 2320
2321 2309 2312
2322 2321 2320
2309 2321 2323
2321 2322 2323
2309 2323 2324
2322 2325 2323
2323 2325 2326
2325 2327 2326
2325 2328 2327
2329 2323 2326
2323 2329 2330
2329 2331 2330
2326 2332 2329
2332 2331 2329
2332 2333 2331
2332 2334 2333
2326 2335 2332
2335 2336 2332
2332 2336 2334
2335 2337 2336
2337 2338 2336
2338 2334 2336
2337 2339 2338
2339 2340 2338
2339 2341 2340
2341 2342 2340
2340 2343 2338
2338 2343 2334
2342 2344 2340
2340 2344 2343
2342 2345 2344
2345 2343 2344
2345 2346 2343
2346 2334 2343
2346 2347 2334
2334 2347 2348
2334 2348 2349
2348 2350 2349
2348 2351 2350
2351 2352 2350
2351 2353 2352
2354 2355 2356
2354 2356 2357
2358 2359 2360
2358 2360 2361
2362 2363 2364
2362 2365 2363
2366 2363 2365
2366 2365 2367
2368 2365 2362
2367 2365 2368
2367 2368 2369
2368 2362 2370
2371 2369 2368
2370 2372 2368
2371 2368 2372
2370 2373 2372
2371 2372 2374
2374 2372 2373
2375 2376 2377
2378 2375 2377
2378 2377 2379
2378 2380 2375
2377 2381 2379
2378 2382 2380
2379 2381 2383
2378 2384 2382
2379 2384 2378
2385 2382 2384
2385 2384 2386
2387 2385 2386
2379 2388 2384
2388 2386 2384
2387 2386 2389
2390 2387 2389
2391 2390 2389
2392 2391 2389
2393 2392 2389
2393 2389 2386
2394 2393 2386
2394 2386 2388
2395 2393 2394
2395 2394 2396
2394 2388 2397
2396 2394 2397
2388 2379 2398
2388 2398 2397
2379 2399 2398
2379 2383 2399
2400 2397 2398
2396 2397 2401
2400 2401 2397
2402 2396 2401
2400 2403 2401
2402 2404 2396
2404 2405 2396
2404 2406 2405
2407 2406 2404
2408 2404 2402
2407 2404 2408
2408 2402 2409
2408 2410 2407
2409 2411 2408
2408 2411 2410
2409 2412 2411
2410 2411 2413
2413 2411 2412
2400 2414 2403
2415 2403 2414
2415 2414 2416
2416 2417 2415
2416 2418 2417
2419 2417 2418
2420 2416 2414
2418 2416 2420
2420 2414 2421
2414 2422 2421
2414 2400 2422
2400 2423 2422
2423 2400 2398
2418 2420 2424
2423 2398 2399
2425 2418 2424
2419 2418 2425
2425 2424 2426
2419 2425 2427
2427 2425 2426
2419 2427 2428
2427 2426 2429
2427 2430 2428
2430 2427 2429
2431 2423 2399
2432 2423 2431
2432 2433 2423
2431 2399 2434
2383 2434 2399
2435 2433 2432
2435 2436 2433
2432 2431 2437
2437 2431 2434
2432 2437 2438
2435 2432 2438
2437 2434 2439
2435 2438 2440
2383 2441 2434
2441 2439 2434
2441 2383 2442
2441 2443 2439
2443 2441 2442
2444 2436 2435
2440 2444 2435
2444 2445 2436
2440 2446 2444
2444 2447 2445
2446 2448 2444
2444 2448 2447
2446 2449 2448
2450 2448 2449
2451 2447 2448
2450 2451 2448
2451 2452 2447
2453 2451 2450
2454 2452 2451
2453 2454 2451
2454 2455 2452
2456 2454 2453
2457 2455 2454
2456 2457 2454
2457 2458 2455
2456 2459 2457
2459 2458 2457
2460 2461 2462
2460 2462 2463
2464 2463 2462
2464 2465 2463
2465 2464 2466
2465 2466 2467
2467 2466 2468
2469 2467 2468
2470 2467 2469
2470 2465 2467
2471 2465 2470
2471 2463 2465
2472 2463 2471
2472 2460 2463
2460 2472 2473
2460 2473 2474
2475 2460 2474
2475 2476 2460
2477 2478 2475
2477 2479 2478
2480 2481 2482
2480 2482 2483
2482 2484 2483
2482 2485 2484
2484 2485 2486
2484 2486 2487
2487 2486 2488
2487 2488 2489
2490 2489 2488
2491 2488 2486
2492 2491 2486
2492 2493 2491
2491 2494 2488
2490 2488 2495
2495 2488 2494
2496 2490 2495
2495 2494 2497
2496 2495 2497
2498 2493 2499
2498 2499 2500
2501 2498 2500
2501 2502 2498
2503 2504 2505
2503 2505 2506
2507 2508 2509
2507 2509 2510
2511 2512 2513
2511 2513 2514
2515 2516 2517
2515 2517 2518
2518 2517 2519
2518 2519 2306
2306 2519 2520
2306 2520 2521
2308 2306 2521
2522 2521 2520
2523 2308 2521
2522 2523 2521
2523 2524 2308
2525 2524 2523
2526 2523 2522
2525 2523 2526
2526 2522 2527
2528 2525 2526
2528 2526 2527
2529 2530 2531
2529 2531 2532
2533 2534 2535
2533 2535 2536
2537 2538 2539
2537 2539 2540
2541 2542 2543
2541 2543 2544
2541 2544 2545
2546 2547 2548
2546 2549 2547
2547 2549 2550
2550 2549 2551
2550 2551 2552
2547 2550 2553
2554 2550 2552
2553 2550 2555
2554 2555 2550
2553 2555 2556
2554 2557 2555
2555 2557 2556
2558 2559 2560
2558 2560 2561
2562 2563 2564
2562 2564 2565
2566 2567 2568
2566 2568 2569
2570 2571 2572
2570 2572 2573
2574 2575 2576
2574 2576 2577
2578 2579 2580
2578 2580 2581
2582 2583 2584
2583 2585 2584
2583 2586 2585
2587 2588 2589
2587 2589 2590
256 2591 2592
2591 2593 2592
2593 2594 2595
2594 2596 2595
2594 257 2596
2597 2598 2599
2598 2600 2599
2598 2601 2600
2602 2601 2598
2602 2598 2603
2597 2604 2598
2603 2598 2604
2605 2604 2597
2603 2604 2606
2605 2607 2604
2606 2604 2607
2608 2607 2605
2606 2607 2609
2609 2607 2608
2610 2611 2612
2610 2612 2613
2610 2614 2611
2610 2615 2614
2610 2613 2616
2617 2615 2610
2610 2616 2618
2617 2610 2618
2619 2618 2616
2617 2618 2620
2619 2620 2618
2617 2620 2621
2620 2619 2622
2621 2620 2623
2620 2622 2623
2621 2623 2624
2623 2622 2625
2624 2623 2626
2623 2625 2626
2624 2626 2627
2625 2628 2626
2628 2627 2626
2629 2630 2631
2632 2629 2631
2631 2630 2633
2632 2631 2634
2631 2633 2634
2632 2634 2635
2634 2633 2636
2635 2634 2637
2634 2636 2637
2635 2637 2638
2637 2636 2639
2638 2637 2640
2637 2639 2640
2638 2640 2641
2640 2642 2641
2639 2643 2640
2640 2643 2642
2639 2644 2643
2643 2645 2642
2644 2646 2643
2643 2646 2645
2644 2647 2646
2646 2647 1781
2645 2646 2648
2646 1781 2648
1781 2649 2648
2645 2648 2650
2648 2651 2650
2648 2649 2651
2649 2652 2651
2653 2652 2649
1781 2654 2649
1781 1784 2654
2653 2649 2655
2656 2653 2655
2657 2656 2655
2649 2654 2658
2654 1784 2658
2649 2658 2655
2657 2655 2659
2660 2657 2659
2658 1784 2661
1784 1783 2661
2661 1783 1797
2655 2658 2662
2655 2662 2659
2660 2659 2663
2664 2660 2663
2659 2665 2663
2659 2662 2665
2665 2664 2663
2666 2662 2658
2658 2661 2666
2661 1797 2667
2667 1797 1798
2665 2662 2668
2666 2668 2662
2661 2669 2666
2661 2667 2669
2668 2666 2669
2664 2665 2670
2665 2668 2670
2668 2669 2671
2670 2668 2671
2664 2670 2672
2670 2671 2672
2664 2672 2673
2673 2672 2671
2673 2671 2674
2675 2671 2669
2667 2675 2669
2675 2674 2671
2667 2676 2675
2667 1798 2676
2674 2675 2677
2676 2677 2675
2674 2677 2678
2674 2678 2679
2679 2678 2680
2681 2680 2678
2681 2678 2677
2682 2681 2677
2676 2682 2677
2682 2683 2681
2682 2684 2683
2684 2682 2685
2676 2686 2682
2682 2686 2685
2676 1798 2686
2687 2685 2686
2688 2686 1798
2687 2686 2688
2688 1798 2689
2690 2688 2689
2691 2687 2688
2690 2691 2688
2691 2692 2687
2693 2692 2691
2694 2691 2690
2693 2691 2694
2694 2690 2695
2696 2694 2695
2697 2693 2694
2696 2697 2694
2697 2698 2693
2699 2697 2696
2700 2698 2697
2699 2700 2697
2700 2701 2698
2699 2702 2700
2702 2701 2700
2703 2704 2705
2706 2703 2705
2707 2706 2705
2704 2708 2705
2707 2705 2708
2704 2709 2708
2708 2709 2710
2707 2708 2711
2708 2710 2711
2707 2711 2712
2711 2710 2713
2712 2711 2714
2711 2713 2714
2712 2714 2715
2714 2716 2715
2713 2717 2714
2714 2717 2716
2713 2718 2717
2717 2719 2716
2718 2720 2717
2717 2720 2719
2718 2721 2720
2720 2721 2722
2719 2720 2723
2720 2722 2723
2719 2723 2724
2723 2725 2724
2722 2726 2723
2723 2726 2725
2722 2727 2726
2728 2725 2726
2727 2728 2726
2729 2730 2071
2729 2071 2072
2731 2730 2729
2732 2729 2072
2731 2729 2733
2733 2729 2732
2733 2732 2734
2735 2731 2733
2736 2733 2734
2735 2733 2736
2736 2734 2737
2738 2736 2737
2739 2735 2736
2738 2739 2736
2739 2740 2735
2741 2740 2739
2738 2742 2739
2741 2739 2742
2738 2743 2742
2744 2741 2742
2743 2745 2742
2744 2742 2745
2743 2746 2745
2747 2744 2745
2746 2747 2745
2748 2749 2167
2748 2167 2168
2170 2748 2168
2750 2749 2748
2170 2751 2748
2750 2748 2751
2170 2752 2751
2753 2751 2752
2754 2750 2751
2753 2754 2751
2754 2755 2750
2756 2754 2753
2757 2755 2754
2756 2757 2754
2757 2758 2755
2759 2758 2757
2756 2760 2757
2759 2757 2760
2756 2761 2760
2760 2761 2762
2763 2759 2760
2760 2762 2763
2763 2764 2759
2765 2764 2763
2762 2766 2763
2765 2763 2766
2762 2767 2766
2768 2765 2766
2767 2768 2766
2769 2770 2771
2772 2770 2769
2773 2772 2769
2774 2769 2771
2773 2769 2774
2774 2771 2775
2776 2773 2774
2777 2774 2775
2776 2774 2777
2777 2775 2778
2779 2776 2777
2777 2778 2780
2779 2777 2781
2777 2780 2781
2782 2779 2781
2783 2781 2780
2782 2781 2783
2783 2780 2784
2785 2783 2784
2786 2782 2783
2785 2786 2783
2786 2787 2782
2785 2788 2786
2786 2788 2787
2789 2790 2791
2792 2790 2789
2793 2792 2789
2789 2791 2794
2793 2789 2795
2789 2794 2795
2796 2793 2795
2794 2797 2795
2796 2795 2797
2794 2798 2797
2796 2797 2799
2799 2797 2798
2796 2799 2800
2799 2798 2801
2802 2800 2799
2801 2803 2799
2802 2799 2803
2801 2804 2803
2805 2802 2803
2804 2806 2803
2805 2803 2806
2804 2807 2806
2806 2808 2805
2808 2806 2807
