byte offset: 0
first index: 114
index count: 12717
topology: trianglelist
format: DXGI_FORMAT_R16_UINT

48 49 50
51 52 50
51 53 52
53 54 55
54 56 55
56 57 55
56 58 57
58 59 57
58 56 60
60 56 61
59 58 62
59 62 63
63 62 64
63 64 65
58 66 62
62 66 64
67 65 64
67 68 65
69 67 64
64 66 69
66 70 69
66 71 70
58 72 66
58 60 72
72 71 66
60 73 72
72 73 71
60 61 74
60 75 73
74 75 60
71 73 76
75 76 73
77 74 61
77 78 74
61 79 77
78 77 80
78 80 81
74 82 75
78 82 74
71 76 83
84 71 83
75 85 76
82 85 75
76 85 86
87 76 86
82 88 85
85 88 86
89 88 82
78 89 82
78 81 90
90 81 91
90 91 92
90 93 78
93 89 78
89 94 88
88 94 86
90 95 93
90 96 95
95 96 97
93 98 89
98 94 89
99 93 95
98 100 94
94 100 86
101 100 98
100 102 86
101 102 100
95 103 99
95 104 103
105 99 103
105 103 106
107 105 106
108 99 105
107 109 105
108 105 110
109 110 105
111 101 110
112 111 110
112 109 113
112 113 114
115 109 112
115 116 108
115 101 116
112 117 111
117 112 118
111 119 101
117 118 120
121 117 120
121 120 122
123 121 122
124 117 121
124 125 117
125 124 126
125 126 119
101 119 127
101 127 128
128 127 86
127 129 86
119 129 127
119 126 129
129 130 86
126 130 129
123 131 121
126 132 130
133 132 126
134 133 121
134 121 131
133 134 132
131 135 134
131 136 135
135 136 137
132 138 130
130 138 86
134 139 132
132 139 138
134 135 139
139 140 138
138 140 86
135 141 139
139 141 140
142 135 137
135 143 141
142 143 135
144 140 141
143 145 141
141 145 144
144 145 146
140 147 86
144 147 140
142 137 148
137 149 148
137 150 149
131 149 150
142 148 151
152 142 151
142 152 143
152 151 153
154 143 152
154 155 143
152 156 154
152 157 156
158 155 154
158 146 155
154 159 158
154 160 159
161 146 158
144 146 161
161 158 162
161 163 144
163 147 144
163 164 147
147 164 86
165 161 162
161 166 163
165 166 161
167 164 163
166 167 163
164 168 86
167 168 164
168 169 86
167 170 168
170 83 86
84 83 170
167 84 170
171 84 167
166 171 167
171 172 84
173 172 171
173 171 174
175 173 174
175 174 176
177 171 166
171 177 178
179 178 177
179 177 180
177 181 180
166 165 177
177 165 181
165 182 181
165 183 182
162 184 182
162 185 184
186 187 188
189 186 190
189 190 191
192 193 189
192 194 193
195 193 194
195 196 193
197 195 194
197 194 198
199 200 192
199 198 200
198 199 201
198 201 202
203 202 201
203 204 202
205 198 202
205 202 204
205 206 198
205 204 207
208 203 209
207 208 210
208 209 210
207 210 211
212 209 213
212 213 214
211 212 214
211 214 215
216 217 215
216 215 218
218 219 216
218 220 219
221 219 222
217 221 223
221 222 223
217 223 224
225 222 226
225 226 227
224 225 227
224 227 228
229 230 231
229 232 233
232 234 233
234 235 233
229 233 236
229 236 237
236 238 237
235 239 233
233 239 236
240 239 235
236 241 238
236 239 241
238 241 242
241 239 242
243 239 240
242 239 243
243 240 244
243 244 245
245 244 246
242 243 247
245 247 243
248 242 247
248 249 242
248 247 250
250 247 251
245 251 247
250 251 252
253 252 251
245 254 251
253 251 254
255 254 245
245 246 255
256 253 254
256 254 255
256 257 253
258 257 256
255 259 256
258 256 259
246 259 255
260 258 259
261 259 246
260 259 261
246 262 261
246 263 262
264 260 261
264 261 265
260 264 266
260 266 267
268 269 270
271 272 273
274 275 271
274 276 275
277 274 278
277 278 279
280 279 278
280 278 281
282 279 280
282 283 279
284 277 285
284 285 283
283 286 284
283 287 286
288 286 287
288 287 289
290 287 283
290 289 287
290 283 291
290 292 289
293 294 288
292 295 293
293 295 294
292 296 295
297 298 294
297 299 298
296 299 297
296 300 299
301 302 300
301 300 303
302 301 304
302 304 305
306 307 304
303 308 306
306 308 307
303 309 308
310 311 307
310 312 311
309 312 310
309 313 312
314 315 316
314 317 318
318 317 319
319 317 320
314 321 317
314 322 321
321 322 323
320 317 324
317 321 324
325 320 324
321 323 326
321 326 324
323 327 326
326 327 324
328 325 324
327 328 324
328 329 325
328 330 329
330 331 329
327 332 328
330 328 332
333 332 327
333 327 334
333 335 332
335 336 332
330 332 336
335 337 336
338 336 337
330 336 339
338 339 336
340 330 339
330 340 331
341 339 338
341 340 339
341 338 342
343 341 342
340 341 344
343 344 341
331 340 344
345 344 343
346 331 344
345 346 344
331 346 347
331 347 348
349 346 345
349 350 346
345 351 349
345 352 351
353 354 355
356 123 149
357 358 359
357 359 360
361 357 360
361 362 357
363 362 361
363 361 364
364 365 363
364 366 365
366 367 365
368 367 366
364 368 366
364 369 368
361 369 364
361 370 369
360 370 361
360 371 370
372 371 360
372 360 359
373 372 359
373 359 374
373 375 372
373 374 376
375 373 377
377 373 376
375 377 378
377 376 379
378 377 380
379 380 377
378 380 381
379 382 380
383 381 380
382 383 380
383 384 381
382 385 383
384 383 386
385 386 383
384 386 387
385 388 386
389 387 386
389 386 388
389 390 387
389 388 391
392 390 389
392 389 391
392 393 390
392 391 394
393 392 395
395 392 394
395 396 397
395 398 396
396 398 399
399 398 400
400 398 395
400 395 401
402 403 404
402 405 403
403 405 406
403 406 407
407 406 408
409 410 411
409 412 410
412 409 413
414 412 413
415 414 413
416 414 415
417 410 412
417 412 414
417 418 410
417 414 419
414 420 419
416 421 414
414 421 420
421 416 422
421 423 420
421 422 423
424 425 426
427 425 424
428 429 430
428 431 429
432 431 428
432 428 433
434 432 433
434 435 432
435 434 436
435 436 437
437 436 438
439 437 438
435 437 439
435 439 440
432 435 440
432 440 441
431 432 441
431 441 442
443 431 442
443 429 431
444 429 443
444 445 429
444 443 446
444 447 445
446 448 444
448 447 444
446 449 448
448 450 447
449 451 448
450 448 451
449 452 451
450 451 453
454 451 452
453 451 454
454 452 455
453 454 456
455 457 454
456 454 457
455 458 457
456 457 459
460 457 458
460 459 457
460 458 461
460 462 459
463 460 461
463 462 460
463 461 464
463 465 462
464 466 463
466 465 463
466 467 465
468 467 466
468 466 469
470 468 469
471 470 469
466 471 469
466 472 471
473 474 475
473 475 476
475 477 476
475 478 477
478 479 477
480 481 482
480 482 483
484 480 483
484 483 485
486 484 485
487 486 485
488 483 482
488 485 483
488 482 489
488 490 485
485 490 491
487 485 492
485 491 492
492 493 487
492 491 494
492 494 493
495 496 497
498 495 497
499 500 501
499 501 502
499 502 503
503 502 504
503 504 505
506 507 499
506 508 507
509 508 506
509 510 508
511 510 509
511 509 512
505 513 512
512 513 514
512 514 515
516 514 504
516 517 514
518 516 504
519 517 516
519 520 517
519 516 521
518 521 516
519 521 522
518 523 521
518 501 523
524 521 523
524 522 521
525 526 524
525 527 526
522 527 528
522 528 529
528 520 529
528 530 520
531 525 532
531 532 533
534 531 533
534 533 535
535 530 534
535 536 530
537 538 532
537 532 539
540 538 537
540 537 541
541 536 540
541 542 536
543 544 539
543 545 544
545 546 544
545 547 546
547 542 546
547 548 542
549 550 548
549 551 550
552 551 549
552 553 551
553 552 543
553 543 554
555 550 556
555 556 557
557 556 558
557 558 559
558 554 560
558 560 559
561 562 555
561 563 562
563 561 564
563 564 565
565 564 560
565 560 566
567 568 562
567 569 568
570 569 567
570 567 571
566 572 571
566 573 572
573 574 570
573 575 574
576 570 574
577 568 576
577 576 578
576 574 578
578 579 577
580 574 575
580 578 574
580 575 581
580 582 578
578 582 579
583 581 584
583 585 581
586 582 585
583 586 585
586 587 582
588 583 589
588 589 590
591 588 590
591 590 592
593 591 592
593 594 591
579 594 595
587 594 596
579 596 594
597 598 599
597 600 598
598 600 601
598 601 602
603 602 601
602 604 598
603 605 602
602 605 604
606 598 604
606 607 598
605 608 604
605 609 608
603 609 605
604 608 610
604 610 606
603 611 609
606 610 612
613 611 603
606 612 614
614 607 606
615 614 612
613 603 616
617 613 616
615 618 614
619 618 615
614 620 607
618 620 614
603 621 616
603 601 621
617 616 622
621 622 616
623 617 622
624 621 601
621 624 622
624 601 625
597 624 625
623 622 626
626 622 624
627 623 626
597 628 624
626 624 628
629 628 597
629 630 628
627 626 631
631 626 628
631 628 630
632 627 631
632 631 633
630 633 631
634 632 633
634 633 635
636 634 635
630 637 633
635 633 637
630 638 637
630 639 638
636 635 640
641 636 640
641 642 636
643 642 641
643 641 644
644 619 643
640 645 641
645 644 641
646 640 635
640 646 645
635 637 647
646 635 647
648 647 637
646 647 648
646 648 645
648 637 638
644 649 619
619 649 618
645 650 644
650 649 644
651 650 645
651 652 650
650 652 649
652 651 638
649 653 618
649 652 653
652 638 653
618 653 620
620 653 638
620 638 639
607 620 639
607 639 654
655 656 657
655 657 658
657 659 658
657 660 659
661 659 660
660 657 662
661 660 663
660 662 663
664 662 657
664 657 665
663 662 666
663 666 667
661 663 667
662 668 666
662 664 668
661 667 669
664 670 668
671 661 669
664 672 670
672 664 665
673 670 672
671 674 661
675 674 671
673 672 676
677 673 676
672 665 678
676 672 678
661 674 679
661 679 659
675 680 674
679 674 680
681 680 675
682 659 679
679 680 682
682 683 659
655 683 682
681 684 680
684 682 680
685 684 681
655 682 686
684 686 682
687 655 686
687 686 688
685 689 684
689 686 684
689 688 686
690 689 685
690 691 689
688 689 691
692 691 690
692 693 691
694 693 692
688 691 695
693 695 691
688 695 696
688 696 697
694 698 693
699 698 694
699 694 700
701 699 700
701 702 699
702 701 677
698 699 703
703 699 702
704 693 698
698 703 704
693 705 695
704 705 693
706 695 705
704 706 705
704 703 706
706 696 695
702 677 707
677 676 707
703 702 708
708 702 707
709 703 708
709 708 710
708 707 710
710 696 709
707 676 711
707 711 710
710 711 696
676 678 711
678 696 711
678 697 696
665 697 678
665 712 697
713 714 715
713 716 714
716 717 714
716 718 717
716 719 718
713 720 716
716 721 719
720 721 722
720 723 721
719 721 724
719 724 725
726 719 725
726 725 727
726 728 719
728 729 717
726 730 728
728 730 729
731 713 732
731 732 733
734 735 729
734 736 735
730 737 736
730 738 737
727 737 738
727 739 737
740 741 731
740 742 741
743 741 742
743 742 744
743 745 724
743 724 746
723 743 746
739 747 748
739 748 749
750 749 748
750 751 749
752 751 750
752 735 751
752 753 754
752 754 755
756 754 753
756 757 754
757 756 747
757 747 758
759 755 760
759 760 761
761 760 762
761 762 763
763 762 758
763 758 764
765 764 766
765 766 767
768 765 767
768 767 769
769 759 768
769 770 759
771 772 766
771 773 772
773 774 772
773 775 774
776 770 774
776 774 775
777 778 771
777 779 778
780 778 779
780 779 781
776 780 781
776 781 782
783 784 777
783 785 784
786 784 785
786 787 784
788 782 787
788 789 782
790 789 786
790 791 789
792 790 786
793 792 783
792 794 790
793 794 792
794 793 795
794 795 796
797 794 796
797 798 794
791 798 797
791 797 799
800 799 797
800 801 799
800 797 802
802 803 796
802 796 804
805 806 800
805 807 806
808 805 809
808 809 810
811 810 809
811 812 810
804 813 811
795 811 813
795 814 811
815 816 817
815 817 818
818 819 815
815 819 820
815 820 821
821 822 815
823 818 817
818 824 819
823 825 818
825 824 818
825 823 826
825 827 824
827 825 826
817 828 823
822 829 817
817 829 828
823 828 830
823 830 826
829 831 828
830 828 831
832 819 824
833 824 827
832 824 833
834 819 832
834 820 819
822 835 829
829 836 831
835 836 829
835 822 837
821 837 822
821 820 838
839 820 834
839 838 820
840 837 821
821 838 840
839 841 838
839 842 841
838 843 840
838 841 843
844 840 843
844 845 840
840 845 837
835 837 846
845 846 837
847 835 846
835 847 836
848 843 841
849 841 842
849 848 841
848 850 843
850 851 843
845 852 846
853 845 851
853 852 845
847 846 854
854 846 852
850 855 851
855 853 851
847 856 836
857 847 854
847 857 856
836 856 858
836 858 831
831 858 859
831 859 830
856 860 858
859 858 860
857 861 856
856 861 860
852 853 862
854 852 863
852 862 863
857 854 864
863 864 854
857 865 861
864 865 857
866 862 853
855 866 853
830 859 867
830 867 868
826 830 868
826 868 869
870 826 869
867 859 871
867 871 872
871 859 860
870 873 826
873 870 874
827 826 873
873 874 875
875 874 876
877 827 873
877 873 875
833 827 877
875 876 878
878 876 879
877 875 880
878 880 875
877 881 833
877 880 881
878 879 882
883 882 879
878 884 880
884 878 882
885 833 881
885 832 833
886 881 880
886 880 884
887 832 885
887 834 832
881 888 885
881 886 888
885 889 887
885 888 889
890 834 887
890 891 834
842 891 890
892 887 889
892 890 887
842 890 893
893 890 892
849 842 893
894 889 888
892 889 894
886 895 888
894 888 895
886 896 895
896 886 884
896 884 897
884 882 897
898 897 882
883 898 882
899 898 883
899 883 900
901 899 900
901 902 899
903 902 901
903 904 902
905 902 904
899 902 905
905 904 906
907 905 906
898 899 908
899 905 908
898 909 897
898 908 909
907 910 905
910 908 905
911 897 909
911 896 897
912 909 908
910 912 908
912 911 909
907 913 910
912 910 913
907 914 913
896 911 915
896 915 895
911 912 916
911 916 915
912 913 916
917 895 915
917 915 916
917 894 895
913 918 916
917 916 918
919 913 914
913 919 918
914 920 919
920 918 919
914 921 920
917 922 894
892 894 922
923 917 918
917 923 922
924 892 922
893 892 924
920 925 918
923 918 925
923 926 922
924 922 926
927 923 925
923 927 926
920 928 925
927 925 928
920 921 929
920 929 928
924 930 893
849 893 930
849 930 931
849 931 932
932 848 849
932 933 848
850 848 933
850 933 934
934 855 850
934 935 855
935 866 855
934 933 936
934 936 937
935 934 937
933 938 936
933 939 938
939 940 938
935 937 941
942 935 941
935 942 866
942 941 943
944 866 942
866 944 862
945 942 943
944 942 945
945 943 946
944 947 862
863 862 947
948 944 945
944 948 947
949 945 946
948 945 949
949 946 950
949 950 951
952 948 949
947 948 952
949 951 953
952 949 953
953 951 954
953 954 955
952 953 955
954 956 955
957 955 956
952 955 957
957 956 958
947 952 959
959 952 957
959 957 960
957 961 960
958 961 957
959 962 947
863 947 962
863 962 864
959 963 962
963 959 964
965 864 962
965 962 963
864 965 865
963 964 966
967 965 963
967 963 966
965 968 865
965 967 968
969 966 964
969 964 961
970 967 966
970 966 969
865 968 971
865 971 861
967 972 968
967 970 972
968 973 971
968 972 973
861 971 974
861 974 860
871 860 974
971 975 974
975 871 974
971 973 975
975 976 871
976 872 871
976 977 872
973 978 975
976 975 978
979 973 972
973 979 978
970 980 972
979 972 980
977 976 981
977 981 982
976 978 983
981 976 983
979 983 978
979 984 983
980 984 979
970 985 980
985 970 969
986 983 984
987 983 986
988 982 987
986 984 989
980 990 984
990 980 985
989 984 990
988 987 991
991 992 988
987 993 991
991 994 992
995 992 994
985 969 996
990 985 997
997 985 996
989 990 998
997 998 990
997 999 998
999 997 1000
997 996 1000
999 1000 1001
1002 1001 1000
969 1003 996
1000 996 1003
969 961 1003
1002 1000 1004
1000 1003 1004
1004 1005 1002
1004 1006 1005
1006 1004 1003
1006 1007 1005
961 1008 1003
1006 1003 1008
1006 1009 1007
1008 1009 1006
961 1010 1008
958 1010 961
1011 1007 1009
1011 1012 1007
1008 1013 1009
1010 1013 1008
1011 1009 1013
958 1014 1010
1014 958 1015
1016 1012 1011
1016 1017 1012
1010 1018 1013
1014 1018 1010
1011 1013 1019
1016 1011 1019
1020 1013 1018
1020 1018 1021
1014 1015 1022
1023 1022 1015
1014 1024 1018
1021 1018 1024
1024 1014 1022
1017 1016 1025
1017 1025 1026
1027 1026 1025
1016 1019 1028
1028 1019 1021
1016 1028 1025
1029 1027 1025
1029 1030 1027
1025 1028 1031
1029 1025 1031
1028 1021 1032
1032 1031 1028
1021 1024 1033
1032 1021 1033
1024 1022 1034
1034 1033 1024
1035 1034 1022
1023 1035 1022
1036 1029 1031
1032 1037 1031
1037 1036 1031
1032 1033 1038
1038 1037 1032
1039 1029 1036
1039 1040 1029
1041 1040 1039
1042 1041 1039
1043 1041 1042
1044 1039 1036
1039 1044 1042
1037 1045 1036
1036 1045 1044
1038 1046 1037
1046 1045 1037
1047 1043 1042
1044 1048 1042
1047 1042 1048
1044 1045 1049
1048 1044 1049
1046 1050 1045
1050 1049 1045
1051 1047 1048
1052 1048 1049
1048 1052 1051
1047 1051 1053
1047 1053 1054
1053 1055 1043
1056 1052 1049
1051 1052 1057
1056 1057 1052
1050 1058 1049
1056 1049 1058
1051 1059 1053
1057 1059 1051
1060 1050 1046
1046 1061 1060
1046 1038 1061
1062 1058 1050
1062 1050 1063
1060 1064 1050
1058 1065 1056
1058 1062 1065
1056 1065 1066
1067 1057 1056
1056 1066 1067
1068 1057 1067
1068 1059 1057
1069 1068 1067
1067 1066 1069
1070 1059 1068
1070 1068 1069
1070 1071 1059
1072 1070 1069
1053 1059 1071
1053 1071 1073
1074 1053 1073
1066 1075 1069
1069 1075 1072
1062 1076 1065
1077 1066 1065
1077 1065 1076
1062 1078 1076
1064 1078 1062
1064 1079 1078
1060 1079 1064
1078 1080 1076
1076 1081 1077
1076 1080 1081
1081 1082 1077
1083 1082 1081
1084 1066 1077
1085 1084 1077
1084 1086 1066
1086 1075 1066
1085 1087 1084
1087 1086 1084
1079 1088 1078
1078 1088 1080
1083 1089 1085
1085 1089 1087
1081 1090 1083
1091 1081 1080
1081 1091 1090
1092 1080 1088
1091 1080 1092
1092 1088 1093
1094 1093 1088
1079 1094 1088
1094 1095 1093
1094 1079 1096
1060 1096 1079
1097 1095 1094
1094 1096 1097
1097 1098 1095
1060 1099 1096
1097 1096 1099
1060 1061 1099
1098 1097 1100
1097 1099 1100
1098 1100 1101
1099 1061 1102
1038 1102 1061
1103 1100 1099
1099 1102 1103
1101 1100 1104
1103 1104 1100
1101 1104 1105
1105 1104 1106
1105 1106 1107
1108 1104 1103
1108 1106 1104
1109 1107 1106
1108 1109 1106
1038 1110 1102
1110 1038 1033
1103 1102 1111
1103 1111 1108
1110 1033 1112
1034 1112 1033
1113 1102 1110
1113 1111 1102
1112 1113 1110
1114 1112 1034
1035 1114 1034
1109 1115 1107
1116 1107 1115
1112 1117 1113
1114 1117 1112
1108 1111 1118
1119 1111 1113
1119 1118 1111
1120 1113 1117
1120 1119 1113
1121 1117 1114
1121 1120 1117
1122 1114 1035
1122 1121 1114
1120 1121 1123
1122 1123 1121
1119 1120 1124
1120 1123 1124
1108 1118 1125
1108 1125 1109
1118 1119 1126
1119 1124 1126
1125 1118 1127
1118 1126 1127
1109 1125 1128
1125 1127 1128
1109 1128 1129
1130 1128 1127
1127 1131 1130
1127 1126 1131
1126 1132 1131
1126 1124 1132
1124 1133 1132
1124 1123 1133
1115 1109 1129
1123 1134 1133
1115 1129 1135
1123 1136 1134
1136 1137 1134
1122 1136 1123
1138 1115 1135
1138 1135 1139
1116 1115 1138
1138 1139 1140
1136 1141 1137
1122 1141 1136
1141 1142 1137
1143 1116 1138
1138 1140 1143
1143 1140 1144
1143 1145 1116
1143 1144 1146
1146 1145 1143
1146 1147 1145
1122 1148 1141
1035 1148 1122
1035 1023 1148
1141 1149 1142
1148 1149 1141
1149 1150 1142
1147 1146 1151
1147 1151 1152
1153 1151 1146
1153 1146 1154
1148 1155 1149
1155 1148 1023
1149 1156 1150
1155 1156 1149
1156 1157 1150
1158 1152 1151
1158 1159 1152
1160 1158 1151
1160 1151 1161
1159 1158 1162
1162 1158 1163
1162 1163 1164
1159 1162 1165
1166 1159 1165
1155 1167 1156
1156 1168 1157
1167 1168 1156
1167 1155 1169
1155 1023 1169
1170 1169 1023
1170 1023 1171
1172 1169 1170
1167 1169 1172
1172 1170 1173
1174 1172 1173
1174 1175 1172
1176 1167 1172
1167 1176 1168
1176 1172 1175
1157 1168 1177
1157 1177 1178
1179 1178 1177
1179 1180 1178
1181 1168 1176
1181 1177 1168
1182 1176 1175
1182 1181 1176
1183 1177 1181
1183 1184 1177
1180 1184 1185
1183 1185 1184
1180 1185 1186
1187 1186 1185
1187 1185 1188
1189 1182 1175
1189 1175 1190
1182 1189 1191
1192 1181 1182
1182 1191 1192
1192 1183 1181
1193 1192 1191
1193 1194 1192
1183 1192 1194
1194 1193 1195
1183 1196 1185
1183 1194 1196
1196 1188 1185
1194 1195 1197
1196 1194 1197
1197 1195 1198
1196 1199 1188
1196 1197 1199
1197 1198 1200
1200 1198 1201
1202 1199 1197
1202 1197 1200
1199 1203 1188
1199 1202 1203
1188 1203 1204
1188 1204 1205
1200 1201 1206
1206 1201 1207
1206 1207 1208
1200 1209 1202
1200 1206 1209
1202 1210 1203
1202 1209 1210
1206 1211 1209
1206 1208 1211
1212 1203 1210
1212 1213 1203
1209 1214 1210
1214 1212 1210
1209 1211 1214
1214 1215 1212
1216 1214 1211
1208 1216 1211
1216 1215 1214
1217 1215 1216
1217 1218 1215
1208 1219 1216
1219 1208 1220
1219 1220 930
1221 1216 1219
1221 1222 1216
1223 1218 1222
1223 1222 1224
1219 930 1225
924 1225 930
1219 1226 1221
1219 1225 1226
1222 1221 1165
1222 1165 1227
1221 1228 1165
1221 1226 1228
1166 1165 1228
924 1229 1225
926 1229 924
1230 1226 1225
1230 1225 1229
1231 1228 1226
1231 1166 1228
1231 1226 1230
926 1232 1229
1230 1229 1232
1232 926 927
1232 927 1233
928 1233 927
1230 1232 1234
1234 1232 1233
928 1235 1233
1236 1233 1235
1234 1233 1236
1236 1235 1237
1230 1234 1238
1230 1238 1231
1236 1238 1234
1231 1239 1166
1240 1166 1239
1241 1231 1238
1241 1239 1231
1236 1242 1238
1243 1236 1237
1243 1242 1236
1244 1238 1242
1244 1241 1238
1242 1243 1245
1242 1245 1244
1240 1239 1246
1239 1241 1247
1239 1247 1246
1241 1244 1248
1241 1248 1247
1240 1246 1249
1240 1249 1250
1251 1246 1247
1251 1249 1246
1250 1249 1252
1250 1252 1253
1244 1245 1254
1244 1254 1248
1255 1247 1248
1255 1251 1247
1256 1249 1251
1256 1252 1249
1253 1252 1257
1253 1257 1258
1248 1254 1259
1248 1259 1255
1255 1259 1260
1251 1255 1261
1255 1260 1261
1251 1261 1256
1261 1260 1262
1263 1252 1256
1263 1257 1252
1256 1261 1264
1261 1262 1264
1256 1264 1263
1258 1257 1265
1258 1265 1266
1267 1263 1264
1267 1264 1262
1257 1263 1268
1257 1268 1265
1267 1268 1263
1266 1265 1269
1266 1269 1270
1271 1265 1268
1271 1269 1265
1268 1267 1272
1268 1272 1271
1270 1269 1273
1270 1273 1274
1269 1271 1275
1269 1275 1273
1276 1274 1273
1276 1277 1274
1267 1262 1278
1272 1267 1278
1279 1271 1272
1279 1275 1271
1280 1273 1275
1280 1276 1273
1281 1277 1276
1281 1282 1277
1272 1278 1283
1279 1272 1283
1275 1279 1284
1275 1284 1280
1285 1276 1280
1285 1281 1276
1286 1282 1281
1286 1287 1282
1288 1280 1284
1288 1285 1280
1281 1285 1289
1281 1289 1286
1290 1287 1286
1290 1291 1287
1285 1288 1292
1285 1292 1289
1286 1289 1293
1286 1293 1290
1294 1291 1290
1294 1295 1291
1289 1292 1296
1289 1296 1293
1297 1290 1293
1297 1294 1290
1295 1294 1298
1295 1298 1299
1300 1293 1296
1300 1297 1293
1301 1294 1297
1301 1298 1294
1299 1298 1302
1299 1302 1303
1304 1303 1302
1297 1300 1305
1297 1305 1301
1306 1298 1301
1306 1302 1298
1307 1301 1305
1307 1306 1301
1296 1308 1300
1309 1305 1300
1309 1300 1308
1305 1310 1307
1305 1309 1310
1296 1311 1308
1292 1311 1296
1292 1312 1311
1312 1313 1311
1312 1314 1313
1315 1308 1311
1315 1311 1313
1308 1316 1309
1308 1315 1316
1313 1317 1315
1317 1316 1315
1313 1318 1317
1314 1318 1313
1319 1310 1309
1319 1309 1316
1317 1320 1316
1318 1320 1317
1314 1321 1318
1316 1322 1319
1320 1322 1316
1318 1323 1320
1324 1323 1318
1310 1319 1325
1319 1326 1325
1322 1326 1319
1327 1326 1322
1310 1325 1328
1329 1322 1320
1327 1330 1329
1329 1320 1331
1323 1331 1320
1307 1310 1328
1332 1331 1323
1324 1332 1323
1332 1333 1331
1332 1334 1333
1307 1328 1335
1335 1306 1307
1332 1336 1334
1332 1321 1336
1324 1337 1336
1324 1314 1337
1338 1334 1336
1336 1337 1338
1335 1339 1306
1302 1306 1339
1314 1340 1337
1314 1341 1340
1341 1288 1340
1341 1292 1288
1340 1288 1284
1340 1284 1342
1337 1340 1342
1279 1342 1284
1337 1342 1343
1338 1337 1343
1279 1344 1342
1344 1343 1342
1279 1283 1344
1344 1345 1343
1345 1344 1283
1343 1346 1338
1346 1343 1345
1345 1283 1347
1347 1283 1278
1338 1346 1348
1338 1348 1334
1348 1349 1334
1348 1350 1349
1346 1345 1351
1347 1351 1345
1347 1278 1352
1262 1352 1278
1346 1351 1353
1346 1353 1354
1348 1353 1355
1348 1355 1356
1357 1355 1353
1357 1353 1351
1357 1358 1355
1359 1358 1357
1359 1357 1360
1347 1361 1351
1357 1351 1361
1360 1357 1361
1361 1347 1352
1360 1361 1362
1361 1352 1362
1362 1352 1363
1262 1363 1352
1363 1364 1362
1365 1363 1262
1363 1366 1364
1365 1366 1363
1366 1365 1367
1366 1368 1364
1366 1367 1369
1369 1368 1366
1369 1367 1254
1369 1370 1368
1369 1254 1370
1245 1370 1254
1370 1371 1368
1245 1372 1370
1370 1372 1371
1243 1372 1245
1373 1371 1372
1243 1373 1372
1373 1243 1237
1374 1371 1373
1373 1237 1375
1375 1374 1373
1375 1237 1376
1377 1374 1375
1375 1376 1377
1377 921 1374
1374 921 1378
1377 929 921
929 1377 1376
929 1376 928
1379 1164 1223
1380 1381 1382
1380 1382 1383
1382 1384 1383
1382 1385 1384
1386 1384 1385
1386 1385 1387
1387 1388 1386
1387 1385 1389
1387 1390 1388
1391 1388 1390
1391 1390 1392
1387 1389 1393
1393 1390 1387
1393 1389 1394
1392 1390 1395
1393 1395 1390
1392 1395 1396
1393 1394 1397
1397 1395 1393
1396 1395 1398
1397 1398 1395
1396 1398 1399
1398 1397 1400
1399 1398 1401
1398 1400 1401
1399 1401 1402
1403 1402 1401
1403 1404 1402
1404 1403 1405
1404 1405 1406
1406 1405 1407
1406 1407 1408
1407 1409 1408
1410 1403 1401
1410 1401 1400
1411 1403 1410
1411 1412 1403
1412 1413 1407
1412 1411 1413
1414 1410 1400
1415 1410 1414
1415 1411 1410
1414 1400 1416
1417 1416 1400
1417 1394 1416
1411 1415 1418
1411 1418 1413
1413 1418 1419
1413 1419 1420
1420 1407 1413
1421 1420 1419
1420 1422 1407
1407 1422 1409
1421 1423 1420
1424 1423 1421
1420 1425 1422
1420 1423 1425
1426 1409 1422
1425 1426 1422
1426 1427 1409
1425 1428 1426
1429 1428 1425
1425 1423 1429
1429 1430 1428
1424 1431 1423
1431 1429 1423
1431 1424 1432
1430 1429 1433
1431 1433 1429
1430 1433 1434
1433 1435 1434
1433 1436 1435
1431 1436 1433
1437 1435 1436
1431 1432 1438
1431 1438 1436
1438 1432 1439
1437 1436 1440
1438 1440 1436
1438 1439 1441
1438 1441 1440
1442 1441 1439
1442 1443 1441
1440 1441 1443
1444 1443 1442
1444 1445 1443
1437 1440 1446
1440 1443 1446
1445 1446 1443
1437 1446 1447
1445 1448 1446
1447 1446 1448
1447 1448 1449
1450 1451 1452
1450 1452 1453
1454 1453 1452
1454 1452 1455
1456 1454 1455
1456 1455 1457
1458 1456 1457
1459 1460 1450
1459 1461 1460
1462 1461 1459
1462 1463 1461
1464 1463 1462
1464 1465 1463
1466 1465 1464
1466 1464 1467
1468 1466 1467
1468 1467 1469
1470 1468 1469
1471 1472 1473
1471 1474 1472
1474 1471 1475
1474 1475 1476
1472 1477 1478
1472 1478 1479
1478 1477 1480
1478 1480 1481
1482 1483 1479
1482 1484 1483
1484 1482 1485
1484 1485 1486
1487 1483 1488
1487 1489 1483
1490 1491 1488
1490 1492 1491
1489 1491 1493
1492 1493 1491
1492 1494 1493
1489 1493 1495
1496 1497 1495
1496 1498 1497
1499 1498 1496
1499 1500 1498
1501 1497 1502
1501 1502 1503
1504 1503 1502
1504 1505 1503
1506 1501 1503
1506 1503 1507
1508 1507 1503
1507 1509 1506
1508 1510 1507
1507 1511 1509
1510 1511 1507
1511 1512 1509
1510 1513 1511
1511 1514 1512
1513 1514 1511
1513 1515 1514
1516 1517 1518
1516 1518 1519
1519 1520 1516
1519 1521 1520
1519 1522 1521
1523 1521 1522
1522 1519 1524
1525 1524 1519
1525 1526 1524
1522 1524 1527
1523 1522 1528
1526 1529 1524
1529 1527 1524
1526 1530 1529
1529 1531 1527
1530 1532 1529
1532 1531 1529
1532 1533 1531
1530 1534 1532
1532 1535 1533
1536 1532 1534
1532 1536 1535
1536 1534 1537
1538 1535 1536
1537 1538 1536
1537 1539 1538
1538 1540 1535
1541 1538 1539
1542 1540 1538
1541 1542 1538
1542 1543 1540
1544 1542 1541
1545 1543 1542
1544 1545 1542
1545 1546 1543
1547 1545 1544
1546 1545 1548
1547 1548 1545
1546 1548 1549
1547 1550 1548
1547 1551 1550
1552 1549 1548
1552 1548 1550
1551 1553 1550
1552 1550 1553
1551 1554 1553
1549 1552 1555
1549 1555 1556
1091 1556 1555
1555 1552 1557
1552 1553 1557
1091 1555 1558
1555 1557 1558
1090 1091 1558
1558 1557 1559
1553 1559 1557
1558 1559 1090
1560 1553 1554
1553 1560 1559
1560 1554 1561
1090 1559 1562
1090 1562 1083
1083 1562 1089
1563 1559 1560
1563 1562 1559
1564 1563 1560
1564 1560 1565
1562 1566 1089
1562 1567 1566
1568 1567 1564
1568 1566 1567
1569 1566 1568
1089 1566 1570
1569 1570 1566
1571 1570 1569
1089 1570 1087
1571 1572 1570
1573 1087 1570
1573 1570 1572
1087 1573 1086
1574 1086 1573
1086 1574 1075
1574 1575 1075
1075 1575 1072
1574 1573 1576
1573 1572 1577
1573 1577 1576
1578 1574 1576
1574 1578 1575
1578 1576 1579
1579 1576 1577
1580 1575 1578
1579 1580 1578
1580 1581 1575
1072 1575 1581
1072 1581 1582
1582 1583 1072
1072 1583 1584
1071 1584 1583
1071 1583 1585
1579 1586 1580
1579 1577 1587
1588 1586 1579
1588 1589 1586
1590 1589 1588
1590 1588 1591
1591 1587 1577
1592 1590 1591
1592 1591 1593
1591 1577 1594
1593 1591 1594
1594 1577 1572
1593 1594 1595
1595 1594 1572
1595 1572 1596
1073 1585 1597
1597 1598 1599
1597 1599 1600
1601 1600 1599
1602 1601 1599
1601 1602 1603
1601 1603 1604
1605 1604 1603
1606 1601 1604
1607 1601 1606
1608 1607 1606
1601 1607 1609
1609 1610 1597
1609 1607 1611
1609 1611 1610
1607 1612 1611
1612 1607 1608
1611 1612 1613
1611 1613 1610
1614 1597 1610
1614 1615 1597
1055 1615 1614
1616 1612 1608
1612 1616 1613
1613 1617 1610
1617 1614 1610
1616 1618 1613
1617 1613 1618
1619 1614 1617
1619 1043 1614
1620 1617 1618
1617 1620 1619
1616 1621 1618
1618 1621 1620
1619 1620 1622
1619 1622 1054
1614 1054 1074
1054 1622 1623
1624 1622 1620
1620 1621 1624
1622 1625 1623
1625 1622 1624
1623 1625 1030
1625 1626 1030
1624 1627 1625
1625 1627 1626
1624 1621 1628
1627 1624 1628
1616 1629 1621
1630 1628 1621
1630 1621 1629
1629 1616 1631
1616 1608 1631
1632 1630 1629
1629 1631 1632
1632 1633 1630
1634 1627 1628
1635 1628 1630
1635 1634 1628
1627 1636 1626
1634 1636 1627
1637 1635 1630
1637 1630 1638
1632 1631 1639
1638 1632 1640
1632 1639 1640
1641 1631 1608
1641 1639 1631
1637 1638 1642
1638 1640 1642
1643 1634 1635
1644 1636 1634
1643 1644 1634
1635 1637 1645
1635 1645 1643
1640 1639 1646
1639 1641 1647
1639 1647 1646
1647 1641 1648
1649 1647 1648
1642 1640 1650
1640 1646 1650
1637 1651 1645
1637 1642 1652
1637 1652 1651
1653 1652 1642
1642 1650 1653
1643 1645 1654
1651 1654 1645
1655 1651 1652
1653 1655 1652
1656 1650 1646
1656 1657 1650
1653 1650 1657
1653 1657 1658
1655 1653 1658
1659 1656 1646
1655 1658 1660
1659 1646 1647
1660 1661 1655
1655 1661 1651
1660 1662 1661
1663 1651 1661
1651 1663 1654
1662 1664 1661
1663 1661 1664
1662 1665 1664
1665 1666 1664
1665 1667 1666
1668 1663 1664
1668 1664 1666
1669 1666 1667
1668 1666 1669
1647 1670 1659
1647 1649 1670
1663 1671 1654
1663 1668 1671
1669 1667 1672
1673 1672 1667
1670 1674 1659
1659 1674 1675
1659 1675 1676
1677 1676 1675
1670 1649 1678
1674 1670 1679
1670 1678 1679
1675 1674 1680
1674 1679 1680
1677 1675 1681
1675 1680 1681
1649 1682 1678
1649 1683 1682
1684 1680 1679
1681 1680 1684
1681 1685 1677
1686 1677 1685
1681 1684 1687
1681 1687 1685
1686 1685 1688
1688 1689 1686
1690 1685 1687
1690 1688 1685
1690 1687 1691
1691 1687 1684
1690 1692 1688
1691 1684 1693
1688 1694 1689
1692 1694 1688
1694 1695 1689
1692 1696 1694
1697 1693 1684
1697 1698 1693
1684 1679 1697
1694 1699 1695
1696 1699 1694
1696 1700 1699
1701 1699 1700
1699 1702 1695
1701 1703 1699
1699 1703 1702
1703 1701 1704
1705 1702 1703
1703 1704 1705
1705 1706 1702
1707 1705 1704
1705 1708 1706
1707 1709 1705
1705 1709 1708
1710 1709 1707
1709 1711 1708
1710 1712 1709
1709 1712 1711
1713 1712 1710
1714 1711 1712
1713 1715 1712
1714 1712 1715
1716 1715 1713
1716 1713 1717
1715 1716 1718
1715 1718 1719
1715 1719 1714
1720 1714 1719
1720 1721 1714
1721 1720 1722
1721 1722 1723
1722 1724 1723
1723 1724 1725
1722 1720 1726
1727 1726 1720
1727 1720 1728
1727 1728 1729
1727 1729 1730
1730 1729 1716
1730 1716 1731
1732 1731 1716
1732 1716 1733
1731 1732 1734
1731 1734 1735
1736 1731 1735
1736 1735 1737
1738 1736 1737
1738 1739 1736
1738 1726 1739
1738 1740 1726
1726 1740 1741
1726 1741 1742
1722 1726 1742
1743 1742 1741
1743 1741 1744
1745 1722 1742
1745 1742 1743
1722 1745 1724
1746 1745 1743
1746 1743 1747
1744 1747 1748
1744 1749 1747
1750 1747 1749
1750 1751 1747
1751 1746 1747
1752 1751 1750
1745 1753 1724
1745 1746 1753
1752 1754 1751
1754 1752 1755
1724 1753 1756
1725 1724 1756
1751 1757 1746
1757 1751 1754
1746 1758 1753
1746 1757 1758
1753 1758 1756
1754 1755 1759
1760 1759 1755
1757 1754 1761
1757 1761 1758
1761 1754 1759
1760 1762 1759
1763 1762 1760
1761 1759 1764
1762 1764 1759
1761 1765 1758
1765 1761 1764
1756 1758 1766
1765 1766 1758
1762 1763 1767
1762 1767 1764
1765 1764 1768
1768 1764 1767
1767 1763 1769
1770 1769 1763
1769 1771 1767
1768 1767 1771
1769 1772 1771
1773 1765 1768
1765 1773 1766
1771 1774 1768
1771 1772 1774
1773 1768 1774
1756 1766 1775
1775 1725 1756
1776 1766 1773
1766 1776 1775
1725 1775 1777
1777 1775 1776
1725 1777 1778
1779 1778 1777
1774 1780 1773
1776 1773 1780
1781 1774 1772
1774 1781 1780
1781 1772 1782
1782 1772 1783
1779 1777 1784
1785 1779 1784
1777 1776 1786
1780 1786 1776
1786 1784 1777
1787 1780 1781
1780 1787 1786
1785 1784 1788
1788 1789 1785
1786 1790 1784
1787 1790 1786
1790 1788 1784
1787 1781 1791
1791 1781 1792
1788 1793 1789
1793 1794 1789
1790 1795 1788
1795 1793 1788
1787 1796 1790
1796 1787 1791
1795 1790 1796
1791 1792 1797
1797 1792 1798
1793 1799 1794
1799 1800 1794
1795 1801 1793
1799 1793 1801
1796 1791 1802
1797 1802 1791
1795 1796 1803
1803 1801 1795
1802 1803 1796
1804 1797 1798
1805 1804 1798
1799 1806 1800
1806 1807 1800
1799 1801 1808
1806 1799 1808
1797 1809 1802
1809 1797 1804
1802 1810 1803
1810 1802 1809
1803 1811 1801
1808 1801 1811
1811 1803 1810
1806 1812 1807
1812 1813 1807
1806 1808 1814
1814 1812 1806
1808 1811 1815
1814 1808 1815
1811 1810 1816
1815 1811 1816
1812 1817 1813
1818 1813 1817
1814 1819 1812
1819 1817 1812
1814 1815 1820
1820 1819 1814
1815 1816 1821
1822 1820 1815
1823 1816 1810
1810 1809 1823
1821 1816 1824
1823 1824 1816
1821 1824 1825
1818 1817 1826
1827 1818 1826
1819 1828 1817
1826 1817 1828
1822 1829 1820
1825 1829 1822
1820 1830 1819
1828 1819 1830
1829 1830 1820
1831 1823 1809
1824 1823 1831
1827 1826 1832
1833 1827 1832
1826 1828 1834
1834 1832 1826
1828 1830 1835
1835 1834 1828
1829 1836 1830
1835 1830 1836
1831 1809 1837
1837 1809 1804
1838 1837 1804
1833 1832 1839
1840 1833 1839
1834 1841 1832
1839 1832 1841
1840 1839 1842
1843 1840 1842
1835 1844 1834
1841 1834 1844
1839 1841 1845
1845 1842 1839
1843 1842 1846
1847 1843 1846
1838 1848 1837
1841 1844 1849
1849 1845 1841
1845 1850 1842
1850 1846 1842
1849 1851 1845
1850 1845 1851
1835 1852 1844
1844 1853 1849
1844 1852 1853
1849 1854 1851
1849 1853 1854
1850 1851 1855
1855 1851 1854
1850 1856 1846
1856 1850 1855
1835 1857 1852
1835 1836 1857
1856 1858 1846
1847 1846 1858
1847 1858 1859
1847 1859 1860
1856 1861 1858
1859 1858 1861
1856 1855 1862
1862 1861 1856
1855 1854 1863
1862 1855 1863
1864 1852 1857
1857 1836 1865
1857 1865 1864
1864 1866 1852
1866 1853 1852
1854 1853 1867
1866 1867 1853
1863 1854 1868
1854 1867 1868
1869 1865 1836
1869 1836 1829
1825 1869 1829
1862 1863 1870
1871 1862 1870
1862 1871 1861
1871 1870 1872
1873 1861 1871
1859 1861 1873
1863 1868 1874
1874 1875 1863
1876 1871 1872
1873 1871 1876
1873 1877 1859
1877 1860 1859
1874 1878 1875
1878 1872 1875
1876 1879 1873
1873 1879 1877
1868 1880 1874
1868 1881 1880
1874 1880 1882
1878 1874 1882
1881 1868 1867
1878 1882 1883
1878 1883 1872
1883 1882 1884
1885 1881 1867
1885 1867 1866
1886 1881 1885
1887 1872 1883
1876 1872 1887
1883 1884 1888
1887 1883 1888
1866 1889 1885
1866 1864 1889
1886 1885 1890
1890 1885 1889
1891 1886 1890
1891 1890 1892
1890 1893 1892
1894 1876 1887
1876 1894 1879
1895 1888 1884
1896 1895 1884
1897 1887 1888
1894 1887 1897
1897 1888 1895
1890 1889 1898
1890 1898 1893
1897 1899 1894
1899 1879 1894
1895 1900 1897
1897 1900 1899
1901 1898 1889
1901 1889 1864
1901 1902 1898
1903 1893 1898
1903 1904 1893
1901 1864 1865
1865 1905 1901
1905 1903 1901
1905 1865 1869
1895 1906 1900
1906 1895 1896
1899 1900 1907
1906 1908 1900
1909 1906 1896
1906 1909 1908
1899 1907 1910
1911 1910 1907
1909 1896 1912
1896 1913 1912
1914 1908 1909
1909 1912 1914
1914 1911 1908
1915 1914 1912
1915 1911 1914
1916 1915 1912
1917 1899 1910
1899 1917 1879
1918 1879 1917
1918 1877 1879
1917 1910 1919
1918 1917 1919
1911 1920 1910
1919 1910 1920
1915 1921 1911
1920 1911 1921
1916 1922 1915
1915 1923 1921
1915 1922 1923
1922 1916 1924
1924 1923 1922
1925 1924 1916
1920 1921 1926
1926 1921 1923
1919 1920 1927
1926 1927 1920
1918 1919 1928
1927 1928 1919
1926 1923 1929
1926 1930 1927
1929 1930 1926
1927 1931 1928
1931 1927 1930
1918 1928 1932
1931 1932 1928
1924 1933 1923
1929 1923 1933
1918 1932 1934
1877 1918 1934
1877 1934 1935
1877 1935 1860
1860 1935 1936
1860 1936 1937
1938 1935 1934
1938 1936 1935
1939 1934 1932
1939 1938 1934
1931 1940 1932
1939 1932 1940
1939 1940 1941
1939 1941 1942
1938 1939 1943
1942 1943 1939
1944 1936 1938
1938 1943 1944
1944 1945 1936
1937 1936 1946
1937 1946 1947
1947 1948 1937
1946 1949 1947
1946 1950 1949
1946 1951 1950
1952 1944 1951
1944 1953 1951
1947 1954 1948
1954 1947 1955
1954 1955 1956
1957 1948 1954
1957 1954 1958
1958 1954 1959
1958 1959 1960
1958 1961 1957
1958 1962 1961
1962 1958 1963
1962 1673 1961
1962 1963 1964
1962 1965 1673
1965 1962 1964
1965 1964 1966
1965 1966 1967
1673 1965 1672
1965 1967 1672
1672 1967 1968
1672 1968 1669
1669 1968 1969
1669 1969 1970
1668 1669 1970
1970 1969 1971
1972 1971 1969
1971 1972 1973
1668 1970 1974
1970 1971 1974
1668 1974 1671
1971 1973 1975
1974 1971 1975
1975 1973 1976
1977 1671 1974
1974 1975 1977
1975 1976 1978
1977 1975 1978
1978 1976 1979
1977 1980 1671
1980 1654 1671
1977 1978 1981
1981 1980 1977
1978 1979 1982
1981 1978 1982
1982 1979 1983
1980 1984 1654
1643 1654 1984
1984 1985 1643
1644 1643 1985
1986 1984 1980
1984 1986 1985
1981 1987 1980
1986 1980 1987
1988 1987 1981
1981 1982 1988
1982 1983 1989
1989 1983 1990
1991 1986 1987
1988 1991 1987
1992 1988 1982
1992 1982 1989
1992 1991 1988
1989 1990 1993
1992 1989 1993
1993 1990 1994
1991 1995 1986
1995 1985 1986
1992 1996 1991
1996 1995 1991
1992 1993 1997
1996 1992 1997
1993 1994 1998
1997 1993 1998
1998 1994 1999
1998 1999 2000
2000 1999 2001
1997 1998 2002
2002 1998 2000
1996 1997 2003
2002 2003 1997
1996 2004 1995
2003 2004 1996
1995 2005 1985
2005 1995 2004
2006 1985 2005
1644 1985 2006
2007 1644 2006
1644 2007 1636
2008 1636 2007
1626 1636 2008
1626 2008 2009
1626 2009 1040
2009 2008 2010
2011 2010 2008
2011 2008 2012
2012 2008 2007
2012 2013 2011
2007 2006 2014
2012 2007 2014
2012 2015 2013
2012 2014 2015
2015 2016 2013
2015 2014 2017
2015 2018 2016
2015 2017 2018
2019 2016 2018
2019 2020 2016
2021 2018 2017
2021 2019 2018
2022 2020 2019
2022 2023 2020
2019 2024 2022
2019 2021 2024
2023 2022 2025
2025 2022 2024
2023 2025 2026
2027 2026 2025
2027 2025 2028
2028 2029 2027
2025 2024 2030
2028 2025 2030
2028 2031 2029
989 2029 2031
2028 2030 2032
2031 2028 2032
2033 2030 2024
2032 2030 2033
2034 2024 2021
2033 2024 2034
989 2031 2035
2036 989 2035
2031 2032 2037
2037 2035 2031
2036 2035 993
981 2036 993
2038 993 2035
2037 2038 2035
2039 2037 2032
2032 2033 2039
2034 2021 2040
2040 2021 2017
2038 2041 993
991 993 2041
2038 2037 2042
2039 2042 2037
991 2041 2043
2043 994 991
2044 2041 2038
2038 2042 2044
2044 2043 2041
2040 2017 2045
2046 2045 2017
2046 2006 2045
2006 2005 2045
2047 2045 2005
2047 2040 2045
2005 2004 2047
2047 2004 2048
2003 2048 2004
2047 2048 2049
2049 2040 2047
2049 2034 2040
2049 2050 2034
2051 2050 2049
2051 2052 2050
2050 2053 2034
2054 2053 2050
2052 2055 2050
2054 2050 2055
2052 2056 2055
2057 2056 2052
2058 2057 2052
2057 2059 2056
2059 2060 2056
2055 2056 2060
2059 2061 2060
2060 2061 2062
2060 2062 2063
2063 2062 2064
2055 2060 2065
2065 2060 2063
2063 2064 2066
2066 2064 2067
2068 2055 2065
2068 2054 2055
2065 2063 2069
2069 2063 2066
2069 2068 2065
2066 2067 2070
2070 2067 2071
2069 2066 2072
2070 2072 2066
2070 2071 2073
2073 2071 2074
2069 2075 2068
2072 2075 2069
2070 2076 2072
2073 2076 2070
2072 2077 2075
2076 2077 2072
2054 2068 2078
2079 2068 2075
2079 2078 2068
2080 2075 2077
2080 2079 2075
2054 2078 2081
2081 2082 2054
2073 2074 2083
2073 2084 2076
2084 2073 2083
2076 2085 2077
2084 2085 2076
2077 2085 2086
2077 2086 2080
2084 2087 2085
2074 2088 2083
2074 2089 2088
2089 2090 2088
2084 2083 2091
2091 2087 2084
2092 2091 2083
2092 2083 2093
2094 2092 2093
2094 1940 2092
2091 2095 2087
2092 2095 2091
2092 1940 2096
1931 2096 1940
2092 2097 2095
2092 2096 2097
2096 1931 2098
1931 1930 2098
2097 2096 2099
2096 2098 2099
2097 2099 2100
2101 2095 2097
2099 2102 2100
2103 2087 2095
2101 2103 2095
2098 1930 2104
1929 2104 1930
2098 2105 2099
2099 2105 2102
2103 2106 2087
2107 2087 2106
2107 2106 2086
2101 2108 2103
2101 2102 2108
2109 2106 2103
2109 2103 2108
2106 2110 2086
2106 2109 2110
2098 2104 2111
2098 2111 2105
2086 2110 2112
2086 2112 2080
2113 2080 2112
2113 2079 2080
2079 2113 2114
2079 2114 2078
2115 2078 2114
2115 2081 2078
2109 2116 2110
2117 2112 2110
2117 2110 2116
2118 2113 2112
2118 2112 2117
2119 2114 2113
2119 2113 2118
2109 2120 2116
2120 2109 2108
2116 2121 2117
2116 2122 2121
2120 2122 2123
2117 2124 2118
2117 2121 2124
2120 2108 2125
2102 2125 2108
2114 2119 2126
2114 2126 2115
2118 2127 2119
2118 2124 2127
2120 2128 2122
2128 2120 2125
2102 2129 2125
2105 2129 2102
2119 2130 2126
2119 2127 2130
2128 2125 2131
2129 2131 2125
2105 2132 2129
2132 2105 2111
2129 2133 2131
2132 2133 2129
2132 2111 2134
2104 2134 2111
2132 2135 2133
2135 2132 2134
2104 2136 2134
1929 2136 2104
2135 2134 2137
2137 2134 2136
1929 2138 2136
1929 1933 2138
2139 2136 2138
2137 2136 2139
2140 2138 1933
2139 2138 2140
2140 1933 2141
2141 1933 1924
2141 1924 2142
1925 2142 1924
1925 2143 2142
1925 2144 2143
2143 2144 2145
2142 2146 2141
2142 2143 2146
2141 2147 2140
2141 2146 2147
2140 2148 2139
2140 2147 2148
2139 2149 2137
2139 2148 2149
2143 2145 2150
2151 2150 2145
2151 2152 2150
2153 2143 2150
2152 2153 2150
2153 2146 2143
2152 2154 2153
2153 2154 2155
2156 2147 2146
2156 2146 2153
2156 2148 2147
2153 2155 2156
2156 2157 2148
2155 2157 2156
2149 2148 2157
2155 2158 2157
2159 2157 2158
2149 2157 2159
2159 2158 2160
2159 2161 2149
2137 2149 2161
2137 2161 2135
2162 2159 2160
2159 2162 2161
2162 2160 2163
2164 2135 2161
2164 2161 2162
2164 2133 2135
2165 2162 2163
2164 2162 2165
2165 2163 2166
2166 2167 2165
2166 2168 2167
2167 2168 2169
2133 2164 2170
2164 2165 2170
2170 2165 2167
2133 2170 2131
2171 2131 2170
2170 2167 2171
2171 2128 2131
2172 2128 2171
2171 2167 2172
2172 2122 2128
2167 2169 2173
2172 2167 2173
2173 2169 995
2122 2172 2174
2172 2173 2174
2122 2174 2121
2121 2174 2175
2173 2175 2174
2121 2175 2124
2173 995 2176
2175 2173 2176
995 994 2176
2124 2175 2177
2175 2176 2177
2124 2177 2127
2176 2178 2177
2127 2177 2178
994 2178 2176
2127 2178 2130
994 2179 2178
2130 2178 2179
2043 2179 994
2130 2179 2180
2180 2179 2043
2126 2130 2180
2180 2043 2044
2126 2180 2181
2181 2180 2044
2115 2126 2181
2181 2044 2042
2115 2181 2182
2182 2181 2042
2182 2081 2115
2182 2042 2039
2182 2183 2081
2039 2183 2182
2081 2183 2082
2039 2033 2183
2033 2082 2183
2033 2034 2082
1615 1071 1598
1805 1838 2184
2185 1805 1783
2185 1783 2186
2187 2186 1783
2188 2189 1516
2188 1516 2190
2190 2191 2188
2190 2192 2191
2193 2190 1516
2193 1516 2194
2195 2192 2190
2195 2196 2192
2197 2193 2194
2197 2194 2198
2199 2196 2195
2199 2195 2200
2197 2198 1523
2199 2200 2201
2197 1523 2201
2199 2201 2202
2201 2203 2202
2204 2201 1523
1528 2204 1523
1528 2205 2204
2201 2206 2203
2204 2206 2201
2204 2205 2207
2205 1304 2207
2208 2203 2206
2208 2209 2203
2210 2206 2204
2210 2208 2206
2204 2207 2210
2211 2208 2210
2211 2212 2208
2209 2213 2212
2209 2212 2214
2215 2214 2212
2215 2212 2216
2216 2212 2211
2217 2215 2216
2210 2207 2218
2210 2218 2211
1304 2219 2207
2207 2219 2218
2217 2216 2220
2220 2221 2217
2216 2211 2222
2222 2220 2216
2211 2218 2223
2211 2223 2222
2218 2219 2223
2224 2219 1304
1304 1302 2224
1302 1339 2224
2219 2224 2225
2225 2224 1339
2219 2225 2223
2220 2226 2221
2227 2221 2226
2222 2228 2220
2222 2223 2228
2228 2226 2220
1339 2229 2225
1339 1335 2229
2230 2223 2225
2228 2223 2230
2230 2225 2229
2227 2226 2231
2232 2227 2231
2228 2233 2226
2230 2233 2228
2231 2226 2233
2234 2229 1335
2234 1335 1328
2229 2235 2230
2230 2235 2233
2229 2234 2235
2231 2233 2236
2231 2236 2232
2235 2236 2233
1328 2237 2234
1328 2238 2237
2238 2239 2237
2240 2235 2234
2240 2234 2237
2235 2240 2236
2241 2240 2237
2241 2236 2240
2236 2241 2232
2242 2232 2241
2243 2239 1327
2243 2244 2239
2245 2239 2244
2246 2247 2248
2246 2249 2247
2249 2250 2247
2249 2251 2250
2252 2250 2251
2253 2250 2252
2254 2252 2251
2251 2255 2254
2256 2255 2251
2256 2251 2257
2258 2257 2246
2258 2256 2257
2254 2259 2252
2252 2259 2260
2252 2260 2261
2253 2262 2261
2253 2261 2263
2264 2253 2263
2264 2263 2265
2266 2264 2265
2266 2265 2267
2268 2264 2266
2268 2269 2264
2269 2270 2253
2269 2253 2271
2272 2260 2259
2272 2273 2260
2273 2272 2274
2273 2274 2275
2274 2276 2275
2259 2277 2272
2272 2278 2274
2272 2277 2278
2274 2279 2276
2278 2279 2274
2259 2280 2277
2254 2280 2259
2276 2279 2281
2276 2281 2282
2283 2282 2281
2277 2284 2278
2278 2285 2279
2284 2285 2278
2279 2285 2286
2279 2286 2281
2280 2287 2277
2277 2287 2284
2280 2288 2287
2287 2289 2284
2287 2290 2289
2288 2290 2287
2284 2291 2285
2291 2286 2285
2292 2291 2284
2293 2288 2280
2293 2280 2254
2294 2292 2290
2292 2294 2291
2254 2295 2293
2254 2255 2295
2296 2295 2255
2296 2255 2297
2297 2298 2296
2297 2258 2298
2299 2296 2298
2299 2300 2296
2300 2295 2296
2301 2300 2299
2293 2295 2302
2300 2302 2295
2301 2303 2300
2303 2302 2300
2304 2303 2301
2293 2302 2305
2288 2293 2305
2304 2306 2303
2306 2304 2307
2306 2307 2308
2303 2309 2302
2309 2305 2302
2306 2309 2303
2309 2310 2305
2310 2288 2305
2310 2309 2311
2306 2312 2309
2312 2306 2308
2310 2311 2313
2310 2313 2288
2314 2313 2312
2312 2308 2314
2313 2315 2288
2288 2315 2290
2314 2316 2313
2313 2316 2315
2315 2317 2290
2294 2290 2317
2315 2316 2318
2315 2318 2317
2294 2317 2319
2318 2319 2317
2319 2291 2294
2316 2314 2320
2316 2320 2318
2314 2308 2321
2314 2321 2320
2319 2322 2291
2291 2322 2286
2286 2322 2323
2318 2324 2319
2324 2322 2319
2324 2318 2320
2324 2323 2322
2325 2321 2308
2325 2308 2326
2327 2321 2325
2327 2328 2321
2320 2321 2328
2328 2327 2329
2324 2320 2330
2320 2328 2330
2323 2324 2331
2332 2330 2331
2328 2329 2333
2330 2328 2333
2330 2333 2331
2334 2333 2329
2335 2331 2333
2334 2335 2333
2335 2336 2331
2331 2336 2323
2337 2335 2334
2337 2336 2335
2337 2334 2338
2336 2339 2323
2337 2339 2336
2340 2337 2338
2340 2338 2341
2337 2342 2339
2339 2342 2323
2337 2340 2342
2343 2340 2341
2343 2341 2344
2342 2345 2323
2286 2323 2345
2281 2286 2345
2346 2342 2340
2342 2346 2345
2346 2340 2343
2281 2345 2347
2283 2281 2347
2348 2347 2345
2348 2346 2343
2346 2348 2349
2344 2350 2343
2348 2343 2350
2344 2351 2350
2348 2352 2347
2352 2353 2350
2354 2283 2347
2352 2354 2347
2354 2355 2283
2352 2350 2356
2354 2352 2356
2357 2356 2350
2357 2358 2356
2354 2356 2359
2358 2359 2356
2355 2360 2359
2358 2361 2359
2355 2359 2362
2359 2361 2363
2359 2363 2362
2364 2365 2366
2365 2367 2368
2369 2368 2367
2369 2367 2370
2367 2371 2370
2372 2371 2367
2368 2369 2373
2372 2368 2374
2368 2373 2374
2366 2372 2374
2375 2374 2373
2375 2366 2374
2376 2366 2377
2376 2377 2378
2376 2379 2366
2378 2380 2376
2376 2380 2379
2378 2381 2380
2380 2382 2379
2383 2380 2381
2383 2382 2380
2383 2381 2384
2383 2384 2385
2386 2382 2383
2383 2385 2386
2386 2387 2382
2385 2388 2386
2388 2387 2386
2389 2390 2391
2392 2391 2390
2392 2393 2391
2393 2392 2394
2393 2394 2395
2396 2397 2395
2396 2398 2397
2399 2397 2398
2399 2398 2400
2401 2399 2400
2402 2403 2404
2402 2405 2403
2406 2403 2405
2406 2407 2403
2408 2407 2406
2408 2406 2409
2410 2406 2405
2405 2402 2411
2410 2412 2406
2409 2406 2413
2413 2410 2414
2413 2414 2415
2412 2416 2409
2416 2417 2409
2416 2418 2417
2416 2412 2419
2419 2412 2415
2420 2418 2416
2416 2419 2420
2420 2421 2418
2419 2415 2422
2423 2421 2420
2423 2424 2421
2425 2424 2423
2426 2423 2420
2426 2420 2427
2425 2423 2428
2428 2429 2425
2428 2430 2429
2431 2428 2423
2428 2431 2432
2428 2432 2433
2431 2423 2434
2435 2429 2433
2432 2435 2433
2435 2436 2429
2437 2436 2435
2437 2435 2432
2437 2438 2436
2437 2432 2439
2427 2440 2434
2427 2422 2440
2434 2441 2431
2434 2440 2441
2431 2442 2432
2431 2441 2442
2432 2443 2439
2432 2442 2443
2422 2444 2440
2440 2445 2441
2440 2444 2445
2444 2446 2445
2422 2447 2444
2447 2446 2444
2415 2447 2422
2441 2445 2448
2441 2448 2442
2445 2446 2448
2442 2448 2449
2442 2449 2443
2448 2446 2449
2415 2450 2447
2450 2446 2447
2451 2446 2450
2415 2451 2452
2415 2453 2451
2454 2446 2451
2453 2454 2451
2449 2446 2455
2456 2446 2454
2453 2457 2454
2457 2456 2454
2411 2457 2453
2411 2458 2457
2459 2443 2449
2459 2449 2455
2457 2460 2456
2458 2460 2457
2443 2459 2461
2439 2443 2461
2459 2462 2461
2463 2446 2456
2460 2463 2456
2464 2458 2411
2464 2411 2402
2464 2402 2465
2402 2466 2465
2464 2465 2467
2464 2467 2468
2458 2464 2468
2458 2468 2469
2458 2469 2470
2458 2471 2460
2470 2471 2458
2460 2472 2463
2471 2472 2460
2470 2473 2471
2473 2470 2474
2472 2475 2463
2475 2446 2463
2471 2476 2472
2476 2471 2473
2472 2477 2475
2476 2477 2472
2478 2475 2477
2476 2479 2477
2479 2478 2477
2479 2480 2478
2478 2481 2475
2481 2446 2475
2480 2482 2478
2483 2481 2478
2480 2484 2482
2483 2485 2481
2485 2446 2486
2487 2446 2485
2488 2446 2487
2455 2446 2488
2489 2488 2487
2489 2487 2490
2489 2490 2483
2491 2455 2488
2489 2491 2488
2491 2459 2455
2492 2489 2483
2492 2483 2493
2494 2492 2493
2495 2459 2491
2459 2495 2462
2496 2491 2489
2496 2489 2492
2495 2491 2496
2495 2497 2462
2497 2498 2462
2497 2499 2498
2499 2439 2498
2499 2497 2500
2499 2500 2501
2499 2502 2439
2502 2499 2503
2504 2439 2502
2502 2503 2505
2502 2438 2504
2502 2505 2438
2495 2506 2497
2506 2507 2497
2506 2508 2507
2509 2506 2495
2509 2495 2496
2496 2510 2509
2510 2496 2492
2492 2511 2510
2512 2510 2511
2512 2513 2510
2510 2513 2514
2510 2514 2509
2509 2514 2515
2509 2515 2516
2517 2512 2518
2494 2518 2492
2517 2518 2494
2484 2519 2494
2519 2484 2480
2520 2519 2480
2521 2520 2480
2521 2480 2522
2521 2522 2476
2521 2476 2523
2476 2473 2523
2523 2524 2521
2521 2524 2525
2525 2520 2521
2525 2526 2520
2526 2519 2520
2526 2527 2519
2528 2519 2527
2528 2527 2529
2523 2473 2530
2531 2523 2530
2473 2532 2530
2533 2534 2532
2533 2535 2534
2536 2537 2538
2536 2538 2539
2539 2540 2536
2539 2541 2540
2542 2540 2541
2542 2541 2543
2543 2544 2542
2543 2545 2544
2545 2546 2544
2545 2547 2546
2548 2546 2547
2548 2547 2549
2550 2548 2549
2550 2549 1942
2549 2551 1942
1942 2551 1943
2547 2552 2549
2549 2552 2551
1943 2551 2553
2552 2553 2551
2547 2554 2552
2554 2547 2545
1943 2553 2555
2556 1943 2555
2556 2555 1953
2553 2557 2555
2552 2558 2553
2553 2558 2557
2554 2558 2552
2557 2558 2559
2554 2559 2558
2557 2559 2560
2554 2545 2561
2561 2559 2554
2562 2561 2545
2562 2545 2543
2561 2563 2559
2562 2563 2561
2563 2564 2559
2563 2565 2564
2566 2562 2543
2566 2543 2541
2562 2567 2563
2566 2567 2562
2568 2563 2567
2568 2567 2569
2570 2569 2567
2570 2567 2571
2566 2571 2567
2566 2572 2571
2541 2573 2566
2566 2573 2572
2541 2539 2573
2539 2574 2573
2539 2538 2574
2573 2575 2572
2573 2574 2575
2574 2538 2576
2577 2576 2538
2577 2578 2576
2579 2576 2578
2579 2580 2576
2574 2576 2581
2581 2575 2574
2581 2576 2582
2583 2582 2579
2583 2003 2582
2002 2582 2003
2581 2582 2002
2002 2000 2581
2581 2000 2575
2000 2001 2575
2001 2572 2575
2001 2584 2572
2585 2572 2584
2585 2584 2570
2586 2587 2588
2586 2589 2587
2587 2589 2590
2587 2590 2591
2592 2591 2590
2592 2593 2591
2593 2592 2594
2593 2595 2591
2593 2594 2596
2597 2596 2594
2597 2598 2596
2593 2599 2595
2599 2593 2596
2599 2600 2595
2598 2601 2596
2599 2596 2601
2598 2602 2601
2599 2603 2600
2603 2599 2601
2602 2604 2601
2603 2601 2604
2602 2605 2604
2604 2606 2603
2605 2607 2604
2604 2607 2606
2605 2608 2607
2609 2607 2608
2609 2608 2610
2610 2611 2609
2610 2612 2611
2612 2613 2611
2612 2614 2613
2613 2614 2615
2616 2607 2609
2616 2606 2607
2617 2616 2609
2617 2609 2618
2618 2613 2619
2618 2619 2617
2620 2606 2616
2621 2620 2616
2621 2616 2617
2620 2622 2606
2623 2606 2622
2623 2622 2600
2617 2624 2621
2617 2619 2624
2619 2625 2624
2619 2626 2625
2626 2619 2613
2627 2625 2626
2626 2613 2628
2613 2615 2628
2627 2626 2629
2630 2627 2629
2631 2628 2615
2631 2615 2632
2626 2628 2633
2633 2628 2631
2626 2633 2629
2633 2631 2634
2635 2633 2634
2633 2635 2629
2635 2634 2636
2630 2629 2637
2637 2629 2635
2637 2638 2630
2636 2639 2635
2637 2635 2639
2636 2640 2639
2639 2640 2641
2639 2641 2642
2637 2639 2642
2643 2642 2641
2637 2644 2638
2637 2642 2644
2644 2645 2638
2643 2646 2642
2644 2642 2646
2644 2647 2645
2644 2646 2647
2648 2645 2647
2648 2647 2649
2646 2649 2647
2650 2648 2649
2650 2649 2651
2643 2652 2646
2646 2652 2649
2651 2649 2652
2643 2653 2652
2651 2652 2654
2653 2654 2652
2653 2655 2654
2656 2657 2658
2656 2658 2659
2659 2660 2656
2659 2661 2660
2658 2662 2663
2658 2663 2664
2663 2665 2664
2663 2666 2665
2667 2662 2668
2667 2668 2669
2669 2670 2667
2669 2671 2670
2672 2673 2668
2672 2668 2674
2675 2673 2676
2675 2676 2677
2674 2678 2676
2677 2676 2678
2677 2678 2679
2674 2680 2678
2681 2680 2682
2681 2682 2683
2684 2681 2683
2684 2683 2685
2686 2687 2682
2686 2688 2687
2689 2687 2688
2689 2688 2690
2691 2688 2686
2691 2692 2688
2693 2688 2692
2692 2691 2694
2693 2692 2695
2692 2694 2696
2695 2692 2696
2696 2694 2697
2695 2696 2698
2696 2697 2699
2698 2696 2699
2698 2699 2700
2701 2702 2703
2701 2703 2704
2705 2701 2704
2705 2704 2706
2707 2705 2706
2707 2706 2708
2706 2704 2709
2704 2703 2709
2708 2706 2710
2708 2710 2711
2710 2712 2711
2706 2709 2713
2710 2714 2712
2714 2713 2709
2714 1605 2712
2714 2715 1605
1605 2715 1604
2714 2709 2716
2715 2714 2716
2717 1604 2715
2715 2716 2717
2717 1606 1604
2718 2716 2709
2718 2709 2703
2717 2716 2718
2719 1606 2717
2717 2718 2719
2719 1608 1606
2718 2703 2720
2721 2720 2703
2721 2722 2720
2723 1608 2719
2723 1641 1608
1683 1641 2723
2724 2719 2718
2724 2723 2719
1683 2723 2724
2718 2720 2724
1683 2724 1682
1682 2724 2720
2722 2725 2720
1682 2720 2725
2722 2726 2725
1678 1682 2725
2726 2727 2725
1678 2725 2727
2726 2728 2727
2729 1679 1678
2729 1697 1679
2728 1697 2729
2728 2730 1697
2731 2732 2733
2731 2733 2734
2734 2733 2735
2734 2735 2736
2737 2736 2735
2738 2737 2735
2739 2736 2737
2736 2739 2740
2741 2736 2740
2741 2742 2736
2743 2731 2742
2743 2742 2741
2739 2737 2744
2737 2745 2744
2737 2746 2745
2738 2746 2747
2738 2748 2746
2749 2748 2738
2749 2750 2748
2751 2750 2749
2751 2752 2750
2753 2751 2749
2753 2749 2754
2754 2755 2738
2754 2738 2756
2757 2744 2745
2757 2745 2758
2758 2759 2757
2758 2760 2759
2759 2760 2761
2744 2757 2762
2757 2759 2763
2757 2763 2762
2759 2761 2764
2763 2759 2764
2744 2762 2765
2739 2744 2765
2761 2766 2764
2761 2767 2766
2768 2766 2767
2762 2763 2769
2763 2764 2770
2769 2763 2770
2764 2771 2770
2764 2766 2771
2765 2762 2772
2762 2769 2772
2765 2772 2773
2772 2769 2774
2772 2774 2775
2773 2772 2775
2769 2770 2776
2776 2770 2771
2777 2769 2776
2778 2765 2773
2778 2739 2765
2779 2775 2777
2777 2776 2779
2739 2778 2780
2739 2780 2740
2781 2740 2780
2781 2782 2740
2782 2781 2783
2782 2783 2743
2784 2783 2781
2784 2781 2785
2785 2781 2780
2786 2784 2785
2778 2787 2780
2785 2780 2787
2786 2785 2788
2788 2785 2787
2789 2786 2788
2789 2788 2790
2778 2791 2787
2773 2791 2778
2788 2787 2792
2792 2787 2791
2790 2788 2792
2792 2791 2793
2793 2791 2773
2793 2794 2792
2793 2795 2794
2793 2773 2795
2790 2792 2796
2795 2773 2797
2773 2775 2797
2797 2775 2798
2779 2798 2775
2779 2799 2798
2799 2779 2776
2797 2798 2800
2800 2798 2799
2795 2797 2801
2797 2800 2801
2802 2796 2795
2802 2795 2801
2796 2803 2790
2796 2802 2803
2790 2803 2804
2790 2804 2805
2799 2776 2806
2776 2771 2806
2771 2807 2806
2808 2799 2806
2800 2799 2808
2808 2806 2807
2801 2800 2809
2801 2809 2802
2808 2809 2800
2802 2810 2803
2802 2809 2810
2808 2811 2809
2807 2812 2808
2813 2812 2811
2814 2803 2810
2814 2815 2803
2816 2814 2810
2809 2817 2810
2816 2810 2817
2809 2811 2817
2817 2818 2816
2811 2819 2817
2817 2819 2818
2811 2812 2819
2820 2818 2819
2821 2819 2812
2820 2819 2821
2821 2812 2822
2812 2807 2822
2823 2820 2821
2823 2821 2822
2823 2824 2820
2822 2807 2825
2823 2822 2825
2826 2824 2823
2826 2827 2824
2823 2825 2828
2825 2807 2828
2823 2828 2826
2829 2827 2826
2829 2830 2827
2828 2807 2831
2771 2831 2807
2766 2831 2771
2832 2826 2828
2828 2831 2832
2832 2829 2826
2766 2833 2831
2768 2833 2766
2834 2831 2833
2834 2829 2832
2832 2835 2834
2830 2829 2836
2834 2836 2829
2830 2836 2837
2834 2833 2838
2838 2836 2839
2840 2833 2768
2838 2833 2840
2840 2768 2841
2838 2842 2836
2840 2842 2838
2843 2836 2842
2843 2842 2844
2840 2845 2842
2844 2842 2845
2841 2845 2846
2844 2845 2847
2841 2848 2845
2845 2849 2847
2845 2848 2849
2850 2851 2852
2852 2853 2854
2855 2854 2853
2855 2856 2854
2854 2856 2857
2858 2854 2857
2853 2859 2855
2858 2860 2853
2853 2860 2859
2851 2860 2858
2861 2859 2860
2861 2860 2851
2862 2863 2851
2862 2864 2863
2862 2851 2865
2864 2862 2866
2862 2865 2866
2864 2866 2867
2866 2865 2868
2869 2867 2866
2869 2866 2868
2869 2870 2867
2869 2871 2870
2872 2869 2868
2869 2872 2871
2872 2868 2873
2871 2872 2874
2874 2872 2873
1903 2875 2876
1903 2877 2875
1905 2877 1903
1905 2878 2877
2878 1905 1869
2879 2877 2878
2879 2880 2877
2879 1848 2880
2879 2878 2881
2882 2878 1869
2882 1869 1825
1825 2883 2881
1825 1824 2883
1824 1831 2883
2883 1831 1837
2879 2884 1848
2882 2884 2879
2882 2883 2884
2883 1837 2884
2884 1837 1848
2885 2886 2887
2887 2886 2888
2887 2888 2889
2890 2889 2888
2890 2891 2889
2892 2891 2893
2892 2893 2894
2894 2895 2892
2894 2896 2895
2897 2895 2896
2898 2899 2900
2899 2901 2900
2899 2902 2901
2902 2903 2901
2902 2904 2903
2905 2903 2904
2905 2904 2906
2907 2905 2906
2907 2906 2908
2909 2907 2908
2909 2908 2910
2911 2909 2910
2911 2910 2912
2913 2911 2912
2913 2912 2914
2915 2913 2914
2915 2914 2916
2917 2915 2916
2918 2919 2920
2918 2920 2921
2921 2920 2922
2921 2922 2923
2922 2924 2923
2922 2925 2924
2925 2926 2924
2925 2927 2926
2928 2926 2927
2928 2927 2929
2929 2930 2928
2929 2931 2930
2931 2932 2930
2931 2933 2932
2933 2934 2932
2933 2935 2934
2935 2936 2934
2935 2937 2936
2938 2936 2937
2937 2939 2938
2935 2939 2937
2935 2940 2939
2941 2940 2935
2941 2935 2933
2933 2942 2941
2933 2931 2942
2931 2943 2942
2931 2929 2943
2929 2944 2943
2929 2927 2944
2927 2945 2944
2927 2925 2945
2925 2946 2945
2925 2922 2946
2922 2947 2946
2922 2948 2947
2949 2947 2948
2949 2948 2950
2951 2949 2950
2952 2951 2950
2950 2953 2952
2954 2955 2956
2954 2957 2955
2957 2958 2955
2957 2959 2958
2958 2959 2960
2958 2960 2961
2961 2960 2962
2961 2962 2963
2964 2963 2962
2964 2965 2963
2965 2964 2966
2965 2966 2967
2967 2966 2968
2967 2968 2969
2969 2968 2970
2969 2970 2971
2971 2970 2972
2971 2972 2973
2974 2973 2972
2973 2974 2975
2971 2973 2975
2971 2975 2976
2977 2971 2976
2977 2969 2971
2969 2977 2978
2969 2978 2967
2967 2978 2979
2967 2979 2965
2965 2979 2980
2965 2980 2963
2963 2980 2981
2963 2981 2961
2961 2981 2982
2961 2982 2958
2958 2982 2983
2958 2983 2984
2985 2984 2983
2985 2986 2984
2987 2986 2985
2988 2986 2987
2986 2988 2989
2990 2991 2992
2990 2993 2991
2993 2994 2991
2993 2995 2994
2996 2994 2995
2996 2997 2994
2998 2997 2996
2997 2999 2994
2994 2999 3000
3000 2999 3001
3002 2999 2997
2998 3002 2997
3001 2999 3003
3004 2990 3001
3004 3001 3003
3002 2998 3005
3006 3004 3003
3002 3005 3007
3007 2999 3002
3007 3005 3008
3006 3003 3009
3003 2999 3009
3010 3006 3009
3007 3008 3011
3011 2999 3007
3012 3011 3008
3010 3009 3013
3009 2999 3013
3013 3014 3010
3012 3015 3011
3015 2999 3011
3016 3015 3012
3017 2999 3015
3018 2999 3017
3013 2999 3019
3013 3019 3014
3016 3020 3015
3021 3020 3016
3021 3018 3020
3019 3022 3014
3023 3018 3021
3019 3024 3022
3019 2999 3024
3024 2999 3025
3025 2999 3026
3023 3027 3018
3027 2999 3018
3028 3027 3023
3028 3029 3027
3029 2999 3027
3030 3029 3028
3026 2999 3031
3031 2999 3029
3030 3031 3029
3032 3026 3031
3032 3031 3030
3033 3022 3034
3033 3034 3035
3035 3036 3033
3035 3037 3036
3038 3039 3040
3041 3038 3040
3042 3041 3040
3043 3042 3040
3044 3043 3040
3045 3044 3040
3046 3045 3040
3047 3048 3049
3048 3050 3049
3050 3051 3049
3051 3052 3049
3052 3053 3049
3054 3055 3056
3054 3056 3057
3058 3057 3059
3058 3059 3060
3060 3056 3061
3062 3060 3061
3056 3063 3061
3064 3063 3054
3064 3065 3063
3063 3066 3061
3066 3067 3061
3068 3066 3064
3068 3069 3066
3067 3070 3061
3071 3070 3067
3071 3067 3072
3070 3073 3061
3073 3074 3061
3074 3075 3061
3075 3076 3061
3076 3077 3061
3077 3078 3061
3078 3079 3061
3079 3080 3061
3080 3081 3061
3081 3082 3061
3083 3082 3081
3083 3084 3082
3082 3085 3061
3084 3085 3086
3084 3087 3085
3085 3088 3061
3087 3088 3089
3087 3090 3088
3088 3091 3061
3091 3092 3090
3091 3090 3093
3091 3062 3061
3062 3094 3093
3062 3093 3095
3095 3096 3062
3095 3058 3096
3097 3098 3099
3097 3099 3100
3101 3097 3102
3101 3102 3103
3099 3104 3077
3099 3105 3104
3106 3103 3075
3106 3107 3103
3105 3108 3078
3105 3109 3108
3110 3107 3074
3110 3111 3107
3109 3112 3079
3109 3113 3112
3111 3073 3114
3111 3114 3071
3113 3083 3115
3113 3115 3080
3116 3117 3118
3119 3117 3116
3118 3117 3120
3121 3117 3119
3120 3117 3122
3123 3117 3121
3122 3117 3124
3125 3117 3123
3124 3117 3126
3127 3117 3125
3126 3117 3128
3129 3117 3127
3128 3117 3129
