byte offset: 0
first index: 73950
index count: 5031
topology: trianglelist
format: DXGI_FORMAT_R16_UINT

19687 19688 19689
19690 19691 19688
19690 19692 19691
19692 19690 19693
19694 19692 19693
19694 19693 19695
19694 19695 19696
19694 19696 19697
19697 19696 19698
19697 19698 19699
19698 19700 19699
19700 19698 19701
19700 19701 19702
19701 19703 19704
19701 19705 19703
19703 19705 19706
19703 19706 19707
19708 19707 19706
19708 19706 19709
19708 19709 19710
19708 19710 19711
19712 19711 19710
19712 19710 19713
19714 19712 19713
19714 19715 19712
19715 19714 19716
19715 19716 19717
19717 19716 19718
19717 19718 19719
19720 19719 19718
19720 19718 19721
19722 19720 19721
19722 19721 19723
19724 19722 19723
19724 19725 19726
19724 19727 19725
19725 19728 19726
19725 19727 19729
19727 19730 19729
19730 19731 19729
19731 19732 19729
19731 19733 19732
19729 19734 19725
19732 19734 19729
19735 19725 19734
19725 19736 19728
19735 19736 19725
19736 19737 19728
19738 19728 19737
19735 19739 19736
19736 19739 19737
19735 19740 19739
19740 19741 19739
19742 19739 19741
19742 19737 19739
19738 19737 19743
19744 19738 19743
19745 19744 19743
19737 19742 19746
19737 19746 19743
19742 19747 19746
19743 19746 19748
19748 19745 19743
19749 19746 19747
19749 19748 19746
19750 19749 19747
19749 19750 19751
19749 19751 19752
19748 19749 19752
19752 19751 19753
19751 19754 19753
19752 19753 19755
19748 19752 19756
19756 19752 19755
19757 19748 19756
19757 19745 19748
19755 19758 19756
19758 19757 19756
19755 19759 19758
19758 19759 19760
19757 19758 19760
19760 19761 19757
19745 19757 19761
19760 19762 19761
19745 19761 19763
19745 19763 19764
19765 19764 19763
19762 19766 19761
19762 19767 19766
19766 19767 19768
19761 19769 19763
19763 19769 19765
19761 19766 19769
19766 19768 19770
19769 19766 19770
19769 19771 19765
19771 19772 19765
19771 19769 19773
19769 19770 19773
19768 19774 19770
19768 19775 19774
19776 19774 19775
19772 19771 19777
19771 19773 19777
19770 19774 19778
19770 19778 19773
19776 19779 19774
19779 19778 19774
19773 19778 19780
19773 19780 19777
19772 19777 19781
19772 19781 19782
19781 19783 19782
19777 19784 19781
19781 19784 19783
19777 19780 19784
19776 19785 19779
19776 19786 19785
19787 19785 19786
19779 19788 19778
19788 19780 19778
19785 19788 19779
19787 19789 19785
19789 19787 19790
19788 19791 19780
19791 19784 19780
19785 19792 19788
19789 19792 19785
19792 19791 19788
19793 19783 19784
19794 19783 19793
19789 19790 19795
19796 19795 19790
19789 19797 19792
19797 19789 19795
19792 19798 19791
19797 19798 19792
19791 19799 19784
19799 19793 19784
19798 19799 19791
19800 19794 19793
19799 19800 19793
19800 19801 19794
19802 19800 19799
19798 19803 19799
19803 19802 19799
19797 19804 19798
19804 19803 19798
19797 19795 19805
19804 19797 19805
19806 19805 19795
19796 19806 19795
19796 19807 19806
19796 19808 19807
19807 19808 19809
19806 19810 19805
19807 19810 19806
19804 19805 19811
19810 19811 19805
19804 19812 19803
19812 19804 19811
19807 19809 19813
19813 19809 19814
19807 19815 19810
19815 19807 19813
19810 19816 19811
19815 19816 19810
19812 19817 19803
19803 19817 19802
19812 19811 19818
19816 19818 19811
19812 19819 19817
19819 19812 19818
19817 19820 19802
19817 19821 19820
19820 19822 19802
19802 19822 19823
19823 19822 19801
19817 19824 19821
19819 19824 19817
19819 19825 19824
19826 19825 19819
19826 19819 19827
19819 19818 19827
19827 19828 19826
19829 19828 19827
19830 19827 19818
19816 19830 19818
19829 19827 19831
19830 19831 19827
19832 19829 19831
19833 19832 19831
19830 19833 19831
19834 19832 19833
19834 19833 19835
19836 19834 19835
19837 19836 19835
19835 19833 19838
19838 19833 19830
19837 19835 19838
19839 19830 19816
19838 19830 19839
19840 19837 19838
19840 19838 19839
19841 19837 19840
19841 19840 19842
19842 19840 19839
19841 19842 19843
19842 19844 19843
19839 19816 19845
19842 19839 19845
19815 19845 19816
19815 19842 19845
19842 19815 19844
19815 19813 19844
19846 19844 19813
19847 19844 19846
19846 19813 19848
19813 19814 19848
19847 19846 19849
19850 19847 19849
19814 19851 19848
19814 19852 19851
19851 19852 19853
19854 19846 19848
19854 19848 19851
19849 19846 19854
19849 19854 19855
19856 19849 19855
19856 19857 19849
19850 19849 19857
19851 19853 19858
19853 19859 19858
19853 19860 19859
19860 19861 19859
19859 19861 19862
19859 19862 19863
19864 19859 19863
19865 19851 19858
19865 19866 19855
19867 19855 19866
19857 19867 19868
19850 19857 19868
19864 19869 19859
19869 19864 19870
19869 19871 19859
19858 19859 19871
19871 19869 19870
19865 19858 19872
19858 19871 19872
19873 19865 19872
19871 19873 19872
19874 19871 19870
19870 19875 19874
19874 19875 19876
19877 19874 19876
19877 19878 19874
19879 19878 19877
19879 19877 19880
19881 19879 19880
19881 19880 19882
19882 19883 19881
19884 19883 19882
19885 19886 19882
19886 19885 19887
19888 19884 19887
19888 19887 19889
19890 19889 19887
19891 19889 19890
19892 19888 19889
19891 19892 19889
19893 19892 19891
19893 19894 19892
19895 19894 19893
19895 19896 19894
19897 19896 19895
19897 19898 19896
19899 19898 19897
19899 19900 19898
19901 19899 19902
19903 19901 19902
19901 19903 19904
19901 19905 19899
19905 19906 19899
19714 19906 19905
19733 19714 19905
19733 19905 19901
19733 19901 19732
19732 19901 19904
19732 19904 19907
19904 19735 19907
19908 19909 19910
19908 19911 19909
19912 19911 19908
19912 19908 19913
19914 19912 19913
19909 19911 19915
19909 19915 19916
19915 19917 19916
19914 19918 19912
19919 19918 19914
19920 19911 19912
19920 19915 19911
19920 19912 19918
19919 19921 19918
19922 19921 19919
19915 19923 19917
19924 19915 19920
19924 19923 19915
19920 19918 19925
19925 19924 19920
19918 19921 19926
19918 19926 19925
19922 19927 19921
19927 19926 19921
19917 19923 19928
19917 19928 19929
19928 19930 19929
19931 19923 19924
19931 19928 19923
19925 19932 19924
19926 19932 19925
19931 19924 19932
19933 19927 19922
19933 19922 19934
19935 19933 19934
19928 19936 19930
19937 19928 19931
19937 19936 19928
19930 19936 19938
19930 19938 19939
19938 19940 19939
19931 19932 19941
19941 19937 19931
19932 19942 19941
19943 19936 19937
19943 19938 19936
19941 19944 19937
19942 19944 19941
19943 19937 19944
19932 19945 19942
19926 19945 19932
19946 19945 19926
19927 19946 19926
19947 19946 19927
19948 19946 19947
19947 19927 19933
19946 19949 19945
19948 19949 19946
19945 19949 19950
19945 19950 19942
19950 19949 19948
19951 19947 19933
19935 19951 19933
19952 19948 19947
19951 19952 19947
19953 19951 19935
19953 19935 19954
19955 19952 19951
19955 19951 19953
19956 19953 19954
19956 19954 19957
19957 19958 19956
19956 19959 19953
19958 19959 19956
19960 19953 19959
19960 19955 19953
19957 19961 19958
19962 19961 19957
19963 19961 19962
19958 19961 19963
19963 19962 19964
19963 19964 19965
19958 19963 19966
19967 19958 19966
19958 19968 19959
19967 19968 19958
19968 19960 19959
19967 19969 19968
19968 19969 19960
19967 19970 19969
19971 19955 19960
19969 19971 19960
19970 19972 19969
19969 19972 19971
19970 19973 19972
19973 19974 19972
19973 19975 19974
19971 19976 19955
19976 19952 19955
19972 19977 19971
19972 19974 19977
19978 19977 19974
19979 19974 19975
19978 19974 19979
19979 19975 19980
19971 19977 19981
19971 19981 19976
19981 19977 19978
19980 19982 19979
19982 19978 19979
19980 19983 19982
19984 19982 19983
19976 19985 19952
19952 19985 19948
19986 19985 19976
19986 19976 19981
19948 19985 19986
19987 19982 19984
19987 19978 19982
19984 19988 19987
19984 19989 19988
19988 19989 19990
19988 19990 19991
19981 19978 19992
19986 19981 19992
19948 19986 19993
19950 19948 19993
19978 19987 19994
19978 19994 19992
19986 19992 19995
19986 19995 19993
19995 19992 19994
19987 19996 19994
19987 19988 19996
19995 19994 19997
19993 19995 19997
19996 19997 19994
19998 19950 19993
19942 19950 19998
19993 19997 19999
19998 19993 19999
19996 20000 19997
19997 20000 19999
19988 20001 19996
20001 20000 19996
19998 20002 19942
19999 20002 19998
20000 20003 19999
19999 20003 20002
20004 19942 20002
19942 20004 19944
19988 20005 20001
19988 19991 20005
20006 20005 19991
20001 20005 20006
20006 19991 20007
20001 20008 20000
20000 20008 20003
20009 20008 20001
20001 20006 20009
20007 20010 20006
20007 20011 20010
20009 20012 20008
20008 20012 20003
20006 20013 20009
20006 20010 20013
20013 20012 20009
20014 20010 20011
20013 20010 20014
20014 20011 20015
20015 20016 20014
20015 20017 20016
20017 20018 20016
20017 20019 20018
20019 20020 20018
20019 20021 20020
20022 20020 20021
20018 20020 20023
20023 20020 20022
20016 20018 20024
20018 20023 20024
20014 20016 20025
20016 20024 20025
20013 20014 20026
20014 20025 20026
20026 20027 20013
20013 20027 20012
20025 20028 20026
20026 20028 20027
20012 20027 20029
20012 20029 20003
20027 20030 20029
20027 20028 20030
20031 20003 20029
20030 20031 20029
20031 20002 20003
20004 20002 20031
20025 20032 20028
20024 20032 20025
20028 20033 20030
20028 20032 20033
20030 20034 20031
20031 20034 20004
20033 20034 20030
20024 20035 20032
20032 20036 20033
20032 20035 20036
20037 20036 20035
20038 20035 20024
20037 20035 20038
20038 20024 20023
20033 20036 20039
20037 20039 20036
20033 20040 20034
20033 20039 20040
20034 20041 20004
20034 20040 20041
20040 20039 20042
20040 20042 20041
20039 20043 20042
20037 20043 20039
20042 20044 20041
20044 20004 20041
20044 19944 20004
19943 19944 20044
20045 20038 20023
20037 20038 20045
20044 20046 19943
20046 19938 19943
20042 20047 20044
20044 20047 20046
20046 20048 19938
19938 20048 19940
20049 20046 20047
20049 20048 20046
19940 20048 20050
20049 20050 20048
19940 20050 20051
20050 20052 20051
20050 20053 20052
20050 20054 20053
20050 20049 20054
20049 20047 20055
20054 20049 20055
20055 20047 20042
20054 20055 20056
20057 20056 20055
20057 20058 20056
20057 20055 20059
20055 20042 20059
20060 20058 20057
20059 20060 20057
20060 20061 20058
20062 20061 20060
20062 20063 20061
20064 20063 20062
20064 20062 20065
20066 20064 20065
20066 20065 20067
20068 20066 20067
20068 20067 20069
20069 20067 20070
20070 20067 20065
20069 20070 20071
20072 20065 20062
20070 20065 20072
20071 20070 20073
20073 20070 20072
20071 20073 20074
20073 20075 20074
20060 20076 20062
20072 20062 20076
20073 20077 20075
20078 20075 20077
20073 20072 20079
20079 20072 20076
20077 20073 20079
20060 20080 20076
20059 20080 20060
20081 20080 20059
20076 20080 20081
20081 20059 20042
20079 20076 20082
20076 20081 20082
20081 20083 20082
20081 20084 20083
20042 20084 20081
20085 20079 20082
20077 20079 20085
20085 20082 20083
20086 20084 20042
20083 20084 20086
20043 20086 20042
20087 20086 20043
20083 20086 20087
20087 20043 20037
20088 20077 20085
20078 20077 20088
20089 20087 20037
20045 20089 20037
20088 20085 20090
20090 20085 20083
20091 20078 20088
20091 20088 20090
20091 20092 20078
20093 20083 20087
20089 20093 20087
20094 20090 20083
20091 20090 20094
20093 20094 20083
20091 20094 20093
20092 20091 20095
20091 20093 20095
20095 20093 20089
20092 20095 20096
20095 20089 20097
20096 20095 20097
20097 20089 20045
20096 20097 20098
20097 20045 20099
20098 20097 20099
20045 20023 20099
20098 20099 20022
20023 20022 20099
20100 20101 20102
20100 20102 20103
20104 20100 20103
20104 20105 20100
20106 20105 20104
20102 20107 20103
20102 20108 20107
20107 20108 20109
20106 20104 20110
20111 20106 20110
20112 20104 20103
20112 20103 20107
20112 20110 20104
20111 20110 20113
20114 20111 20113
20107 20109 20115
20116 20112 20107
20116 20107 20115
20112 20117 20110
20117 20112 20116
20110 20118 20113
20110 20117 20118
20114 20113 20119
20119 20113 20118
20109 20120 20115
20109 20121 20120
20120 20121 20122
20123 20116 20115
20123 20115 20120
20117 20116 20124
20118 20117 20124
20123 20124 20116
20125 20114 20119
20125 20126 20114
20127 20126 20125
20120 20122 20128
20129 20123 20120
20129 20120 20128
20122 20130 20128
20122 20131 20130
20130 20131 20132
20123 20133 20124
20133 20123 20129
20124 20133 20134
20135 20129 20128
20135 20128 20130
20133 20129 20136
20134 20133 20136
20135 20136 20129
20124 20134 20137
20118 20124 20137
20138 20118 20137
20119 20118 20138
20139 20119 20138
20140 20139 20138
20139 20125 20119
20138 20137 20141
20140 20138 20141
20137 20142 20141
20137 20134 20142
20142 20140 20141
20143 20125 20139
20127 20125 20143
20144 20139 20140
20143 20139 20144
20145 20127 20143
20145 20146 20127
20147 20143 20144
20147 20145 20143
20148 20146 20145
20148 20149 20146
20149 20148 20150
20148 20145 20151
20150 20148 20151
20152 20151 20145
20152 20145 20147
20149 20150 20153
20154 20149 20153
20155 20154 20153
20150 20155 20153
20155 20156 20154
20155 20157 20156
20150 20158 20155
20159 20158 20150
20150 20151 20160
20159 20150 20160
20160 20151 20152
20159 20160 20161
20160 20152 20161
20159 20161 20162
20163 20152 20147
20161 20152 20163
20162 20161 20164
20161 20163 20164
20162 20164 20165
20165 20164 20166
20165 20166 20167
20163 20147 20168
20168 20147 20144
20164 20163 20169
20164 20169 20166
20170 20166 20169
20171 20167 20166
20170 20171 20166
20171 20172 20167
20163 20173 20169
20163 20168 20173
20173 20170 20169
20172 20171 20174
20174 20171 20170
20172 20174 20175
20176 20175 20174
20168 20144 20177
20144 20140 20177
20178 20168 20177
20178 20173 20168
20140 20178 20177
20179 20176 20174
20179 20174 20170
20176 20179 20180
20176 20180 20181
20180 20182 20181
20180 20183 20182
20173 20184 20170
20178 20184 20173
20140 20185 20178
20142 20185 20140
20170 20186 20179
20170 20184 20186
20178 20187 20184
20178 20185 20187
20187 20186 20184
20179 20186 20188
20179 20188 20180
20187 20189 20186
20185 20189 20187
20188 20186 20189
20190 20185 20142
20134 20190 20142
20185 20191 20189
20190 20191 20185
20188 20189 20192
20189 20191 20192
20180 20188 20193
20193 20188 20192
20190 20134 20194
20191 20190 20194
20192 20191 20195
20191 20194 20195
20196 20194 20134
20134 20136 20196
20180 20193 20197
20180 20197 20183
20198 20183 20197
20193 20198 20197
20198 20199 20183
20193 20192 20200
20192 20195 20200
20201 20193 20200
20193 20201 20198
20199 20198 20202
20199 20202 20203
20201 20200 20204
20200 20195 20204
20198 20201 20205
20198 20205 20202
20205 20201 20204
20206 20203 20202
20205 20206 20202
20206 20207 20203
20207 20206 20208
20207 20208 20209
20209 20208 20210
20209 20210 20211
20211 20210 20212
20211 20212 20213
20214 20213 20212
20210 20215 20212
20215 20214 20212
20208 20216 20210
20210 20216 20215
20206 20217 20208
20208 20217 20216
20205 20218 20206
20206 20218 20217
20218 20205 20219
20205 20204 20219
20217 20218 20220
20218 20219 20220
20204 20221 20219
20204 20195 20221
20219 20221 20222
20219 20222 20220
20223 20221 20195
20222 20221 20223
20223 20195 20194
20196 20223 20194
20217 20220 20224
20216 20217 20224
20220 20222 20225
20220 20225 20224
20222 20223 20226
20223 20196 20226
20225 20222 20226
20216 20224 20227
20224 20225 20228
20224 20228 20227
20229 20227 20228
20230 20216 20227
20229 20230 20227
20230 20215 20216
20225 20231 20228
20229 20228 20231
20225 20226 20232
20225 20232 20231
20226 20196 20233
20226 20233 20232
20232 20234 20231
20232 20233 20234
20231 20234 20235
20229 20231 20235
20234 20233 20236
20236 20233 20196
20236 20196 20136
20135 20236 20136
20237 20215 20230
20229 20237 20230
20236 20135 20238
20238 20135 20130
20234 20236 20239
20236 20238 20239
20238 20130 20240
20130 20132 20240
20241 20239 20238
20241 20238 20240
20132 20242 20240
20241 20240 20242
20132 20243 20242
20242 20243 20244
20242 20244 20245
20242 20245 20246
20242 20246 20241
20241 20247 20239
20246 20247 20241
20247 20234 20239
20246 20248 20247
20249 20247 20248
20249 20248 20250
20249 20251 20247
20247 20251 20234
20252 20249 20250
20251 20249 20252
20252 20250 20253
20254 20252 20253
20254 20253 20255
20256 20254 20255
20256 20257 20254
20258 20257 20256
20258 20259 20257
20260 20259 20258
20260 20261 20259
20261 20262 20259
20262 20257 20259
20261 20263 20262
20264 20254 20257
20262 20264 20257
20263 20265 20262
20265 20264 20262
20263 20266 20265
20265 20266 20267
20252 20254 20268
20264 20268 20254
20265 20267 20269
20270 20269 20267
20265 20271 20264
20271 20268 20264
20269 20271 20265
20252 20268 20272
20251 20252 20272
20273 20251 20272
20268 20273 20272
20273 20234 20251
20271 20274 20268
20268 20274 20273
20273 20274 20275
20273 20275 20276
20234 20273 20276
20277 20274 20271
20269 20277 20271
20277 20275 20274
20278 20234 20276
20275 20278 20276
20235 20234 20278
20279 20235 20278
20275 20279 20278
20279 20229 20235
20280 20277 20269
20270 20280 20269
20281 20229 20279
20237 20229 20281
20280 20282 20277
20282 20275 20277
20283 20280 20270
20283 20282 20280
20283 20270 20284
20285 20279 20275
20281 20279 20285
20286 20275 20282
20283 20286 20282
20285 20275 20286
20283 20285 20286
20284 20287 20283
20283 20287 20285
20287 20281 20285
20284 20288 20287
20287 20289 20281
20288 20289 20287
20289 20237 20281
20288 20290 20289
20289 20291 20237
20290 20291 20289
20237 20291 20215
20290 20214 20291
20215 20291 20214
20292 20293 20294
20292 20294 20295
20295 20294 20296
20295 20296 20297
20297 20296 20298
20297 20298 20299
20299 20298 20300
20299 20300 20301
20301 20300 20302
20301 20302 20303
20303 20302 20304
20303 20304 20305
20305 20304 20306
20305 20306 20307
20307 20306 20308
20307 20308 20309
20309 20308 20310
20309 20310 20311
20311 20310 20312
20311 20312 20313
20313 20312 20314
20313 20314 20315
20315 20314 20316
20315 20316 20317
20317 20316 20318
20317 20318 20319
20319 20318 20320
20319 20320 20321
20321 20320 20322
20321 20322 20323
20323 20322 20324
20323 20324 20325
20326 20327 20328
20326 20328 20329
20328 20330 20329
20328 20331 20330
20332 20330 20331
20332 20331 20333
20334 20332 20333
20334 20335 20332
20336 20335 20334
20337 20338 20339
20337 20340 20338
20337 20341 20340
20337 20342 20341
20341 20342 20343
20343 20342 20344
20345 20344 20342
20343 20344 20346
20344 20347 20346
20348 20344 20345
20344 20348 20347
20349 20343 20346
20347 20349 20346
20348 20345 20350
20351 20348 20350
20352 20350 20345
20352 20351 20350
20351 20353 20348
20347 20348 20353
20352 20354 20351
20345 20355 20352
20345 20356 20355
20355 20356 20357
20358 20354 20352
20358 20352 20355
20358 20359 20354
20358 20355 20360
20355 20357 20361
20355 20361 20360
20357 20362 20361
20362 20360 20361
20357 20363 20362
20362 20364 20360
20362 20363 20365
20366 20364 20362
20362 20365 20367
20366 20362 20367
20368 20367 20365
20369 20366 20367
20368 20369 20367
20369 20370 20366
20369 20368 20371
20372 20370 20369
20372 20369 20371
20373 20370 20372
20374 20372 20371
20374 20373 20372
20373 20375 20370
20374 20376 20373
20377 20375 20373
20376 20377 20373
20378 20374 20371
20378 20371 20379
20371 20380 20379
20371 20381 20380
20380 20381 20382
20378 20383 20374
20383 20376 20374
20378 20384 20383
20383 20384 20385
20380 20382 20386
20387 20380 20386
20388 20386 20382
20388 20387 20386
20388 20389 20387
20388 20382 20390
20391 20389 20388
20392 20388 20390
20391 20388 20392
20392 20390 20393
20394 20391 20392
20394 20392 20393
20394 20393 20395
20394 20396 20391
20394 20395 20397
20396 20394 20398
20394 20397 20398
20396 20398 20399
20399 20398 20400
20399 20400 20401
20398 20397 20402
20403 20398 20402
20397 20404 20402
20405 20403 20402
20405 20402 20404
20405 20406 20403
20405 20404 20343
20407 20406 20405
20343 20408 20405
20408 20407 20405
20343 20409 20408
20349 20409 20343
20408 20409 20410
20409 20349 20410
20407 20408 20411
20408 20410 20411
20349 20412 20410
20349 20413 20412
20347 20413 20349
20414 20413 20347
20413 20415 20412
20413 20414 20415
20414 20347 20416
20347 20353 20416
20412 20417 20410
20410 20418 20411
20410 20417 20418
20418 20417 20419
20412 20420 20417
20415 20420 20412
20419 20417 20420
20421 20414 20416
20421 20416 20422
20416 20423 20422
20416 20353 20423
20414 20421 20424
20414 20424 20415
20425 20423 20353
20425 20353 20426
20425 20426 20354
20425 20354 20427
20424 20428 20415
20415 20428 20420
20424 20429 20428
20430 20427 20354
20354 20359 20430
20430 20431 20427
20432 20430 20359
20433 20431 20430
20432 20433 20430
20433 20434 20431
20435 20434 20433
20432 20436 20433
20435 20433 20436
20432 20437 20436
20438 20435 20436
20436 20437 20439
20438 20436 20440
20436 20439 20440
20441 20438 20440
20440 20439 20442
20441 20440 20443
20440 20442 20443
20444 20441 20443
20444 20443 20442
20444 20442 20445
20444 20445 20446
20447 20444 20446
20442 20448 20445
20442 20449 20448
20448 20449 20450
20451 20446 20445
20447 20446 20451
20445 20448 20452
20451 20445 20452
20448 20450 20453
20452 20448 20454
20454 20448 20453
20450 20455 20453
20450 20456 20455
20457 20455 20456
20457 20456 20458
20458 20459 20457
20459 20460 20457
20461 20457 20460
20453 20455 20462
20454 20453 20462
20455 20457 20462
20461 20463 20457
20464 20463 20461
20457 20465 20462
20457 20463 20465
20464 20466 20463
20463 20466 20465
20464 20370 20466
20370 20465 20466
20370 20375 20465
20375 20462 20465
20375 20454 20462
20377 20454 20375
20452 20454 20377
20467 20452 20377
20467 20451 20452
20376 20467 20377
20468 20451 20467
20447 20451 20468
20467 20376 20469
20383 20469 20376
20470 20447 20468
20470 20471 20447
20468 20467 20472
20467 20469 20472
20469 20383 20473
20383 20385 20473
20474 20471 20470
20474 20475 20471
20476 20474 20470
20477 20470 20468
20476 20470 20477
20477 20468 20472
20478 20476 20477
20479 20472 20469
20479 20477 20472
20478 20477 20479
20469 20473 20479
20480 20478 20479
20480 20479 20473
20385 20480 20473
20385 20481 20480
20407 20482 20483
20407 20484 20482
20407 20485 20484
20407 20411 20485
20411 20486 20485
20411 20418 20486
20485 20487 20484
20485 20486 20487
20486 20418 20488
20418 20419 20488
20489 20482 20484
20490 20489 20484
20490 20491 20489
20492 20491 20487
20489 20493 20482
20494 20482 20493
20494 20495 20482
20401 20495 20494
20401 20496 20495
20492 20487 20497
20498 20492 20497
20498 20497 20499
20500 20499 20497
20501 20500 20497
20501 20486 20500
20500 20502 20499
20486 20488 20500
20488 20502 20500
20488 20503 20502
20419 20503 20488
20419 20504 20503
20505 20504 20419
20505 20419 20506
20419 20420 20506
20506 20420 20428
20507 20505 20506
20506 20428 20508
20507 20506 20508
20429 20508 20428
20429 20509 20508
20509 20507 20508
20509 20510 20507
20511 20512 20513
20511 20513 20514
20511 20514 20515
20516 20514 20513
20517 20514 20516
20517 20516 20518
20516 20513 20519
20520 20519 20513
20520 20513 20521
20522 20520 20521
20522 20521 20523
20515 20514 20524
20525 20524 20518
20525 20526 20524
20527 20526 20525
20527 20528 20526
20515 20524 20529
20530 20526 20528
20531 20526 20530
20531 20530 20529
20530 20528 20532
20533 20530 20532
20529 20530 20533
20533 20532 20534
20535 20533 20534
20535 20534 20536
20537 20535 20536
20538 20515 20529
20539 20515 20538
20529 20533 20540
20540 20533 20535
20538 20529 20540
20537 20541 20535
20542 20541 20537
20543 20538 20540
20538 20543 20544
20544 20543 20545
20540 20535 20546
20543 20540 20546
20535 20547 20546
20535 20541 20547
20548 20543 20546
20545 20543 20548
20548 20546 20547
20542 20549 20541
20541 20550 20547
20541 20549 20550
20551 20549 20542
20551 20542 20552
20553 20549 20551
20553 20550 20549
20554 20550 20553
20555 20547 20550
20555 20548 20547
20554 20555 20550
20556 20548 20555
20545 20548 20556
20557 20545 20556
20558 20555 20554
20556 20555 20558
20558 20557 20556
20558 20554 20559
20559 20560 20558
20558 20560 20557
20559 20561 20560
20560 20561 20562
20560 20562 20563
20557 20560 20563
20564 20563 20562
20564 20565 20563
20564 20566 20565
20564 20567 20566
20568 20566 20567
20557 20569 20545
20545 20569 20570
20545 20570 20571
20570 20572 20571
20572 20538 20571
20573 20569 20557
20574 20569 20573
20573 20557 20575
20557 20563 20575
20575 20576 20573
20577 20575 20563
20575 20577 20576
20563 20578 20577
20579 20578 20566
20578 20579 20577
20580 20576 20577
20580 20581 20576
20577 20579 20582
20579 20566 20582
20577 20582 20580
20583 20581 20580
20583 20584 20581
20580 20582 20585
20566 20585 20582
20580 20585 20583
20583 20585 20586
20584 20583 20587
20583 20586 20587
20584 20587 20588
20566 20589 20585
20589 20586 20585
20568 20589 20566
20590 20589 20568
20589 20590 20586
20590 20568 20591
20592 20590 20591
20592 20593 20590
20586 20590 20593
20594 20593 20592
20594 20592 20595
20586 20593 20596
20596 20593 20594
20597 20594 20595
20597 20595 20598
20586 20596 20599
20586 20599 20600
20601 20599 20596
20601 20596 20602
20596 20594 20602
20597 20602 20594
20599 20603 20600
20599 20604 20603
20601 20604 20599
20604 20605 20603
20606 20597 20598
20606 20598 20607
20608 20606 20607
20597 20609 20602
20609 20601 20602
20610 20597 20606
20610 20609 20597
20608 20611 20606
20611 20610 20606
20604 20612 20605
20601 20612 20604
20613 20611 20608
20613 20608 20614
20615 20613 20614
20615 20614 20616
20617 20613 20615
20617 20618 20613
20618 20611 20613
20619 20618 20617
20618 20620 20611
20611 20620 20610
20619 20621 20618
20621 20620 20618
20622 20621 20619
20610 20620 20623
20621 20623 20620
20622 20624 20621
20623 20621 20624
20610 20623 20625
20625 20609 20610
20626 20624 20622
20626 20622 20627
20623 20624 20628
20628 20624 20626
20628 20625 20623
20628 20626 20629
20630 20628 20629
20625 20631 20609
20609 20631 20601
20628 20632 20625
20630 20632 20628
20631 20625 20632
20630 20633 20632
20631 20632 20633
20630 20634 20633
20633 20634 20635
20633 20635 20636
20637 20631 20633
20637 20601 20631
20635 20638 20636
20635 20639 20638
20637 20640 20601
20637 20641 20640
20640 20612 20601
20642 20638 20639
20639 20643 20642
20642 20644 20638
20645 20642 20643
20641 20646 20640
20646 20612 20640
20641 20647 20646
20646 20605 20612
20648 20646 20647
20649 20605 20646
20648 20649 20646
20649 20650 20605
20649 20648 20651
20652 20650 20649
20652 20649 20651
20653 20644 20642
20653 20654 20644
20655 20653 20642
20645 20655 20642
20655 20645 20656
20657 20654 20653
20657 20653 20655
20657 20658 20654
20657 20659 20658
20660 20659 20657
20657 20655 20661
20655 20656 20661
20660 20657 20661
20656 20660 20661
20656 20662 20660
20660 20662 20522
20522 20663 20660
20663 20664 20660
20664 20659 20660
20659 20665 20666
20659 20667 20665
20665 20667 20668
20669 20668 20667
20670 20667 20659
20669 20667 20670
20671 20670 20523
20671 20672 20670
20539 20672 20673
20674 20672 20572
20672 20674 20675
20675 20674 20676
20677 20675 20676
20678 20677 20676
20679 20677 20678
20679 20680 20677
20681 20680 20679
20681 20682 20680
20682 20681 20683
20682 20683 20684
20685 20686 20687
20685 20688 20686
20685 20652 20688
20689 20690 20691
20689 20691 20692
20691 20693 20692
20691 20694 20693
20694 20695 20693
20694 20696 20695
20696 20697 20695
20696 20698 20697
20698 20699 20697
20698 20700 20699
20700 20701 20699
20700 20702 20701
20701 20702 20703
20704 20703 20702
20704 20705 20703
20704 20706 20705
20705 20706 20707
20705 20707 20708
20707 20709 20708
20707 20710 20709
20710 20711 20709
20710 20712 20711
20712 20713 20711
20712 20714 20713
20714 20715 20713
20714 20716 20715
20717 20718 20719
20720 20719 20718
20721 20719 20720
20720 20718 20722
20723 20719 20721
20722 20718 20724
20723 20725 20719
20724 20718 20725
20726 20725 20723
20724 20725 20727
20727 20725 20726
20728 20729 20730
20728 20731 20729
20731 20732 20729
20731 20733 20732
20732 20733 20734
20732 20734 20735
20734 20736 20735
20734 20737 20736
20737 20738 20736
20737 20739 20738
20739 20740 20738
20739 20741 20740
20742 20743 20744
20742 20745 20743
20745 20746 20743
20745 20747 20746
20747 20748 20746
20747 20749 20748
20749 20750 20748
20749 20751 20750
20751 20752 20750
20751 20753 20752
20753 20754 20752
20753 20755 20754
20755 20756 20754
20755 20757 20756
20757 20758 20756
20757 20759 20758
20759 20760 20758
20759 20761 20760
20761 20762 20760
20761 20763 20762
20763 20764 20762
20763 20765 20764
20765 20766 20764
20765 20767 20766
20767 20768 20766
20767 20769 20768
20769 20770 20768
20769 20771 20770
20771 20772 20770
20771 20773 20772
20773 20774 20772
20773 20775 20774
20776 20777 20778
20777 20776 20779
20780 20777 20779
20780 20779 20781
20779 20782 20781
20783 20780 20781
20783 20781 20782
20783 20782 20784
20785 20783 20784
20784 20786 20785
20786 20784 20787
20786 20787 20788
20789 20788 20787
20789 20790 20788
20789 20791 20790
20789 20792 20791
20792 20793 20791
20792 20794 20793
20794 20795 20793
20794 20796 20795
20795 20796 20797
20795 20797 20798
20797 20799 20798
20797 20800 20799
20799 20800 20801
20799 20801 20802
20801 20803 20802
20801 20804 20803
20804 20805 20803
20806 20807 20808
20807 20809 20808
20807 20810 20809
20809 20810 20811
20809 20811 20812
20811 20813 20812
20811 20814 20813
20814 20815 20813
20816 20817 20818
20816 20818 20819
20818 20820 20819
20821 20820 20818
20818 20822 20821
20822 20818 20823
20823 20824 20822
20821 20825 20820
20822 20826 20821
20827 20826 20822
19868 20827 20822
20820 20825 20828
20824 20829 20822
20829 19868 20822
19850 20829 20824
19850 19868 20829
20820 20830 20819
20820 20828 20830
20819 20830 20831
20828 20831 20830
20819 20831 20832
20831 20828 20833
20828 20834 20833
20834 20835 20833
20835 20831 20833
20835 20834 20836
20837 20832 20831
20835 20837 20831
20837 20838 20832
20835 20836 20839
20837 20835 20839
20839 20836 20840
20838 20837 20841
20837 20839 20841
20838 20841 20842
20843 20842 20841
20839 20840 20844
20841 20839 20844
20844 20840 20845
20843 20841 20846
20841 20844 20846
20846 20844 20845
20847 20843 20846
20848 20846 20845
20847 20846 20848
20845 20849 20848
20850 20848 20849
20850 20847 20848
20850 20851 20847
20852 20851 20850
20852 20853 20851
20853 20852 20854
20854 20855 20853
20854 20856 20855
20855 20857 20853
20858 20855 20856
20859 20857 20855
20858 20859 20855
20860 20861 20862
20863 20861 20860
20862 20861 20864
20865 20861 20863
20864 20861 20866
20867 20861 20865
20866 20861 20868
20869 20861 20867
20868 20861 20870
20871 20861 20869
20870 20861 20872
20873 20861 20871
20872 20861 20874
20875 20861 20873
20874 20861 20876
20876 20861 20875
20877 20878 20879
20880 20878 20877
20879 20878 20881
20882 20878 20880
20881 20878 20883
20884 20878 20882
20883 20878 20885
20886 20878 20884
20885 20878 20887
20888 20878 20886
20887 20878 20889
20890 20878 20888
20889 20878 20891
20892 20878 20890
20891 20878 20893
20893 20878 20892
