byte offset: 0
first index: 44652
index count: 6702
topology: trianglelist
format: DXGI_FORMAT_R16_UINT

12859 12860 12861
12862 12863 12864
12865 12866 12867
12868 12869 12870
12871 12872 12873
12874 12872 12875
12875 12872 12876
12875 12876 12877
12878 12875 12877
12876 12879 12877
12876 12880 12879
12879 12880 12881
12878 12877 12882
12882 12877 12879
12879 12881 12883
12883 12881 12884
12878 12882 12885
12886 12878 12885
12886 12885 12887
12887 12888 12886
12886 12888 12889
12886 12889 12890
12891 12890 12889
12891 12889 12892
12893 12892 12889
12882 12879 12894
12885 12882 12894
12894 12879 12883
12893 12889 12895
12896 12893 12895
12885 12894 12897
12887 12885 12897
12894 12883 12898
12898 12897 12894
12889 12899 12895
12889 12888 12899
12900 12899 12888
12895 12899 12901
12901 12899 12900
12896 12895 12902
12895 12901 12902
12887 12903 12888
12900 12888 12903
12898 12883 12904
12883 12905 12904
12904 12905 12906
12904 12906 12907
12907 12906 12908
12898 12904 12909
12909 12904 12907
12907 12908 12910
12910 12908 12911
12909 12912 12898
12898 12912 12897
12909 12907 12913
12913 12907 12910
12909 12914 12912
12913 12914 12909
12912 12915 12897
12915 12887 12897
12910 12911 12916
12913 12910 12917
12917 12910 12916
12918 12916 12911
12918 12911 12919
12917 12916 12920
12920 12916 12918
12921 12913 12917
12920 12921 12917
12913 12922 12914
12921 12922 12913
12912 12914 12923
12923 12914 12922
12912 12924 12915
12923 12924 12912
12920 12918 12925
12918 12926 12925
12927 12920 12925
12923 12922 12928
12928 12922 12921
12927 12929 12920
12920 12929 12921
12930 12929 12927
12930 12927 12931
12932 12930 12931
12933 12921 12929
12928 12921 12933
12933 12929 12930
12930 12934 12933
12934 12928 12933
12928 12935 12923
12923 12935 12924
12932 12936 12930
12930 12936 12934
12937 12936 12932
12934 12936 12937
12937 12932 12938
12928 12939 12935
12934 12939 12928
12940 12935 12939
12924 12935 12940
12941 12939 12934
12940 12939 12941
12934 12937 12942
12941 12934 12942
12943 12937 12938
12943 12938 12944
12945 12942 12937
12945 12937 12943
12946 12943 12944
12945 12943 12946
12946 12944 12947
12948 12941 12942
12948 12942 12945
12949 12940 12941
12949 12941 12948
12950 12924 12940
12950 12940 12949
12951 12946 12947
12951 12947 12952
12953 12945 12946
12953 12946 12951
12954 12951 12952
12951 12954 12953
12954 12952 12955
12956 12954 12955
12957 12948 12945
12957 12945 12953
12958 12949 12948
12958 12948 12957
12956 12959 12954
12960 12959 12956
12954 12961 12953
12954 12959 12961
12962 12949 12958
12962 12950 12949
12953 12963 12957
12953 12961 12963
12957 12964 12958
12962 12958 12964
12957 12963 12964
12960 12965 12959
12966 12965 12960
12959 12967 12961
12959 12965 12967
12968 12963 12961
12968 12961 12967
12965 12969 12967
12969 12968 12967
12966 12970 12965
12965 12970 12969
12971 12970 12966
12971 12966 12972
12973 12970 12971
12973 12969 12970
12974 12969 12973
12974 12975 12969
12969 12975 12968
12976 12975 12974
12976 12977 12975
12968 12975 12977
12978 12977 12976
12979 12963 12968
12968 12977 12979
12979 12964 12963
12978 12980 12977
12979 12977 12980
12964 12979 12981
12979 12980 12981
12982 12980 12978
12981 12980 12982
12982 12978 12983
12984 12982 12983
12984 12985 12982
12986 12985 12984
12964 12981 12987
12988 12987 12981
12962 12964 12987
12962 12987 12988
12981 12982 12989
12985 12989 12982
12988 12981 12989
12986 12990 12985
12991 12990 12986
12990 12991 12992
12990 12992 12993
12985 12994 12989
12990 12994 12985
12994 12988 12989
12990 12993 12995
12990 12995 12994
12996 12995 12993
12995 12997 12994
12994 12997 12988
12962 12988 12998
12998 12950 12962
12995 12999 12997
12996 12999 12995
12988 12997 13000
12988 13000 12998
13000 12997 12999
12998 13001 12950
13000 13001 12998
13001 12924 12950
13001 12915 12924
12887 12915 13001
13002 12999 12996
13000 12999 13002
13000 13003 13001
12887 13001 13003
13002 13003 13000
12996 13004 13002
13002 13004 13003
13004 12887 13003
13004 12903 12887
12996 13005 13004
12903 13004 13005
12900 12903 13005
13006 12900 13005
13006 13007 12900
13007 13008 12900
13007 13009 13008
12901 12900 13008
13010 12901 13008
13009 13011 13008
13011 13010 13008
12901 13010 13012
12901 13012 12902
13011 13013 13010
13014 13011 13009
13011 13014 13013
13010 13015 13012
13010 13013 13015
12902 13012 13016
13012 13015 13017
13012 13017 13016
12902 13016 13018
12896 12902 13018
13019 12896 13018
13020 13018 13016
13017 13020 13016
13019 13018 13021
13020 13021 13018
13019 13021 13022
13021 13023 13022
13017 13024 13020
13025 13024 13017
13025 13026 13024
13027 13017 13015
13027 13025 13017
13028 13026 13025
13028 13029 13026
13030 13029 13028
13030 13028 13031
13032 13028 13025
13031 13028 13032
13032 13025 13027
13031 13032 13033
13034 13033 13032
13027 13034 13032
13034 13035 13033
13036 13027 13015
13027 13036 13034
13013 13036 13015
13035 13034 13037
13037 13034 13036
13036 13013 13038
13014 13038 13013
13039 13035 13037
13039 13040 13035
13036 13038 13041
13037 13036 13041
13038 13014 13042
13014 13009 13042
13043 13039 13037
13043 13044 13039
13045 13044 13043
13045 13043 13046
13047 13043 13037
13047 13046 13043
13047 13037 13041
13047 13048 13046
13049 13048 13047
13050 13041 13038
13050 13047 13041
13049 13047 13050
13038 13042 13050
13050 13051 13049
13051 13050 13042
13052 13051 13042
13042 13009 13052
13009 13053 13052
13054 13055 13056
13057 13058 13056
13058 13059 13056
13058 13060 13059
13061 13060 13058
13059 13060 13062
13059 13062 13063
13062 13064 13063
13061 13065 13060
13065 13062 13060
13062 13066 13064
13066 12905 13064
13067 13065 13061
13068 13067 13061
13068 13069 13067
13069 13068 13070
13068 13071 13070
13068 13072 13071
13073 13071 13072
13073 13074 13071
13075 13071 13074
13065 13076 13062
13067 13076 13065
13076 13066 13062
13075 13077 13071
13078 13077 13075
13071 13079 13070
13071 13077 13079
13067 13080 13076
13080 13067 13069
13076 13081 13066
13081 13076 13080
13069 13070 13082
13082 13070 13079
13081 13083 13066
13066 13083 12884
13083 13084 12884
13083 13085 13084
13085 13086 13084
13081 13087 13083
13087 13085 13083
13081 13080 13088
13087 13081 13088
13085 13089 13086
13089 13090 13086
13087 13091 13085
13091 13089 13085
13088 13080 13092
13092 13080 13069
13091 13087 13093
13087 13088 13093
13089 13094 13090
13091 13095 13089
13095 13094 13089
13096 13090 13094
13096 13097 13090
13095 13098 13094
13098 13096 13094
13099 13095 13091
13098 13095 13099
13091 13093 13100
13099 13091 13100
13088 13101 13093
13101 13100 13093
13098 13102 13096
13096 13102 13103
13104 13102 13098
13104 13098 13105
13098 13099 13105
13106 13099 13100
13101 13106 13100
13101 13088 13107
13088 13092 13107
13108 13104 13105
13108 13109 13104
13110 13109 13108
13111 13105 13099
13106 13111 13099
13111 13108 13105
13108 13111 13112
13112 13111 13106
13106 13101 13113
13101 13107 13113
13110 13108 13114
13108 13112 13114
13115 13110 13114
13112 13115 13114
13115 13116 13110
13106 13113 13117
13112 13106 13117
13118 13117 13113
13107 13118 13113
13119 13112 13117
13118 13119 13117
13112 13120 13115
13119 13120 13112
13121 13116 13115
13121 13122 13116
13123 13115 13120
13123 13121 13115
13124 13122 13121
13123 13124 13121
13124 13125 13122
13126 13120 13119
13126 13123 13120
13127 13119 13118
13127 13126 13119
13128 13118 13107
13128 13127 13118
13129 13125 13124
13129 13130 13125
13131 13124 13123
13131 13129 13124
13132 13130 13129
13129 13131 13132
13132 13133 13130
13134 13133 13132
13135 13123 13126
13135 13131 13123
13136 13126 13127
13136 13135 13126
13134 13132 13137
13138 13134 13137
13132 13131 13139
13132 13139 13137
13140 13136 13127
13140 13127 13128
13131 13135 13141
13131 13141 13139
13135 13136 13142
13140 13142 13136
13135 13142 13141
13138 13137 13143
13144 13138 13143
13137 13139 13145
13137 13145 13143
13146 13139 13141
13146 13145 13139
13143 13145 13147
13147 13145 13146
13144 13143 13148
13143 13147 13148
13149 13144 13148
13149 13150 13144
13151 13149 13148
13151 13148 13147
13152 13151 13147
13152 13147 13153
13147 13146 13153
13154 13152 13153
13154 13153 13155
13146 13155 13153
13156 13154 13155
13157 13146 13141
13146 13157 13155
13157 13141 13142
13156 13155 13158
13157 13158 13155
13142 13159 13157
13157 13159 13158
13160 13156 13158
13159 13160 13158
13160 13161 13156
13162 13161 13160
13162 13160 13163
13164 13162 13163
13142 13165 13159
13166 13159 13165
13140 13165 13142
13140 13166 13165
13159 13167 13160
13163 13160 13167
13166 13167 13159
13164 13163 13168
13169 13164 13168
13168 13170 13169
13168 13171 13170
13163 13167 13172
13168 13163 13172
13172 13167 13166
13168 13173 13171
13168 13172 13173
13174 13171 13173
13173 13172 13175
13172 13166 13175
13140 13176 13166
13176 13140 13128
13173 13175 13177
13174 13173 13177
13166 13178 13175
13166 13176 13178
13178 13177 13175
13176 13128 13179
13178 13176 13179
13179 13128 13107
13179 13107 13092
13069 13179 13092
13180 13174 13177
13178 13180 13177
13178 13179 13181
13069 13181 13179
13180 13178 13181
13174 13180 13182
13180 13181 13182
13182 13181 13069
13174 13182 13183
13182 13069 13082
13082 13183 13182
13082 13184 13183
13185 13183 13184
13082 13079 13184
13185 13184 13186
13187 13184 13079
13077 13187 13079
13184 13188 13186
13187 13188 13184
13188 13189 13186
13077 13190 13187
13078 13190 13077
13078 13191 13190
13192 13191 13078
13192 13193 13191
13192 13194 13193
13193 13194 13195
13196 13191 13193
13190 13191 13196
13196 13193 13197
13187 13190 13198
13190 13196 13198
13188 13187 13199
13187 13198 13199
13200 13196 13197
13200 13197 13201
13202 13188 13199
13189 13188 13202
13198 13203 13199
13202 13199 13203
13196 13204 13198
13196 13200 13204
13198 13204 13203
13205 13200 13201
13205 13201 13206
13207 13204 13200
13207 13200 13205
13208 13205 13206
13208 13206 13209
13210 13208 13209
13210 13209 13211
13212 13208 13210
13213 13205 13208
13212 13213 13208
13213 13207 13205
13214 13213 13212
13204 13207 13215
13203 13204 13215
13207 13213 13216
13214 13216 13213
13207 13216 13215
13216 13214 13217
13217 13215 13216
13214 13218 13217
13214 13219 13218
13220 13217 13218
13220 13218 13221
13222 13220 13221
13222 13223 13220
13224 13220 13223
13224 13217 13220
13224 13223 13225
13226 13224 13225
13217 13227 13215
13224 13227 13217
13226 13228 13224
13228 13227 13224
13228 13226 13229
13215 13227 13230
13228 13230 13227
13215 13230 13203
13231 13228 13229
13230 13228 13231
13231 13229 13232
13203 13230 13233
13230 13231 13233
13202 13203 13233
13189 13202 13233
13231 13189 13233
13231 13232 13189
13232 13234 13189
13235 13236 13237
13238 13239 13240
13241 13242 13243
13242 13241 13244
13242 13244 13245
13245 13244 13246
13245 13246 13247
13247 13246 13248
13247 13248 13249
13248 13250 13249
13248 13251 13250
13250 13251 13252
13250 13252 13253
13252 13254 13253
13252 13255 13254
13256 13257 13258
13258 13259 13256
13258 13260 13259
13260 13261 13259
13260 13262 13261
13262 13263 13261
13262 13264 13263
13263 13264 13265
13263 13265 13266
13265 13267 13266
13265 13268 13267
13268 13269 13267
13268 13270 13269
13271 13272 13273
13273 13272 1490
13273 1490 13274
1490 1489 13274
13275 13276 13277
13275 13277 13278
13278 13279 13275
13277 13280 13278
13277 13281 13280
13278 13282 13279
13280 13282 13278
13281 13283 13280
13281 13284 13283
13283 13284 13285
13283 13285 13286
13283 13287 13280
13280 13287 13282
13288 13283 13286
13283 13288 13287
13288 13286 13289
13290 13288 13289
13291 13279 13282
13291 13292 13279
13293 13292 13291
13294 13282 13287
13294 13291 13282
13287 13288 13295
13290 13295 13288
13287 13295 13294
13290 13296 13295
13290 13297 13296
13297 13298 13296
13298 13299 13296
13298 13300 13299
13299 13300 13301
13293 13291 13302
13302 13291 13294
13303 13293 13302
13304 13294 13295
13304 13295 13296
13302 13294 13305
13305 13294 13304
13303 13302 13306
13306 13302 13305
13307 13303 13306
13307 13308 13303
13306 13309 13307
13305 13310 13306
13306 13310 13309
13305 13304 13310
13309 13310 13304
13309 13304 13311
13311 13304 13296
13312 13311 13296
13313 13312 13296
13313 13296 13299
13313 13299 13314
13299 13315 13314
13316 13315 13299
13316 13299 13317
13299 13301 13317
13301 13318 13317
13301 13319 13318
13316 13317 13320
13320 13317 13318
13319 13321 13318
13319 13322 13321
13316 13320 13323
13316 13323 13324
13323 13325 13324
13320 13318 13326
13326 13318 13321
13320 13327 13323
13323 13327 13325
13320 13326 13327
13328 13325 13327
13326 13328 13327
13328 13329 13325
13330 13329 13328
13322 13331 13321
13322 13332 13331
13326 13321 13333
13326 13333 13328
13333 13321 13331
13330 13328 13334
13335 13330 13334
13333 13336 13328
13336 13334 13328
13335 13334 13337
13338 13335 13337
13332 13339 13331
13332 13340 13339
13333 13331 13341
13341 13336 13333
13342 13341 13331
13342 13331 13339
13342 13336 13341
13336 13343 13334
13343 13337 13334
13340 13344 13339
13340 13345 13344
13346 13342 13339
13346 13339 13344
13342 13347 13336
13336 13347 13343
13346 13347 13342
13345 13348 13344
13348 13346 13344
13345 13349 13348
13350 13337 13343
13347 13350 13343
13346 13351 13347
13347 13351 13350
13350 13352 13337
13338 13337 13352
13353 13352 13350
13351 13353 13350
13354 13338 13352
13353 13354 13352
13354 13355 13338
13356 13351 13346
13348 13356 13346
13349 13357 13348
13349 13358 13357
13351 13359 13353
13356 13359 13351
13360 13356 13348
13360 13348 13357
13360 13359 13356
13357 13358 13361
13358 13362 13361
13357 13361 13363
13364 13357 13363
13364 13360 13357
13364 13365 13360
13360 13365 13359
13364 13366 13365
13365 13366 13367
13359 13368 13353
13359 13365 13368
13365 13367 13368
13368 13354 13353
13367 13369 13368
13368 13369 13354
13367 13370 13369
13371 13354 13369
13370 13371 13369
13371 13355 13354
13370 13372 13371
13373 13355 13371
13371 13372 13374
13371 13374 13373
13375 13376 13377
13377 13376 13378
13377 13378 13379
13379 13378 13380
13379 13381 13377
13379 13382 13381
13382 13383 13381
13382 13384 13383
13384 13385 13383
13384 13386 13385
13386 13387 13385
13386 13388 13387
13388 13389 13387
13388 13390 13389
13390 13391 13389
13390 13392 13391
13393 13391 13392
13393 13392 13394
13395 13393 13394
13396 13397 13398
13398 13397 13399
13398 13399 13400
13400 13399 13401
13400 13401 13402
13403 13402 13401
13403 13404 13402
13404 13403 13405
13404 13405 13406
13407 13406 13405
13407 13408 13406
13408 13407 13409
13408 13409 13410
13410 13409 13411
13410 13411 13412
13412 13411 13413
13412 13413 13414
13414 13413 13415
13414 13415 13416
13415 13417 13416
13415 13418 13417
13417 13418 13419
13417 13419 13420
13419 13421 13420
13419 13422 13421
13423 13421 13422
13423 13424 13421
13425 13424 13423
13425 13426 13424
13426 13425 13427
13428 13429 13430
13428 13430 13431
13432 13428 13431
13432 13431 13433
13431 13430 13434
13433 13431 13435
13431 13434 13435
13433 13435 13436
13437 13435 13434
13436 13435 13437
13437 13434 13438
13436 13437 13439
13440 13439 13437
13441 13436 13439
13439 13442 13441
13440 13442 13439
13443 13437 13438
13440 13437 13443
13443 13438 13444
13443 13444 13445
13443 13445 13446
13440 13443 13446
13446 13445 13447
13440 13448 13442
13449 13448 13440
13448 13450 13442
13448 13451 13450
13449 13451 13448
13451 13452 13450
13451 13453 13452
13440 13446 13454
13449 13440 13454
13454 13446 13455
13446 13447 13455
13454 13455 13456
13449 13454 13456
13447 13457 13455
13456 13455 13457
13447 13458 13457
13447 13459 13458
13460 13458 13459
13460 13461 13458
13462 13461 13460
13462 13463 13461
13456 13457 13464
13465 13463 13462
13466 13456 13464
13449 13456 13466
13466 13464 13467
13468 13466 13467
13468 13449 13466
13468 13467 13469
13465 13462 13470
13462 13471 13470
13470 13471 13472
13470 13473 13465
13473 13474 13465
13470 13472 13475
13470 13475 13473
13475 13472 13476
13473 13477 13474
13474 13477 13478
13478 13477 13479
13477 13480 13479
13475 13476 13481
13481 13476 13482
13475 13483 13473
13483 13477 13473
13483 13475 13481
13477 13484 13480
13483 13484 13477
13484 13485 13480
13484 13486 13485
13486 13484 13483
13486 13487 13485
13481 13482 13488
13489 13488 13482
13483 13481 13490
13490 13486 13483
13488 13490 13481
13486 13491 13487
13490 13491 13486
13491 13492 13487
13493 13491 13490
13488 13493 13490
13491 13494 13492
13493 13494 13491
13494 13495 13492
13489 13496 13488
13496 13489 13497
13493 13488 13498
13498 13494 13493
13488 13496 13498
13494 13499 13495
13498 13499 13494
13499 13500 13495
13499 13501 13500
13502 13501 13499
13503 13502 13499
13503 13499 13498
13504 13503 13498
13496 13504 13498
13496 13497 13505
13505 13504 13496
13505 13497 13506
13507 13504 13505
13505 13506 13508
13505 13509 13507
13505 13508 13509
13510 13511 13512
13510 13512 13513
13513 13512 13514
13515 13513 13514
13515 13516 13513
13517 13515 13514
13517 13514 13518
13519 13517 13518
13519 13518 13520
13521 13519 13520
13521 13522 13519
13523 13522 13521
13523 13521 13524
13523 13524 13525
13524 13526 13525
13524 13527 13526
13521 13527 13524
13528 13525 13526
13521 13529 13527
13528 13530 13525
13531 13530 13528
13531 13532 13530
13533 13532 13531
13533 13534 13532
13535 13529 13521
13535 13521 13536
13537 13535 13536
13537 13538 13535
13539 13538 13537
13539 13540 13538
13541 13540 13539
13541 13542 13540
13543 13542 13541
13543 13544 13542
13545 13534 13533
13545 13546 13534
13547 13546 13545
13547 13545 13548
13549 13547 13548
13549 13550 13547
13551 13550 13549
13551 13552 13550
13553 13552 13551
13553 13554 13552
13555 13554 13553
13555 13556 13554
13556 13555 13557
13556 13557 13558
13559 13560 13561
13562 13560 13559
13562 13563 13560
13564 13563 13562
13564 13565 13563
13565 13564 13566
13565 13567 13563
13563 13567 13568
13567 13569 13568
13568 13569 13570
13565 13566 13571
13565 13572 13567
13572 13565 13571
13569 13567 13573
13573 13567 13572
13571 13566 13574
13566 13575 13574
13576 13574 13575
13577 13576 13575
13571 13574 13578
13578 13574 13576
13577 13579 13576
13579 13577 13580
13579 13580 13581
13582 13581 13580
13583 13576 13579
13583 13579 13581
13578 13576 13584
13584 13576 13583
13571 13578 13585
13585 13578 13584
13572 13571 13586
13586 13571 13585
13587 13572 13586
13573 13572 13587
13582 13588 13581
13583 13581 13589
13589 13581 13588
13584 13583 13590
13590 13583 13589
13585 13584 13591
13591 13584 13590
13586 13585 13592
13592 13585 13591
13587 13586 13593
13593 13586 13592
13594 13588 13582
13594 13582 13595
13596 13587 13593
13597 13587 13596
13597 13573 13587
13596 13593 13598
13573 13597 13599
13600 13598 13593
13593 13592 13600
13598 13600 13601
13573 13599 13602
13602 13599 13603
13569 13573 13602
13602 13603 13604
13569 13602 13604
13604 13603 13605
13604 13605 13606
13605 13607 13606
13569 13604 13608
13569 13608 13570
13608 13604 13609
13570 13608 13610
13608 13609 13610
13570 13610 13611
13612 13610 13609
13610 13613 13611
13612 13614 13610
13610 13614 13613
13614 13612 13615
13613 13614 13616
13615 13617 13614
13614 13617 13616
13618 13619 13620
13619 1498 13620
13619 13621 1498
1498 13621 1499
13622 13623 13624
13622 13625 13623
13625 13622 13626
13623 13625 13627
13623 13627 13628
13625 13626 13629
13627 13625 13629
13628 13627 13630
13628 13630 13631
13632 13629 13626
13633 13629 13632
13632 13626 13634
13627 13629 13635
13630 13627 13635
13633 13635 13629
13636 13632 13634
13633 13632 13636
13636 13634 13637
13638 13636 13637
13638 13637 13639
13640 13638 13639
13640 13641 13638
13638 13641 13642
13643 13631 13630
13643 13644 13631
13645 13643 13630
13645 13646 13643
13630 13635 13645
13647 13646 13645
13635 13648 13645
13647 13645 13648
13635 13633 13648
13647 13648 13649
13649 13648 13633
13647 13649 13650
13650 13649 13651
13649 13652 13651
13651 13652 13653
13652 13654 13653
13649 13633 13655
13656 13655 13633
13633 13636 13656
13636 13638 13656
13656 13638 13657
13656 13657 13655
13638 13642 13657
13642 13655 13657
13642 13658 13655
13658 13649 13655
13649 13658 13659
13649 13659 13660
13661 13649 13660
13661 13652 13649
13661 13662 13652
13663 13652 13662
13663 13664 13652
13652 13664 13654
13654 13664 13665
13654 13665 13666
13663 13667 13664
13667 13665 13664
13666 13665 13668
13666 13668 13669
13663 13670 13667
13663 13671 13670
13670 13671 13672
13667 13673 13665
13673 13668 13665
13667 13670 13674
13670 13672 13674
13667 13674 13673
13675 13674 13672
13673 13674 13675
13675 13672 13676
13677 13675 13676
13669 13668 13678
13669 13678 13679
13673 13680 13668
13673 13675 13680
13680 13678 13668
13677 13681 13675
13682 13681 13677
13680 13675 13683
13683 13675 13681
13682 13684 13681
13685 13684 13682
13679 13678 13686
13679 13686 13687
13680 13688 13678
13688 13680 13683
13689 13678 13688
13689 13686 13678
13689 13688 13683
13683 13681 13690
13690 13681 13684
13687 13686 13691
13687 13691 13692
13693 13686 13689
13693 13691 13686
13689 13683 13694
13683 13690 13694
13693 13689 13694
13692 13691 13695
13695 13691 13693
13692 13695 13696
13697 13690 13684
13694 13690 13697
13693 13694 13698
13694 13697 13698
13697 13684 13699
13685 13699 13684
13700 13697 13699
13698 13697 13700
13701 13699 13685
13700 13699 13701
13701 13685 13702
13703 13693 13698
13695 13693 13703
13696 13695 13704
13696 13704 13705
13698 13700 13706
13703 13698 13706
13707 13695 13703
13707 13704 13695
13707 13703 13706
13704 13708 13705
13708 13709 13705
13704 13710 13708
13711 13710 13704
13711 13704 13707
13711 13707 13712
13707 13706 13712
13711 13712 13713
13712 13714 13713
13706 13700 13715
13706 13715 13712
13712 13715 13714
13715 13700 13701
13714 13715 13716
13715 13701 13716
13714 13716 13717
13718 13716 13701
13717 13716 13718
13702 13718 13701
13717 13718 13719
13720 13718 13702
13719 13718 13720
13719 13720 13721
13722 13723 13724
13724 13723 13725
13724 13725 13726
13726 13725 13727
13725 13723 13728
13725 13728 13729
13729 13728 13730
13729 13730 13731
13731 13730 13732
13731 13732 13733
13733 13732 13734
13733 13734 13735
13735 13734 13736
13735 13736 13737
13737 13736 13738
13737 13738 13739
13740 13739 13738
13740 13741 13739
13742 13741 13740
13743 13744 13745
13743 13746 13744
13747 13746 13743
13747 13748 13746
13746 13749 13744
13748 13750 13746
13746 13750 13749
13748 13751 13750
13752 13749 13750
13752 13753 13749
13750 13751 13754
13750 13754 13752
13755 13752 13754
13754 13751 13756
13754 13756 13757
13755 13754 13757
13758 13753 13752
13755 13758 13752
13758 13759 13753
13758 13760 13759
13758 13761 13760
13755 13761 13758
13761 13762 13760
13755 13757 13763
13764 13755 13763
13763 13757 13765
13763 13765 13766
13764 13763 13766
13766 13765 13767
13766 13767 13453
13755 13768 13761
13764 13768 13755
13768 13769 13761
13761 13769 13762
13768 13770 13769
13764 13770 13768
13762 13769 13771
13770 13771 13769
13772 13762 13771
13772 13773 13762
13774 13773 13772
13774 13775 13773
13776 13775 13774
13770 13777 13771
13776 13778 13775
13779 13777 13770
13764 13779 13770
13779 13780 13777
13781 13778 13776
13778 13781 13782
13781 13776 13783
13781 13784 13782
13785 13780 13779
13785 13779 13764
13785 13786 13780
13781 13783 13787
13787 13783 13788
13781 13789 13784
13781 13787 13789
13789 13790 13784
13789 13791 13790
13791 13792 13790
13789 13787 13793
13793 13791 13789
13787 13788 13794
13793 13787 13794
13791 13795 13792
13796 13792 13795
13793 13797 13791
13795 13791 13797
13798 13794 13788
13798 13788 13799
13800 13798 13799
13800 13801 13798
13798 13801 13802
13798 13802 13803
13794 13798 13803
13803 13802 13804
13793 13794 13805
13794 13803 13805
13797 13793 13805
13803 13804 13806
13805 13803 13806
13806 13804 13807
13797 13805 13808
13805 13806 13808
13806 13807 13809
13808 13806 13809
13809 13807 13810
13811 13797 13808
13795 13797 13811
13808 13809 13812
13811 13808 13812
13809 13810 13813
13812 13809 13813
13811 13814 13795
13814 13811 13812
13813 13810 13815
13815 13810 13816
13812 13813 13817
13817 13813 13815
13814 13812 13817
13818 13817 13815
13819 13817 13818
13819 13814 13817
13820 13814 13819
13814 13821 13795
13821 13814 13820
13796 13795 13821
13821 13822 13796
13820 13823 13821
13821 13823 13822
13824 13823 13820
13823 13825 13822
13823 13824 13826
13823 13827 13825
13823 13826 13827
13828 13829 13830
13828 13830 13831
13828 13831 13832
13830 13833 13831
13833 13830 13834
13832 13831 13835
13832 13835 13836
13836 13835 13837
13836 13837 13838
13838 13837 13839
13838 13839 13840
13841 13840 13839
13835 13842 13837
13837 13842 13839
13843 13835 13831
13835 13843 13842
13844 13831 13833
13843 13831 13844
13833 13834 13845
13844 13833 13845
13834 13846 13845
13834 13847 13846
13846 13847 13848
13849 13841 13839
13850 13841 13849
13845 13851 13844
13843 13844 13851
13842 13852 13839
13849 13839 13852
13846 13853 13845
13845 13853 13851
13850 13849 13854
13849 13852 13855
13849 13855 13854
13842 13856 13852
13855 13852 13856
13843 13857 13842
13857 13856 13842
13858 13843 13851
13843 13858 13857
13853 13859 13851
13859 13858 13851
13860 13850 13854
13860 13861 13850
13862 13861 13860
13862 13863 13861
13864 13863 13862
13853 13865 13859
13866 13858 13859
13865 13866 13859
13867 13865 13853
13846 13867 13853
13857 13858 13868
13869 13858 13866
13869 13868 13858
13865 13870 13866
13870 13869 13866
13867 13871 13865
13871 13870 13865
13846 13872 13867
13872 13871 13867
13857 13868 13873
13857 13873 13856
13846 13874 13872
13846 13848 13874
13848 13875 13874
13875 13848 13876
13868 13869 13877
13870 13878 13869
13878 13877 13869
13878 13879 13877
13868 13877 13880
13873 13868 13880
13881 13878 13870
13871 13881 13870
13882 13877 13879
13880 13877 13882
13881 13883 13878
13883 13879 13878
13884 13874 13875
13875 13876 13885
13884 13875 13885
13874 13884 13886
13874 13886 13872
13872 13887 13871
13886 13887 13872
13871 13888 13881
13871 13887 13888
13881 13889 13883
13881 13888 13889
13890 13884 13885
13886 13884 13890
13876 13891 13885
13876 13892 13891
13876 13893 13892
13894 13885 13891
13894 13895 13885
13890 13885 13895
13896 13895 13894
13896 13897 13895
13898 13897 13896
13895 13897 13899
13895 13899 13890
13898 13900 13897
13897 13900 13899
13898 13601 13900
13900 13601 13600
13900 13600 13901
13900 13901 13899
13592 13901 13600
13592 13591 13901
13901 13591 13899
13902 13899 13591
13890 13899 13902
13902 13591 13590
13890 13902 13903
13886 13890 13903
13902 13590 13904
13902 13904 13903
13590 13589 13904
13905 13886 13903
13886 13905 13887
13887 13905 13906
13906 13905 13903
13887 13906 13888
13907 13906 13903
13888 13906 13907
13907 13903 13904
13888 13907 13889
13904 13908 13907
13904 13589 13908
13889 13907 13908
13589 13909 13908
13589 13588 13909
13889 13908 13910
13909 13910 13908
13883 13889 13910
13911 13909 13588
13909 13911 13910
13911 13588 13594
13883 13910 13912
13883 13912 13879
13911 13913 13910
13913 13911 13594
13913 13912 13910
13879 13912 13914
13913 13914 13912
13913 13594 13915
13915 13594 13916
13917 13914 13913
13917 13913 13915
13879 13914 13918
13917 13918 13914
13919 13917 13915
13919 13915 13920
13919 13921 13917
13917 13921 13918
13919 13922 13921
13923 13879 13918
13921 13923 13918
13882 13879 13923
13921 13924 13923
13925 13924 13921
13923 13926 13882
13923 13924 13926
13927 13926 13924
13927 13928 13926
13880 13882 13926
13928 13929 13926
13880 13926 13929
13928 13930 13929
13931 13880 13929
13873 13880 13931
13932 13929 13930
13931 13929 13932
13932 13930 13933
13934 13932 13933
13931 13932 13934
13934 13933 13935
13873 13931 13936
13931 13934 13936
13856 13873 13936
13934 13935 13937
13938 13937 13935
13934 13937 13939
13936 13934 13939
13939 13937 13938
13940 13856 13936
13940 13936 13939
13855 13856 13940
13939 13938 13941
13940 13939 13941
13941 13938 13942
13943 13855 13940
13855 13943 13854
13940 13941 13944
13943 13940 13944
13945 13854 13943
13945 13943 13944
13945 13860 13854
13941 13942 13946
13944 13941 13946
13945 13944 13947
13944 13946 13947
13948 13860 13945
13947 13948 13945
13948 13862 13860
13942 13949 13946
13949 13947 13946
13942 13950 13949
13949 13951 13947
13947 13951 13948
13950 13952 13949
13951 13949 13952
13950 13953 13952
13953 13954 13952
13955 13948 13951
13951 13952 13955
13954 13956 13952
13956 13955 13952
13956 13954 13957
13955 13958 13948
13862 13948 13958
13956 13958 13955
13956 13957 13959
13959 13957 13960
13862 13958 13961
13864 13862 13961
13958 13956 13962
13958 13962 13961
13962 13864 13961
13962 13956 13959
13962 13963 13864
13963 13962 13964
13962 13959 13964
13963 13964 13965
13965 13964 13966
13964 13959 13967
13964 13967 13966
13959 13960 13967
13967 13968 13966
13960 13969 13967
13967 13969 13968
13969 13960 13970
13969 13971 13968
13969 13970 13972
13969 13972 13971
13971 13972 13973
13974 13975 13976
13974 13977 13975
13978 13977 13974
13979 13978 13974
13979 13974 13980
13981 13978 13979
13981 13982 13978
13983 13982 13981
13983 13984 13982
13984 13983 13985
13984 13985 13986
13987 13986 13985
13987 13988 13986
13989 13988 13987
13989 13990 13988
13991 13990 13989
13990 13992 13988
13991 13993 13990
13988 13992 13994
13988 13994 13986
13995 13993 13991
13996 13986 13994
13995 13997 13993
13996 13998 13986
13999 13997 13995
13998 13996 14000
13999 14001 13997
13998 14000 14002
14003 14001 13999
14002 14000 14004
14003 14005 14001
14002 14004 14006
14007 14005 14003
14006 14004 14008
14007 14009 14005
14006 14008 14010
14010 14008 14011
14010 14011 14012
14013 14009 14007
14013 14014 14009
14015 14014 14013
14015 14016 14014
14017 14016 14015
14017 14018 14016
14018 14017 14019
14020 14018 14019
14020 14019 14021
14022 14023 14024
14024 14023 14025
14024 14025 14026
14025 14023 14027
14024 14026 14028
14025 14027 14029
14026 14025 14029
14029 14027 14030
14028 14026 14031
14031 14032 14028
14031 14033 14032
14026 14033 14031
14026 14034 14033
14035 14034 14026
14026 14029 14035
14035 14036 14034
14037 14035 14029
14036 14035 14037
14037 14029 14030
14036 14037 14038
14037 14039 14038
14040 14037 14030
14037 14040 14039
14040 14030 14041
14040 14042 14039
14043 14040 14041
14040 14043 14042
14043 14041 14044
14043 14045 14042
14046 14043 14044
14043 14046 14045
14046 14044 14047
14046 14048 14045
14049 14046 14047
14047 14050 14049
14049 14050 14051
14051 14052 14049
14046 14053 14048
14049 14053 14046
14049 14052 14053
14053 14054 14048
14053 14052 14054
14055 14056 14057
14055 14057 14058
14059 14060 14061
14059 14062 14060
14059 14063 14062
14059 14064 14063
14064 14065 14063
14064 14066 14065
14067 14066 14064
14067 14068 14066
14069 14067 14064
14069 14070 14067
14070 14069 14071
14071 14069 14072
14070 14071 14073
14071 14074 14073
14071 14075 14074
14076 14075 14071
14076 14077 14075
14078 14079 14080
14080 14079 14081
14081 14079 14082
14082 14083 14081
14082 14079 14084
14082 14085 14083
14086 14085 14082
14082 14084 14087
14086 14082 14087
14087 14084 14088
14089 14086 14087
14087 14088 14090
14089 14087 14090
14090 14088 14091
14092 14089 14090
14090 14091 14093
14092 14090 14093
14093 14091 14094
14095 14092 14093
14093 14094 14096
14095 14093 14096
14096 14094 14097
14098 14095 14096
14096 14097 14099
14098 14096 14099
14099 14097 14100
14101 14098 14099
14099 14100 14102
14101 14099 14102
14102 14100 14103
14104 14101 14102
14102 14103 14105
14104 14102 14105
14106 14107 14108
14108 14107 14109
14108 14109 14110
14109 14107 14111
14109 14111 14112
14111 14113 14112
14111 14114 14113
14114 14115 14113
14114 14116 14115
14117 14118 14119
14117 14119 14120
14120 14119 14121
14120 14121 14122
14122 14121 14123
14122 14123 14124
14124 14123 14125
14124 14125 14126
14126 14125 14127
14126 14127 14128
14128 14127 14129
14128 14129 14130
14130 14129 14131
14130 14131 14132
14132 14131 14133
14132 14133 14134
14134 14133 14135
14134 14135 14136
14136 14135 14137
14136 14137 14138
14138 14137 14083
14136 14138 14139
14136 14139 14140
14141 14142 14143
14141 14143 14144
14145 14141 14144
14145 14146 14141
14147 14148 14149
14147 14149 14150
14150 14149 14151
14150 14151 14152
14152 14151 14153
14152 14153 14154
14155 14154 14153
14155 14153 14156
14157 14155 14156
14157 14156 14158
14159 14157 14158
14159 14160 14157
14161 14162 14163
14164 14162 14161
14165 14166 14167
14165 14168 14166
14169 14168 14165
14169 14170 14168
14171 14170 14169
14171 14172 14170
14173 14172 14171
14173 14174 14172
14175 14174 14173
14175 14176 14174
14177 14176 14175
14177 14178 14176
14179 14178 14177
14179 14180 14178
14181 14180 14179
14181 14182 14180
14183 14182 14181
14183 14184 14182
14185 14184 14183
14185 14183 14186
14187 14188 14189
14187 14189 14190
14190 14189 14191
14190 14191 14192
14192 14191 14193
14192 14193 14194
14194 14193 14195
14194 14195 14196
14196 14195 14197
14196 14197 14198
14198 14197 14199
14198 14199 14200
14200 14199 14201
14200 14201 14202
14202 14201 14203
14202 14203 14204
14204 14203 14205
14204 14205 14206
14207 14206 14205
14207 14205 14208
14209 14207 14208
14210 14211 14212
14210 14212 14213
14213 14212 14214
14213 14214 14215
14215 14214 14216
14215 14216 14217
14217 14216 14218
14217 14218 14219
14219 14218 14220
14219 14220 14221
14221 14220 14222
14221 14222 14223
14223 14222 14224
14223 14224 14225
14225 14224 14226
14225 14226 14227
14227 14226 14228
14227 14228 14229
14229 14228 14230
14229 14230 14231
14231 14230 14232
14233 14234 14235
14233 14236 14234
14237 14236 14233
14237 14238 14236
14239 14238 14237
14239 14240 14238
14241 14240 14239
14241 14242 14240
14243 14242 14241
14243 14244 14242
14245 14244 14243
14245 14246 14244
14247 14246 14245
14247 14248 14246
14249 14248 14247
14249 14250 14248
14251 14250 14249
14251 14252 14250
14253 14252 14251
14253 14254 14252
14255 14254 14253
14256 14257 14258
14258 14257 14259
14258 14259 14260
14260 14259 14261
14260 14261 14262
14262 14261 14263
14262 14263 14264
14264 14263 14265
14264 14265 14266
14266 14265 14267
14266 14267 14268
14268 14267 14269
14268 14269 14270
14270 14269 14271
14270 14271 14272
14272 14271 14273
14272 14273 14274
14274 14273 14275
14274 14275 14276
14276 14275 14277
14276 14277 14278
14278 14277 14279
14278 14279 14280
14280 14279 14281
14280 14281 14282
14283 14284 14285
14283 14285 14286
14287 14288 14289
14288 14290 14289
14288 14291 14290
14291 14292 14290
14291 14293 14292
14293 14294 14292
14293 14295 14294
14295 14296 14294
14295 14297 14296
14297 14298 14296
14297 14299 14298
14299 14300 14298
14299 14301 14300
14301 14302 14300
14301 14303 14302
14303 14304 14302
14303 14305 14304
14305 14306 14304
14305 14307 14306
14307 14308 14306
14307 14309 14308
14309 14310 14308
14309 14311 14310
14311 14312 14310
14311 14313 14312
14314 14315 14316
14314 14316 14317
14318 14319 14320
14318 14320 14321
14321 14320 14322
14321 14322 14323
14323 14322 14324
14323 14324 14325
14325 14324 14326
14325 14326 14327
14327 14326 14328
14327 14328 14329
14329 14328 14330
14329 14330 14331
14331 14330 14332
14331 14332 14333
14333 14332 14334
14333 14334 14335
14335 14334 14336
14335 14336 14337
14336 14334 14338
14336 14338 14339
14339 14338 14340
14339 14340 14341
14341 14340 14342
14341 14342 14343
14343 14342 14344
14343 14344 14345
14346 14347 14348
14346 14349 14347
14350 14349 14346
14349 14351 14347
14350 14352 14349
14353 14352 14350
14349 14354 14351
14352 14354 14349
14354 14355 14351
14352 14356 14354
14353 14357 14352
14357 14356 14352
14358 14357 14353
14357 14359 14356
14358 14360 14357
14360 14359 14357
14361 14360 14358
14360 14362 14359
14361 14363 14360
14363 14362 14360
14364 14363 14361
14363 14365 14362
14364 14366 14363
14366 14365 14363
14367 14366 14364
14366 14368 14365
14367 14369 14366
14369 14368 14366
14370 14369 14367
14369 14371 14368
14370 14372 14369
14372 14371 14369
14373 14372 14370
14372 14374 14371
14373 14375 14372
14375 14374 14372
14375 14376 14374
14377 14378 14379
14377 14380 14378
14381 14380 14377
14381 14382 14380
14383 14382 14381
14383 14384 14382
14385 14384 14383
14385 14386 14384
14387 14386 14385
14387 14388 14386
14389 14390 14391
14389 14392 14390
14390 14392 14393
14390 14393 14394
14394 14393 14395
14394 14395 14396
14397 14398 14399
14397 14399 14400
14400 14399 14401
14400 14401 14402
14403 14402 14401
14403 14404 14402
14405 14406 14407
14405 14407 14408
14409 14405 14408
14409 14410 14405
14411 14410 14409
14411 14412 14410
14413 14414 14415
14413 14416 14414
14417 14416 14413
14417 14413 14418
14419 14417 14418
14419 14418 14420
14421 14422 14423
14421 14423 14424
14425 14426 14427
14425 14427 14428
14429 14430 14431
14429 14431 14432
14433 14434 14435
14433 14435 14436
14437 14438 14439
14437 14439 14440
14441 14437 14440
14439 14442 14440
14439 14443 14442
14440 14442 14444
14440 14444 14445
14441 14440 14445
14445 14444 14446
14441 14445 14447
14445 14446 14447
14441 14447 14448
14449 14447 14446
14450 14448 14447
14449 14450 14447
14450 14451 14448
14452 14450 14449
14453 14451 14450
14452 14453 14450
14453 14454 14451
14455 14453 14452
14456 14454 14453
14456 14457 14454
14455 14458 14453
14456 14453 14458
14459 14458 14455
14459 14460 14458
14460 14456 14458
14460 14459 14461
14462 14457 14456
14460 14462 14456
14462 14463 14457
14464 14463 14462
14460 14461 14465
14462 14460 14465
14465 14461 14466
14464 14462 14467
14462 14465 14467
14465 14466 14468
14467 14465 14468
14468 14466 14469
14464 14467 14470
14467 14468 14470
14464 14470 14471
14468 14469 14472
14470 14468 14472
14471 14470 14473
14470 14472 14473
14471 14473 14474
14475 14474 14473
14469 14476 14472
14476 14473 14472
14476 14475 14473
14469 14477 14476
14478 14475 14476
14477 14478 14476
14478 14479 14475
14477 14480 14478
14481 14479 14478
14480 14481 14478
14481 14482 14479
14480 14483 14481
14484 14482 14481
14483 14484 14481
14483 14485 14484
14484 14486 14482
14487 14484 14485
14488 14486 14484
14487 14488 14484
14488 14489 14486
14487 14490 14488
14490 14489 14488
14487 14491 14490
14490 14492 14489
14491 14493 14490
14493 14492 14490
14491 14494 14493
14493 14495 14492
14496 14493 14494
14496 14495 14493
14496 14497 14495
14498 14499 14500
14501 14499 14498
14501 14502 14499
14501 14503 14502
14501 14504 14503
14505 14503 14504
14505 14504 14506
14507 14505 14506
14507 14506 14508
14507 14508 14509
14507 14509 14510
14510 14509 14511
14510 14511 14512
14513 14512 14511
14512 14514 14510
14515 14510 14514
14512 14516 14514
14512 14517 14516
14518 14516 14517
14518 14519 14516
14509 14520 14511
14520 14521 14511
14509 14522 14520
14523 14522 14509
14520 14524 14521
14524 14525 14521
14526 14527 14528
14527 14526 14529
14527 14529 14530
14531 14530 14529
14531 14529 14532
14533 14531 14532
14533 14534 14531
14535 14534 14533
14535 14533 14536
14537 14535 14536
14537 14536 14538
14539 14537 14538
14540 14539 14538
14538 14541 14540
14541 14542 14540
14542 14543 14540
14544 14545 14546
14545 14544 14547
14544 14548 14547
14548 14544 14549
14547 14548 14550
14545 14547 14551
14547 14550 14551
14545 14551 14552
14551 14550 14553
14552 14551 14554
14551 14553 14554
14552 14554 14555
14556 14554 14553
14557 14555 14554
14556 14557 14554
14558 14557 14556
14558 14559 14557
14559 14558 14560
14561 14562 14563
14561 14564 14562
14565 14564 14561
14564 14566 14562
14564 14567 14566
14566 14567 14568
14566 14568 14569
14569 14568 14570
14569 14570 14571
14571 14570 14572
14571 14572 14573
14573 14572 14574
14573 14574 14575
14576 14575 14574
14576 14577 14575
14577 14576 14578
14579 14580 14581
14581 14580 14582
14581 14582 14583
14584 14581 14583
14583 14582 14585
14584 14583 14586
14583 14585 14586
14584 14586 14587
14586 14585 14588
14587 14586 14589
14586 14588 14589
14587 14589 14590
14589 14591 14590
14588 14592 14589
14589 14592 14591
14588 14593 14592
14592 14593 14594
14591 14592 14595
14592 14594 14595
14591 14595 14596
14595 14597 14596
14594 14598 14595
14595 14598 14597
14594 14599 14598
14600 14597 14601
14602 14601 14599
14600 14601 14602
14602 14599 14603
14604 14600 14602
14605 14602 14603
14604 14602 14605
14605 14603 14606
14607 14604 14605
14608 14605 14606
14607 14605 14608
14608 14606 14609
14610 14607 14608
14611 14608 14609
14610 14608 14611
14611 14609 14612
14613 14610 14611
14614 14611 14612
14613 14611 14614
14614 14612 14615
14613 14614 14616
14616 14614 14615
14616 14615 14617
14618 14616 14617
14619 13453 13451
13449 14619 13451
13468 14619 13449
14619 14620 13453
13468 14620 14619
14621 13453 14620
14621 13766 13453
13764 13766 14621
13785 13764 14621
13785 14621 14620
13468 14622 14620
13785 14620 14622
14622 13468 13469
14622 13786 13785
14622 13469 14623
14622 14623 13786
