byte offset: 0
first index: 0
index count: 5940
topology: trianglelist
format: DXGI_FORMAT_R16_UINT

0 1 2
0 2 3
4 0 3
4 3 5
6 7 8
6 8 9
10 6 9
10 9 11
12 13 14
12 14 15
16 12 15
16 15 17
18 19 20
18 20 21
22 18 21
22 21 23
24 25 26
24 26 27
28 24 27
28 27 29
30 31 32
30 32 33
34 30 33
34 33 35
36 37 38
36 38 39
40 36 39
40 39 41
42 43 44
42 44 45
46 42 45
46 45 47
48 49 50
48 50 51
52 48 51
52 51 53
54 55 56
54 56 57
58 54 57
58 57 59
60 61 62
60 62 63
64 60 63
64 63 65
66 67 68
66 68 69
70 66 69
70 69 71
72 73 74
72 74 75
76 72 75
76 75 77
78 79 80
78 80 81
82 78 81
82 81 83
84 85 86
84 86 87
88 84 87
88 87 89
90 91 92
90 92 93
94 90 93
94 93 95
96 97 98
96 99 97
100 99 96
100 96 101
102 103 104
102 105 103
106 105 102
106 102 107
108 109 110
108 111 109
112 111 108
112 108 113
114 115 116
114 117 115
118 117 114
118 114 119
120 121 122
120 123 121
124 123 120
124 120 125
126 127 128
126 129 127
130 129 126
130 126 131
132 133 134
132 135 133
136 135 132
136 132 137
138 139 140
138 141 139
142 141 138
142 138 143
144 145 146
144 147 145
148 147 144
148 144 149
150 151 152
150 153 151
154 153 150
154 150 155
156 157 158
156 159 157
160 159 156
160 156 161
162 163 164
162 165 163
166 165 162
166 162 167
168 169 170
168 171 169
172 171 168
172 168 173
174 175 176
174 177 175
178 177 174
178 174 179
180 181 182
180 183 181
184 183 180
184 180 185
186 187 188
186 189 187
190 189 186
190 186 191
192 193 194
192 194 195
196 192 195
196 195 197
198 199 200
198 201 199
201 202 199
201 203 202
204 205 206
204 206 207
208 204 207
208 207 209
210 211 212
210 213 211
213 214 211
213 215 214
216 217 218
216 218 219
220 216 219
220 219 221
222 223 224
222 225 223
225 226 223
225 227 226
228 229 230
228 230 231
232 228 231
232 231 233
234 235 236
234 237 235
237 238 235
237 239 238
240 241 242
240 242 243
244 240 243
244 243 245
246 247 248
246 249 247
249 250 247
249 251 250
252 253 254
252 254 255
256 252 255
256 255 257
258 259 260
258 261 259
261 262 259
261 263 262
264 265 266
264 266 267
268 264 267
268 267 269
270 271 272
270 273 271
273 274 271
273 275 274
276 277 278
276 278 279
280 276 279
280 279 281
282 283 284
282 285 283
285 286 283
285 287 286
288 289 290
288 290 291
292 288 291
292 291 293
294 295 296
294 297 295
297 298 295
297 299 298
300 301 302
300 302 303
304 300 303
304 303 305
306 307 308
306 309 307
309 310 307
309 311 310
312 313 314
312 314 315
316 312 315
316 315 317
318 319 320
318 321 319
321 322 319
321 323 322
324 325 326
324 326 327
328 324 327
328 327 329
330 331 332
330 333 331
333 334 331
333 335 334
336 337 338
336 338 339
340 336 339
340 339 341
342 343 344
342 345 343
345 346 343
345 347 346
348 349 350
348 350 351
352 348 351
352 351 353
354 355 356
354 357 355
357 358 355
357 359 358
360 361 362
360 362 363
364 360 363
364 363 365
366 367 368
366 369 367
369 370 367
369 371 370
372 373 374
372 374 375
376 372 375
376 375 377
378 379 380
378 381 379
381 382 379
381 383 382
384 385 386
384 386 387
388 384 387
388 387 389
390 391 392
390 392 393
394 390 393
394 393 395
396 397 398
396 398 399
400 396 399
400 399 401
402 403 404
402 404 405
406 402 405
406 405 407
408 409 410
408 410 411
412 408 411
412 411 413
414 415 416
414 416 417
418 414 417
418 417 419
420 421 422
420 422 423
424 420 423
424 423 425
426 427 428
426 428 429
430 426 429
430 429 431
432 433 434
432 434 435
436 432 435
436 435 437
438 439 440
438 440 441
442 438 441
442 441 443
444 445 446
444 446 447
448 444 447
448 447 449
450 451 452
450 452 453
454 450 453
454 453 455
456 457 458
456 458 459
460 456 459
460 459 461
462 463 464
462 464 465
466 462 465
466 465 467
468 469 470
468 470 471
472 468 471
472 471 473
474 475 476
474 476 477
478 474 477
478 477 479
480 481 482
480 483 481
484 483 480
484 480 485
486 487 488
486 489 487
490 489 486
490 486 491
492 493 494
492 495 493
496 495 492
496 492 497
498 499 500
498 501 499
502 501 498
502 498 503
504 505 506
504 507 505
508 507 504
508 504 509
510 511 512
510 513 511
514 513 510
514 510 515
516 517 518
516 519 517
520 519 516
520 516 521
522 523 524
522 525 523
526 525 522
526 522 527
528 529 530
528 531 529
532 531 528
532 528 533
534 535 536
534 537 535
538 537 534
538 534 539
540 541 542
540 543 541
544 543 540
544 540 545
546 547 548
546 549 547
550 549 546
550 546 551
552 553 554
552 555 553
556 555 552
556 552 557
558 559 560
558 561 559
562 561 558
562 558 563
564 565 566
564 567 565
568 567 564
568 564 569
570 571 572
570 573 571
574 573 570
574 570 575
576 577 578
576 578 579
580 576 579
580 579 581
582 583 584
582 585 583
585 586 583
585 587 586
588 589 590
588 590 591
592 588 591
592 591 593
594 595 596
594 597 595
597 598 595
597 599 598
600 601 602
600 602 603
604 600 603
604 603 605
606 607 608
606 609 607
609 610 607
609 611 610
612 613 614
612 614 615
616 612 615
616 615 617
618 619 620
618 621 619
621 622 619
621 623 622
624 625 626
624 626 627
628 624 627
628 627 629
630 631 632
630 633 631
633 634 631
633 635 634
636 637 638
636 638 639
640 636 639
640 639 641
642 643 644
642 645 643
645 646 643
645 647 646
648 649 650
648 650 651
652 648 651
652 651 653
654 655 656
654 657 655
657 658 655
657 659 658
660 661 662
660 662 663
664 660 663
664 663 665
666 667 668
666 669 667
669 670 667
669 671 670
672 673 674
672 674 675
676 672 675
676 675 677
678 679 680
678 681 679
681 682 679
681 683 682
684 685 686
684 686 687
688 684 687
688 687 689
690 691 692
690 693 691
693 694 691
693 695 694
696 697 698
696 698 699
700 696 699
700 699 701
702 703 704
702 705 703
705 706 703
705 707 706
708 709 710
708 710 711
712 708 711
712 711 713
714 715 716
714 717 715
717 718 715
717 719 718
720 721 722
720 722 723
724 720 723
724 723 725
726 727 728
726 729 727
729 730 727
729 731 730
732 733 734
732 734 735
736 732 735
736 735 737
738 739 740
738 741 739
741 742 739
741 743 742
744 745 746
744 746 747
748 744 747
748 747 749
750 751 752
750 753 751
753 754 751
753 755 754
756 757 758
756 758 759
760 756 759
760 759 761
762 763 764
762 765 763
765 766 763
765 767 766
768 769 770
768 770 771
772 768 771
772 771 773
774 775 776
774 776 777
778 774 777
778 777 779
780 781 782
780 782 783
784 780 783
784 783 785
786 787 788
786 788 789
790 786 789
790 789 791
792 793 794
792 794 795
796 792 795
796 795 797
798 799 800
798 800 801
802 798 801
802 801 803
804 805 806
804 806 807
808 804 807
808 807 809
810 811 812
810 812 813
814 810 813
814 813 815
816 817 818
816 818 819
820 816 819
820 819 821
822 823 824
822 824 825
826 822 825
826 825 827
828 829 830
828 830 831
832 828 831
832 831 833
834 835 836
834 836 837
838 834 837
838 837 839
840 841 842
840 842 843
844 840 843
844 843 845
846 847 848
846 848 849
850 846 849
850 849 851
852 853 854
852 854 855
856 852 855
856 855 857
858 859 860
858 860 861
862 858 861
862 861 863
864 865 866
864 867 865
868 867 864
868 864 869
870 871 872
870 873 871
874 873 870
874 870 875
876 877 878
876 879 877
880 879 876
880 876 881
882 883 884
882 885 883
886 885 882
886 882 887
888 889 890
888 891 889
892 891 888
892 888 893
894 895 896
894 897 895
898 897 894
898 894 899
900 901 902
900 903 901
904 903 900
904 900 905
906 907 908
906 909 907
910 909 906
910 906 911
912 913 914
912 915 913
916 915 912
916 912 917
918 919 920
918 921 919
922 921 918
922 918 923
924 925 926
924 927 925
928 927 924
928 924 929
930 931 932
930 933 931
934 933 930
934 930 935
936 937 938
936 939 937
940 939 936
940 936 941
942 943 944
942 945 943
946 945 942
946 942 947
948 949 950
948 951 949
952 951 948
952 948 953
954 955 956
954 957 955
958 957 954
958 954 959
960 961 962
960 962 963
964 960 963
964 963 965
966 967 968
966 969 967
969 970 967
969 971 970
972 973 974
972 974 975
976 972 975
976 975 977
978 979 980
978 981 979
981 982 979
981 983 982
984 985 986
984 986 987
988 984 987
988 987 989
990 991 992
990 993 991
993 994 991
993 995 994
996 997 998
996 998 999
1000 996 999
1000 999 1001
1002 1003 1004
1002 1005 1003
1005 1006 1003
1005 1007 1006
1008 1009 1010
1008 1010 1011
1012 1008 1011
1012 1011 1013
1014 1015 1016
1014 1017 1015
1017 1018 1015
1017 1019 1018
1020 1021 1022
1020 1022 1023
1024 1020 1023
1024 1023 1025
1026 1027 1028
1026 1029 1027
1029 1030 1027
1029 1031 1030
1032 1033 1034
1032 1034 1035
1036 1032 1035
1036 1035 1037
1038 1039 1040
1038 1041 1039
1041 1042 1039
1041 1043 1042
1044 1045 1046
1044 1046 1047
1048 1044 1047
1048 1047 1049
1050 1051 1052
1050 1053 1051
1053 1054 1051
1053 1055 1054
1056 1057 1058
1056 1058 1059
1060 1056 1059
1060 1059 1061
1062 1063 1064
1062 1065 1063
1065 1066 1063
1065 1067 1066
1068 1069 1070
1068 1070 1071
1072 1068 1071
1072 1071 1073
1074 1075 1076
1074 1077 1075
1077 1078 1075
1077 1079 1078
1080 1081 1082
1080 1082 1083
1084 1080 1083
1084 1083 1085
1086 1087 1088
1086 1089 1087
1089 1090 1087
1089 1091 1090
1092 1093 1094
1092 1094 1095
1096 1092 1095
1096 1095 1097
1098 1099 1100
1098 1101 1099
1101 1102 1099
1101 1103 1102
1104 1105 1106
1104 1106 1107
1108 1104 1107
1108 1107 1109
1110 1111 1112
1110 1113 1111
1113 1114 1111
1113 1115 1114
1116 1117 1118
1116 1118 1119
1120 1116 1119
1120 1119 1121
1122 1123 1124
1122 1125 1123
1125 1126 1123
1125 1127 1126
1128 1129 1130
1128 1130 1131
1132 1128 1131
1132 1131 1133
1134 1135 1136
1134 1137 1135
1137 1138 1135
1137 1139 1138
1140 1141 1142
1140 1142 1143
1144 1140 1143
1144 1143 1145
1146 1147 1148
1146 1149 1147
1149 1150 1147
1149 1151 1150
1152 1153 1154
1152 1154 1155
1156 1152 1155
1156 1155 1157
1158 1159 1160
1158 1160 1161
1162 1158 1161
1162 1161 1163
1164 1165 1166
1164 1166 1167
1168 1164 1167
1168 1167 1169
1170 1171 1172
1170 1172 1173
1174 1170 1173
1174 1173 1175
1176 1177 1178
1176 1178 1179
1180 1176 1179
1180 1179 1181
1182 1183 1184
1182 1184 1185
1186 1182 1185
1186 1185 1187
1188 1189 1190
1188 1190 1191
1192 1188 1191
1192 1191 1193
1194 1195 1196
1194 1196 1197
1198 1194 1197
1198 1197 1199
1200 1201 1202
1200 1202 1203
1204 1200 1203
1204 1203 1205
1206 1207 1208
1206 1208 1209
1210 1206 1209
1210 1209 1211
1212 1213 1214
1212 1214 1215
1216 1212 1215
1216 1215 1217
1218 1219 1220
1218 1220 1221
1222 1218 1221
1222 1221 1223
1224 1225 1226
1224 1226 1227
1228 1224 1227
1228 1227 1229
1230 1231 1232
1230 1232 1233
1234 1230 1233
1234 1233 1235
1236 1237 1238
1236 1238 1239
1240 1236 1239
1240 1239 1241
1242 1243 1244
1242 1244 1245
1246 1242 1245
1246 1245 1247
1248 1249 1250
1248 1251 1249
1252 1251 1248
1252 1248 1253
1254 1255 1256
1254 1257 1255
1258 1257 1254
1258 1254 1259
1260 1261 1262
1260 1263 1261
1264 1263 1260
1264 1260 1265
1266 1267 1268
1266 1269 1267
1270 1269 1266
1270 1266 1271
1272 1273 1274
1272 1275 1273
1276 1275 1272
1276 1272 1277
1278 1279 1280
1278 1281 1279
1282 1281 1278
1282 1278 1283
1284 1285 1286
1284 1287 1285
1288 1287 1284
1288 1284 1289
1290 1291 1292
1290 1293 1291
1294 1293 1290
1294 1290 1295
1296 1297 1298
1296 1299 1297
1300 1299 1296
1300 1296 1301
1302 1303 1304
1302 1305 1303
1306 1305 1302
1306 1302 1307
1308 1309 1310
1308 1311 1309
1312 1311 1308
1312 1308 1313
1314 1315 1316
1314 1317 1315
1318 1317 1314
1318 1314 1319
1320 1321 1322
1320 1323 1321
1324 1323 1320
1324 1320 1325
1326 1327 1328
1326 1329 1327
1330 1329 1326
1330 1326 1331
1332 1333 1334
1332 1335 1333
1336 1335 1332
1336 1332 1337
1338 1339 1340
1338 1341 1339
1342 1341 1338
1342 1338 1343
1344 1345 1346
1344 1346 1347
1348 1344 1347
1348 1347 1349
1350 1351 1352
1350 1353 1351
1353 1354 1351
1353 1355 1354
1356 1357 1358
1356 1358 1359
1360 1356 1359
1360 1359 1361
1362 1363 1364
1362 1365 1363
1365 1366 1363
1365 1367 1366
1368 1369 1370
1368 1370 1371
1372 1368 1371
1372 1371 1373
1374 1375 1376
1374 1377 1375
1377 1378 1375
1377 1379 1378
1380 1381 1382
1380 1382 1383
1384 1380 1383
1384 1383 1385
1386 1387 1388
1386 1389 1387
1389 1390 1387
1389 1391 1390
1392 1393 1394
1392 1394 1395
1396 1392 1395
1396 1395 1397
1398 1399 1400
1398 1401 1399
1401 1402 1399
1401 1403 1402
1404 1405 1406
1404 1406 1407
1408 1404 1407
1408 1407 1409
1410 1411 1412
1410 1413 1411
1413 1414 1411
1413 1415 1414
1416 1417 1418
1416 1418 1419
1420 1416 1419
1420 1419 1421
1422 1423 1424
1422 1425 1423
1425 1426 1423
1425 1427 1426
1428 1429 1430
1428 1430 1431
1432 1428 1431
1432 1431 1433
1434 1435 1436
1434 1437 1435
1437 1438 1435
1437 1439 1438
1440 1441 1442
1440 1442 1443
1444 1440 1443
1444 1443 1445
1446 1447 1448
1446 1449 1447
1449 1450 1447
1449 1451 1450
1452 1453 1454
1452 1454 1455
1456 1452 1455
1456 1455 1457
1458 1459 1460
1458 1461 1459
1461 1462 1459
1461 1463 1462
1464 1465 1466
1464 1466 1467
1468 1464 1467
1468 1467 1469
1470 1471 1472
1470 1473 1471
1473 1474 1471
1473 1475 1474
1476 1477 1478
1476 1478 1479
1480 1476 1479
1480 1479 1481
1482 1483 1484
1482 1485 1483
1485 1486 1483
1485 1487 1486
1488 1489 1490
1488 1490 1491
1492 1488 1491
1492 1491 1493
1494 1495 1496
1494 1497 1495
1497 1498 1495
1497 1499 1498
1500 1501 1502
1500 1502 1503
1504 1500 1503
1504 1503 1505
1506 1507 1508
1506 1509 1507
1509 1510 1507
1509 1511 1510
1512 1513 1514
1512 1514 1515
1516 1512 1515
1516 1515 1517
1518 1519 1520
1518 1521 1519
1521 1522 1519
1521 1523 1522
1524 1525 1526
1524 1526 1527
1528 1524 1527
1528 1527 1529
1530 1531 1532
1530 1533 1531
1533 1534 1531
1533 1535 1534
1536 1537 1538
1536 1538 1539
1538 1540 1539
1538 1541 1540
1542 1536 1539
1540 1541 1543
1542 1539 1544
1544 1539 1540
1542 1544 1545
1545 1546 1542
1545 1544 1547
1544 1540 1547
1548 1546 1545
1545 1547 1548
1548 1549 1546
1550 1546 1549
1540 1543 1551
1552 1551 1543
1552 1543 1553
1552 1553 1554
1540 1551 1555
1540 1555 1547
1555 1551 1552
1555 1552 1556
1557 1555 1556
1558 1547 1555
1557 1558 1555
1548 1547 1559
1558 1559 1547
1560 1558 1557
1560 1559 1558
1560 1557 1561
1560 1562 1559
1563 1559 1562
1559 1564 1548
1563 1564 1559
1564 1549 1548
1565 1564 1563
1565 1563 1566
1567 1549 1564
1567 1564 1565
1550 1549 1567
1568 1565 1566
1568 1566 1569
1570 1568 1569
1571 1550 1567
1572 1550 1571
1571 1573 1572
1567 1565 1574
1565 1568 1574
1568 1575 1574
1576 1567 1574
1571 1567 1576
1575 1576 1574
1571 1577 1573
1576 1577 1571
1578 1573 1577
1570 1579 1568
1568 1579 1575
1580 1579 1570
1575 1579 1580
1580 1570 1581
1582 1580 1581
1582 1581 1583
1584 1582 1583
1576 1585 1577
1575 1585 1576
1578 1577 1586
1586 1577 1585
1586 1587 1578
1575 1580 1588
1582 1588 1580
1589 1585 1575
1586 1585 1589
1589 1575 1588
1586 1590 1587
1589 1590 1586
1591 1587 1590
1590 1592 1591
1593 1589 1588
1589 1593 1590
1582 1593 1588
1590 1594 1592
1593 1594 1590
1594 1595 1592
1594 1596 1595
1597 1596 1594
1598 1596 1597
1599 1598 1597
1593 1600 1594
1582 1600 1593
1597 1594 1600
1582 1601 1600
1597 1600 1601
1584 1601 1582
1602 1601 1584
1597 1601 1602
1602 1584 1603
1602 1603 1604
1599 1597 1605
1605 1597 1602
1605 1602 1606
1602 1604 1606
1599 1607 1608
1599 1609 1607
1608 1607 1610
1609 1611 1607
1609 1612 1611
1611 1612 1604
1611 1604 1613
1611 1613 1614
1611 1614 1615
1607 1611 1615
1614 1616 1615
1614 1617 1616
1616 1617 1618
1607 1619 1610
1619 1620 1610
1619 1621 1620
1607 1615 1622
1616 1622 1615
1607 1622 1619
1623 1621 1619
1623 1624 1621
1624 1623 1625
1626 1619 1622
1616 1626 1622
1626 1623 1619
1616 1618 1627
1627 1618 1628
1629 1625 1623
1629 1630 1625
1631 1623 1626
1631 1629 1623
1616 1632 1626
1616 1627 1632
1632 1631 1626
1627 1628 1633
1632 1627 1633
1630 1629 1634
1630 1634 1635
1629 1631 1636
1629 1636 1634
1631 1632 1637
1632 1633 1637
1631 1637 1636
1628 1638 1633
1638 1637 1633
1628 1639 1638
1638 1639 1640
1641 1635 1634
1641 1642 1635
1642 1641 1643
1644 1634 1636
1644 1641 1634
1645 1636 1637
1638 1645 1637
1645 1644 1636
1638 1640 1646
1645 1638 1646
1646 1640 1647
1641 1644 1648
1644 1645 1648
1641 1648 1643
1645 1646 1648
1646 1647 1649
1648 1646 1649
1643 1648 1650
1648 1649 1650
1643 1650 1651
1647 1652 1649
1647 1653 1652
1654 1652 1653
1649 1655 1650
1655 1651 1650
1652 1655 1649
1655 1656 1651
1656 1657 1651
1655 1652 1658
1656 1655 1658
1654 1659 1652
1659 1658 1652
1657 1656 1660
1656 1658 1660
1660 1658 1661
1657 1660 1662
1660 1661 1662
1657 1662 1663
1663 1662 1664
1664 1662 1661
1663 1664 1665
1664 1661 1666
1661 1554 1666
1654 1667 1659
1654 1561 1667
1659 1668 1658
1667 1668 1659
1661 1658 1668
1667 1669 1668
1668 1669 1552
1661 1670 1554
1661 1668 1670
1668 1552 1670
1552 1554 1670
1671 1672 1673
1671 1673 1674
1675 1671 1674
1675 1674 1676
1677 1675 1676
1677 1676 1678
1679 1677 1678
1679 1678 1680
1681 1679 1680
1681 1680 1682
1683 1681 1682
1683 1682 1684
1685 1683 1684
1685 1684 1686
1687 1685 1686
1687 1686 1688
1689 1687 1688
1689 1688 1690
1691 1689 1690
1691 1690 1692
1693 1694 1695
1694 1696 1695
1696 1697 1695
1697 1698 1695
1698 1699 1695
1699 1700 1695
1700 1701 1695
1701 1702 1695
1702 1703 1695
1703 1704 1695
1705 1706 1707
1705 1707 1708
1709 1705 1708
1709 1708 1710
1711 1709 1710
1711 1710 1712
1713 1711 1712
1713 1712 1714
1715 1713 1714
1715 1714 1716
1717 1715 1716
1717 1716 1718
1719 1717 1718
1719 1718 1720
1721 1719 1720
1721 1720 1722
1723 1721 1722
1723 1722 1724
1725 1723 1724
1725 1724 1726
1727 1728 1729
1727 1729 1730
1731 1727 1730
1730 1729 1732
1731 1730 1733
1734 1731 1733
1730 1732 1735
1733 1730 1735
1735 1732 1736
1734 1733 1737
1738 1734 1737
1733 1735 1739
1737 1733 1739
1738 1737 1740
1741 1738 1740
1740 1737 1742
1742 1737 1739
1741 1740 1743
1743 1740 1742
1744 1741 1743
1739 1735 1745
1735 1736 1745
1745 1736 1746
1739 1745 1747
1742 1739 1747
1747 1745 1746
1744 1743 1748
1749 1744 1748
1743 1742 1750
1748 1743 1750
1742 1747 1751
1751 1747 1746
1750 1742 1751
1749 1748 1752
1753 1749 1752
1748 1750 1754
1752 1748 1754
1750 1751 1755
1755 1751 1746
1754 1750 1755
1753 1752 1756
1757 1753 1756
1754 1755 1758
1758 1755 1746
1752 1754 1759
1759 1754 1758
1756 1752 1759
1757 1756 1760
1761 1757 1760
1761 1760 1762
1760 1756 1763
1763 1756 1759
1762 1760 1763
1759 1758 1764
1764 1758 1746
1763 1759 1764
1765 1764 1746
1763 1764 1765
1766 1765 1746
1767 1765 1766
1767 1763 1765
1762 1763 1767
1768 1746 1769
1770 1768 1769
1762 1770 1771
1770 1769 1771
1769 1746 1772
1771 1769 1772
1762 1771 1773
1774 1762 1773
1774 1773 1775
1775 1773 1776
1773 1771 1776
1775 1776 1777
1771 1772 1778
1771 1778 1776
1777 1776 1779
1776 1778 1779
1777 1779 1780
1778 1772 1781
1772 1746 1781
1780 1779 1782
1780 1782 1783
1779 1778 1784
1778 1781 1784
1779 1784 1782
1783 1782 1785
1783 1785 1786
1784 1781 1787
1781 1746 1787
1782 1784 1788
1784 1787 1788
1782 1788 1785
1786 1785 1789
1786 1789 1790
1788 1787 1791
1787 1746 1791
1785 1788 1792
1785 1792 1789
1788 1791 1792
1790 1789 1793
1789 1792 1793
1790 1793 1794
1791 1746 1795
1792 1791 1795
1792 1796 1793
1792 1795 1796
1794 1793 1797
1793 1796 1797
1794 1797 1798
1795 1746 1799
1796 1795 1799
1799 1746 1736
1796 1799 1800
1800 1799 1736
1797 1796 1800
1800 1736 1801
1798 1797 1802
1797 1800 1802
1802 1800 1801
1798 1802 1803
1802 1801 1804
1803 1802 1804
1803 1804 1805
1806 1807 1808
1806 1809 1807
1810 1809 1806
1810 1811 1809
1812 1811 1810
1812 1813 1811
1814 1813 1812
1814 1815 1813
1816 1815 1814
1816 1817 1815
1818 1817 1816
1818 1819 1817
1820 1819 1818
1820 1821 1819
1822 1821 1820
1822 1823 1821
1824 1823 1822
1824 1825 1823
1826 1825 1824
1826 1827 1825
1828 1829 1830
1830 1829 1831
1831 1829 1832
1832 1829 1833
1833 1829 1834
1834 1829 1835
1835 1829 1836
1836 1829 1837
1837 1829 1838
1838 1829 1839
1840 1841 1842
1840 1843 1841
1844 1843 1840
1844 1845 1843
1846 1845 1844
1846 1847 1845
1848 1847 1846
1848 1849 1847
1850 1849 1848
1850 1851 1849
1852 1851 1850
1852 1853 1851
1854 1853 1852
1854 1855 1853
1856 1855 1854
1856 1857 1855
1858 1857 1856
1858 1859 1857
1860 1859 1858
1860 1861 1859
1862 1863 1864
1862 1865 1863
1865 1862 1866
1863 1865 1867
1863 1867 1868
1865 1866 1869
1867 1865 1869
1869 1866 1870
1868 1867 1871
1868 1871 1872
1867 1869 1873
1871 1867 1873
1869 1870 1874
1873 1869 1874
1873 1874 1875
1870 1876 1874
1874 1876 1877
1875 1874 1877
1875 1877 1878
1875 1878 1879
1880 1875 1879
1872 1871 1881
1872 1881 1882
1871 1883 1881
1871 1873 1884
1884 1873 1875
1871 1884 1883
1885 1875 1880
1884 1875 1885
1883 1884 1885
1885 1880 1886
1883 1885 1887
1888 1885 1886
1887 1885 1888
1889 1890 1891
1889 1891 1892
1892 1893 1889
1891 1894 1892
1891 1895 1894
1892 1896 1893
1894 1896 1892
1896 1897 1893
1895 1898 1894
1895 1899 1898
1894 1900 1896
1898 1900 1894
1896 1901 1897
1900 1901 1896
1900 1902 1901
1897 1901 1903
1901 1904 1903
1902 1904 1901
1902 1905 1904
1902 1906 1905
1907 1906 1902
1899 1908 1898
1899 1909 1908
1898 1908 1910
1898 1911 1900
1911 1902 1900
1898 1910 1911
1912 1907 1902
1911 1912 1902
1910 1912 1911
1912 1913 1907
1910 1914 1912
1915 1913 1912
1914 1915 1912
1916 1917 1918
1916 1919 1917
1919 1916 1920
1919 1921 1917
1919 1922 1921
1919 1920 1923
1922 1919 1923
1922 1924 1921
1922 1923 1925
1922 1926 1924
1922 1925 1927
1922 1928 1926
1928 1922 1927
1928 1929 1926
1928 1927 1930
1928 1931 1929
1931 1928 1930
1931 1932 1929
1931 1930 1933
1931 1934 1932
1934 1931 1933
1934 1933 1935
1934 1936 1932
1937 1934 1935
1934 1938 1936
1937 1938 1934
1938 1939 1936
1937 1939 1938
1940 1941 1942
1940 1943 1941
1943 1940 1944
1943 1945 1941
1943 1946 1945
1943 1944 1947
1946 1943 1947
1946 1948 1945
1946 1947 1949
1946 1950 1948
1946 1949 1951
1946 1952 1950
1952 1946 1951
1952 1953 1950
1952 1951 1954
1952 1955 1953
1955 1952 1954
1955 1956 1953
1955 1954 1957
1955 1958 1956
1958 1955 1957
1958 1957 1959
1958 1960 1956
1961 1958 1959
1958 1962 1960
1961 1962 1958
1962 1963 1960
1961 1963 1962
1964 1965 1966
1964 1966 1967
1968 1969 1970
1968 1970 1971
1972 1973 1974
1972 1974 1975
1976 1977 1978
1976 1978 1979
1980 1981 1982
1980 1982 1983
1984 1985 1986
1984 1986 1987
1988 1989 1990
1988 1990 1991
1992 1993 1994
1992 1994 1995
1996 1997 1998
1996 1998 1999
2000 2001 2002
2000 2002 2003
2004 2005 2006
2004 2006 2007
2008 2009 2010
2008 2010 2011
2012 2013 2014
2012 2014 2015
2016 2017 2018
2016 2018 2019
2020 2021 2022
2020 2022 2023
2024 2025 2026
2024 2026 2027
2028 2024 2027
2028 2027 2029
2028 2029 2030
2028 2030 2031
2032 2033 2034
2032 2035 2033
2032 2036 2035
2032 2037 2036
2037 2038 2036
2037 2039 2038
2040 2041 2042
2040 2042 2043
2042 2044 2043
2042 2045 2044
2044 2045 2046
2044 2046 2047
2048 2047 2046
2048 2049 2047
2050 2049 2048
2050 2051 2049
2052 2051 2050
2052 2053 2051
2054 2053 2052
2054 2055 2053
2056 2055 2054
2056 2057 2055
2058 2059 2060
2058 2060 2061
2061 2060 2062
2061 2062 2063
2063 2062 2064
2063 2064 2065
2066 2065 2064
2066 2064 2067
2068 2066 2067
2068 2069 2066
2070 2069 2068
2070 2068 2071
2072 2070 2071
2072 2073 2070
2074 2073 2072
2074 2072 2075
2076 2077 2078
2076 2078 2079
2080 2081 2082
2080 2082 2083
2084 2085 2086
2084 2086 2087
2088 2089 2090
2088 2090 2091
2092 2093 2094
2092 2094 2095
2096 2097 2098
2096 2099 2097
2097 2099 2100
2097 2100 2101
2100 2102 2101
2100 2103 2102
2102 2103 2104
2102 2104 2105
2105 2104 2106
2105 2106 2107
2106 2108 2107
2106 2109 2108
2108 2109 2110
2108 2110 2111
2112 2111 2110
2112 2110 2113
2114 2112 2113
2114 2115 2112
2114 2116 2115
2114 2117 2116
2118 2116 2117
2118 2117 2119
2120 2118 2119
2120 2121 2118
2122 2123 2124
2122 2125 2123
2126 2125 2122
2126 2127 2125
2128 2127 2126
2128 2129 2127
2130 2129 2128
2130 2128 2131
2132 2130 2131
2132 2133 2130
2134 2135 2136
2134 2136 2137
2138 2134 2137
2138 2139 2134
2140 2139 2138
2140 2141 2139
2142 2141 2140
2142 2140 2143
2144 2142 2143
2144 2145 2142
2146 2147 2148
2146 2149 2147
2147 2149 2150
2147 2150 2151
2150 2152 2151
2150 2153 2152
2154 2152 2153
2154 2153 2155
2154 2155 2156
2154 2156 2157
2156 2158 2157
2156 2159 2158
2160 2158 2159
2160 2159 2161
2162 2160 2161
2162 2161 2163
2164 2162 2163
2164 2165 2162
2164 2166 2165
2164 2167 2166
2168 2166 2167
2168 2167 2169
2170 2168 2169
2170 2171 2168
2172 2173 2174
2172 2174 2175
2176 2177 2178
2176 2178 2179
2180 2181 2182
2180 2182 2183
2184 2185 2186
2184 2186 2187
2188 2189 2190
2188 2190 2191
2192 2193 2194
2192 2194 2195
2196 2197 2198
2196 2198 2199
2200 2201 2202
2200 2202 2203
2204 2205 2206
2206 2205 2207
2206 2208 2204
2206 2207 2209
2206 2210 2208
2210 2211 2208
2210 2212 2211
2213 2212 2210
2214 2210 2206
2213 2210 2214
2206 2209 2215
2214 2206 2215
2216 2215 2209
2214 2215 2216
2216 2209 2217
2216 2217 2218
2219 2216 2218
2216 2219 2220
2213 2214 2221
2214 2216 2221
2216 2220 2221
2213 2221 2222
2221 2220 2223
2221 2223 2222
2224 2225 2226
2227 2225 2224
2227 2224 2228
2224 2226 2229
2224 2230 2228
2231 2224 2229
2224 2231 2230
2231 2229 2232
2231 2233 2230
2234 2231 2232
2231 2234 2233
2234 2232 2235
2236 2233 2234
2237 2234 2235
2236 2234 2237
2237 2235 2238
2236 2237 2239
2240 2237 2238
2237 2241 2239
2240 2241 2237
2242 2243 2244
2243 2245 2244
2242 2244 2246
2247 2243 2242
2246 2244 2248
2244 2245 2248
2246 2248 2249
2247 2250 2243
2250 2245 2243
2251 2250 2247
2249 2248 2252
2248 2245 2252
2249 2252 2253
2251 2254 2250
2254 2245 2250
2255 2254 2251
2253 2252 2256
2252 2245 2256
2253 2256 2257
2255 2258 2254
2258 2245 2254
2256 2245 2259
2257 2256 2259
2260 2245 2258
2261 2258 2255
2261 2260 2258
2257 2259 2262
2263 2260 2261
2262 2259 2264
2259 2245 2264
2262 2264 2265
2263 2266 2260
2266 2245 2260
2267 2266 2263
2265 2264 2268
2264 2245 2268
2265 2268 2269
2267 2270 2266
2270 2245 2266
2271 2270 2267
2269 2268 2272
2268 2245 2272
2269 2272 2273
2273 2274 2271
2271 2274 2270
2274 2245 2270
2272 2245 2274
2273 2272 2274
2275 2276 2277
2276 2278 2277
2275 2277 2279
2280 2276 2275
2279 2277 2281
2277 2278 2281
2279 2281 2282
2280 2283 2276
2283 2278 2276
2284 2283 2280
2282 2281 2285
2281 2278 2285
2282 2285 2286
2284 2287 2283
2287 2278 2283
2288 2287 2284
2286 2285 2289
2285 2278 2289
2286 2289 2290
2288 2291 2287
2291 2278 2287
2289 2278 2292
2290 2289 2292
2293 2278 2291
2294 2291 2288
2294 2293 2291
2290 2292 2295
2296 2293 2294
2295 2292 2297
2292 2278 2297
2295 2297 2298
2296 2299 2293
2299 2278 2293
2300 2299 2296
2298 2297 2301
2297 2278 2301
2298 2301 2302
2300 2303 2299
2303 2278 2299
2304 2303 2300
2302 2301 2305
2301 2278 2305
2302 2305 2306
2306 2307 2304
2304 2307 2303
2307 2278 2303
2305 2278 2307
2306 2305 2307
2308 2309 2310
2309 2311 2310
2308 2310 2312
2313 2309 2308
2312 2310 2314
2310 2311 2314
2312 2314 2315
2313 2316 2309
2316 2311 2309
2317 2316 2313
2315 2314 2318
2314 2311 2318
2315 2318 2319
2317 2320 2316
2320 2311 2316
2321 2320 2317
2319 2318 2322
2318 2311 2322
2319 2322 2323
2321 2324 2320
2324 2311 2320
2322 2311 2325
2323 2322 2325
2326 2311 2324
2327 2324 2321
2327 2326 2324
2323 2325 2328
2329 2326 2327
2328 2325 2330
2325 2311 2330
2328 2330 2331
2329 2332 2326
2332 2311 2326
2333 2332 2329
2331 2330 2334
2330 2311 2334
2331 2334 2335
2333 2336 2332
2336 2311 2332
2337 2336 2333
2335 2334 2338
2334 2311 2338
2335 2338 2339
2339 2340 2337
2337 2340 2336
2340 2311 2336
2338 2311 2340
2339 2338 2340
2341 2342 2343
2342 2344 2343
2341 2343 2345
2346 2342 2341
2345 2343 2347
2343 2344 2347
2345 2347 2348
2346 2349 2342
2349 2344 2342
2350 2349 2346
2348 2347 2351
2347 2344 2351
2348 2351 2352
2350 2353 2349
2353 2344 2349
2354 2353 2350
2352 2351 2355
2351 2344 2355
2352 2355 2356
2354 2357 2353
2357 2344 2353
2355 2344 2358
2356 2355 2358
2359 2344 2357
2360 2357 2354
2360 2359 2357
2356 2358 2361
2362 2359 2360
2361 2358 2363
2358 2344 2363
2361 2363 2364
2362 2365 2359
2365 2344 2359
2366 2365 2362
2364 2363 2367
2363 2344 2367
2364 2367 2368
2366 2369 2365
2369 2344 2365
2370 2369 2366
2368 2367 2371
2367 2344 2371
2368 2371 2372
2372 2373 2370
2370 2373 2369
2373 2344 2369
2371 2344 2373
2372 2371 2373
