stride: 84
first vertex: 0
vertex count: 132
topology: trianglelist
element[0]:
  SemanticName: POSITION
  SemanticIndex: 0
  Format: R32G32B32_FLOAT
  InputSlot: 0
  AlignedByteOffset: 0
  InputSlotClass: per-vertex
  InstanceDataStepRate: 0
element[1]:
  SemanticName: NORMAL
  SemanticIndex: 0
  Format: R32G32B32_FLOAT
  InputSlot: 0
  AlignedByteOffset: 12
  InputSlotClass: per-vertex
  InstanceDataStepRate: 0
element[2]:
  SemanticName: TANGENT
  SemanticIndex: 0
  Format: R32G32B32A32_FLOAT
  InputSlot: 0
  AlignedByteOffset: 24
  InputSlotClass: per-vertex
  InstanceDataStepRate: 0
element[3]:
  SemanticName: BLENDWEIGHTS
  SemanticIndex: 0
  Format: R32G32B32A32_FLOAT
  InputSlot: 0
  AlignedByteOffset: 40
  InputSlotClass: per-vertex
  InstanceDataStepRate: 0
element[4]:
  SemanticName: BLENDINDICES
  SemanticIndex: 0
  Format: R32G32B32A32_UINT
  InputSlot: 0
  AlignedByteOffset: 56
  InputSlotClass: per-vertex
  InstanceDataStepRate: 0
element[5]:
  SemanticName: COLOR
  SemanticIndex: 0
  Format: R8G8B8A8_UNORM
  InputSlot: 0
  AlignedByteOffset: 72
  InputSlotClass: per-vertex
  InstanceDataStepRate: 0
element[6]:
  SemanticName: TEXCOORD
  SemanticIndex: 0
  Format: R32G32_FLOAT
  InputSlot: 0
  AlignedByteOffset: 76
  InputSlotClass: per-vertex
  InstanceDataStepRate: 0

vertex-data:

vb0[0]+000 POSITION: 0.07911521941423416, 0.29530876874923706, 0.07802854478359222
vb0[0]+012 NORMAL: 0.49741432070732117, 0.7226571440696716, 0.47994327545166016
vb0[0]+024 TANGENT: 0.9316338300704956, 0.03313649073243141, 0.36188462376594543, 1.0
vb0[0]+040 BLENDWEIGHTS: 0.5686973333358765, 0.43130266666412354, 0.0, 0.0
vb0[0]+056 BLENDINDICES: 15, 46, 0, 0
vb0[0]+072 COLOR: 1.0, 0.00392156862745098, 0.5019607843137255, 0.5019607843137255
vb0[0]+076 TEXCOORD: 0.005487322807312012, 0.35106050968170166

vb0[1]+000 POSITION: 0.07313666492700577, 0.2838025987148285, 0.090458944439888
vb0[1]+012 NORMAL: 0.4648944139480591, 0.6799909472465515, 0.5669968724250793
vb0[1]+024 TANGENT: 0.7994140386581421, -0.16515052318572998, 0.5776352882385254, 1.0
vb0[1]+040 BLENDWEIGHTS: 0.5292802453041077, 0.43905365467071533, 0.03166607767343521, 0.0
vb0[1]+056 BLENDINDICES: 46, 15, 52, 0
vb0[1]+072 COLOR: 1.0, 0.00392156862745098, 0.5019607843137255, 0.5019607843137255
vb0[1]+076 TEXCOORD: 0.060815632343292236, 0.2723879814147949

vb0[2]+000 POSITION: 0.07753138244152069, 0.28663185238838196, 0.08014451712369919
vb0[2]+012 NORMAL: 0.49017801880836487, 0.7073701620101929, 0.5092670917510986
vb0[2]+024 TANGENT: 0.9255754947662354, -0.09598255902528763, 0.36619311571121216, 1.0
vb0[2]+040 BLENDWEIGHTS: 0.554434597492218, 0.44556543231010437, 0.0, 0.0
vb0[2]+056 BLENDINDICES: 46, 15, 0, 0
vb0[2]+072 COLOR: 1.0, 0.00392156862745098, 0.5019607843137255, 0.5019607843137255
vb0[2]+076 TEXCOORD: 0.006968319416046143, 0.3026297986507416

vb0[3]+000 POSITION: 0.07251964509487152, 0.2922671139240265, 0.09240952879190445
vb0[3]+012 NORMAL: 0.4352535307407379, 0.6952542066574097, 0.5719929337501526
vb0[3]+024 TANGENT: 0.8048639297485352, -0.03300904855132103, 0.5925406217575073, 1.0
vb0[3]+040 BLENDWEIGHTS: 0.5842687487602234, 0.4157312512397766, 0.0, 0.0
vb0[3]+056 BLENDINDICES: 15, 46, 0, 0
vb0[3]+072 COLOR: 1.0, 0.00392156862745098, 0.5019607843137255, 0.5019607843137255
vb0[3]+076 TEXCOORD: 0.08021557331085205, 0.3125492036342621

vb0[4]+000 POSITION: 0.07168527692556381, 0.2995296120643616, 0.0928385928273201
vb0[4]+012 NORMAL: 0.4185381233692169, 0.7218528389930725, 0.5511390566825867
vb0[4]+024 TANGENT: 0.7928780913352966, 0.11846268177032471, 0.597754955291748, 1.0
vb0[4]+040 BLENDWEIGHTS: 0.7032796144485474, 0.29672038555145264, 0.0, 0.0
vb0[4]+056 BLENDINDICES: 15, 46, 0, 0
vb0[4]+072 COLOR: 1.0, 0.00392156862745098, 0.5019607843137255, 0.5019607843137255
vb0[4]+076 TEXCOORD: 0.09326359629631042, 0.34803307056427

vb0[5]+000 POSITION: 0.07871907949447632, 0.3001713752746582, 0.07774873822927475
vb0[5]+012 NORMAL: 0.48701998591423035, 0.736133873462677, 0.4700194299221039
vb0[5]+024 TANGENT: 0.924693763256073, 0.12470676004886627, 0.35970771312713623, 1.0
vb0[5]+040 BLENDWEIGHTS: 0.6187785863876343, 0.3812214136123657, 0.0, 0.0
vb0[5]+056 BLENDINDICES: 15, 46, 0, 0
vb0[5]+072 COLOR: 1.0, 0.00392156862745098, 0.5019607843137255, 0.5019607843137255
vb0[5]+076 TEXCOORD: 0.012139976024627686, 0.37644460797309875

vb0[6]+000 POSITION: 0.0611741729080677, 0.2900034189224243, 0.10279912501573563
vb0[6]+012 NORMAL: 0.3646100163459778, 0.6934799551963806, 0.6214056611061096
vb0[6]+024 TANGENT: 0.5598201155662537, -0.11223828792572021, 0.8209774494171143, 1.0
vb0[6]+040 BLENDWEIGHTS: 0.6419781446456909, 0.3580218553543091, 0.0, 0.0
vb0[6]+056 BLENDINDICES: 15, 46, 0, 0
vb0[6]+072 COLOR: 1.0, 0.00392156862745098, 0.5019607843137255, 0.5019607843137255
vb0[6]+076 TEXCOORD: 0.1556616723537445, 0.28344619274139404

vb0[7]+000 POSITION: 0.06079816818237305, 0.28177109360694885, 0.10061290860176086
vb0[7]+012 NORMAL: 0.37799835205078125, 0.6661310195922852, 0.6429515480995178
vb0[7]+024 TANGENT: 0.5380257964134216, -0.2750292718410492, 0.796798050403595, 1.0
vb0[7]+040 BLENDWEIGHTS: 0.5080131888389587, 0.4716622829437256, 0.020324520766735077, 0.0
vb0[7]+056 BLENDINDICES: 15, 46, 52, 0
vb0[7]+072 COLOR: 1.0, 0.00392156862745098, 0.5019607843137255, 0.5019607843137255
vb0[7]+076 TEXCOORD: 0.14234361052513123, 0.24118652939796448

vb0[8]+000 POSITION: 0.07010699063539505, 0.3077523410320282, 0.0921676829457283
vb0[8]+012 NORMAL: 0.40085557103157043, 0.7480432987213135, 0.5289101600646973
vb0[8]+024 TANGENT: 0.7659186124801636, 0.2354244887828827, 0.5982841849327087, 1.0
vb0[8]+040 BLENDWEIGHTS: 0.8416406512260437, 0.14812937378883362, 0.010230029001832008, 0.0
vb0[8]+056 BLENDINDICES: 15, 46, 44, 0
vb0[8]+072 COLOR: 1.0, 0.00392156862745098, 0.5019607843137255, 0.5019607843137255
vb0[8]+076 TEXCOORD: 0.10622767359018326, 0.3893328905105591

vb0[9]+000 POSITION: 0.07749220728874207, 0.3091902434825897, 0.07723337411880493
vb0[9]+012 NORMAL: 0.46571090817451477, 0.7619476914405823, 0.4500545859336853
vb0[9]+024 TANGENT: 0.9045380353927612, 0.197013720870018, 0.3781489133834839, 1.0
vb0[9]+040 BLENDWEIGHTS: 0.7691017389297485, 0.20381484925746918, 0.027083484455943108, 0.0
vb0[9]+056 BLENDINDICES: 15, 46, 44, 0
vb0[9]+072 COLOR: 1.0, 0.00392156862745098, 0.5019607843137255, 0.5019607843137255
vb0[9]+076 TEXCOORD: 0.027017921209335327, 0.4233396649360657

vb0[10]+000 POSITION: 0.06092594936490059, 0.29818663001060486, 0.10289779305458069
vb0[10]+012 NORMAL: 0.35685381293296814, 0.7087196707725525, 0.6085817813873291
vb0[10]+024 TANGENT: 0.5576816201210022, 0.09601127356290817, 0.8244834542274475, 1.0
vb0[10]+040 BLENDWEIGHTS: 0.7424036264419556, 0.25759637355804443, 0.0, 0.0
vb0[10]+056 BLENDINDICES: 15, 46, 0, 0
vb0[10]+072 COLOR: 1.0, 0.00392156862745098, 0.5019607843137255, 0.5019607843137255
vb0[10]+076 TEXCOORD: 0.16498467326164246, 0.3242422938346863

vb0[11]+000 POSITION: 0.04723816737532616, 0.28820058703422546, 0.10955386608839035
vb0[11]+012 NORMAL: 0.2934114336967468, 0.6806560754776001, 0.6712802648544312
vb0[11]+024 TANGENT: 0.362152099609375, -0.17240691184997559, 0.9160358309745789, 1.0
vb0[11]+040 BLENDWEIGHTS: 0.7028634548187256, 0.297136515378952, 0.0, 0.0
vb0[11]+056 BLENDINDICES: 15, 46, 0, 0
vb0[11]+072 COLOR: 1.0, 0.00392156862745098, 0.5019607843137255, 0.5019607843137255
vb0[11]+076 TEXCOORD: 0.23307985067367554, 0.2595278024673462

vb0[12]+000 POSITION: 0.0470125675201416, 0.2802480161190033, 0.10667035728693008
vb0[12]+012 NORMAL: 0.2994847893714905, 0.6659082770347595, 0.6832825541496277
vb0[12]+024 TANGENT: 0.3384796380996704, -0.34777238965034485, 0.8743488788604736, 1.0
vb0[12]+040 BLENDWEIGHTS: 0.5747318267822266, 0.4041575491428375, 0.021110646426677704, 0.0
vb0[12]+056 BLENDINDICES: 15, 46, 52, 0
vb0[12]+072 COLOR: 1.0, 0.00392156862745098, 0.5019607843137255, 0.5019607843137255
vb0[12]+076 TEXCOORD: 0.2212996482849121, 0.21783754229545593

vb0[13]+000 POSITION: 0.032040707767009735, 0.27935606241226196, 0.11071416735649109
vb0[13]+012 NORMAL: 0.21522808074951172, 0.666053831577301, 0.7141773104667664
vb0[13]+024 TANGENT: 0.20841079950332642, -0.3973177671432495, 0.8937022089958191, 1.0
vb0[13]+040 BLENDWEIGHTS: 0.4688989818096161, 0.341043084859848, 0.17950224876403809, 0.01055567990988493
vb0[13]+056 BLENDINDICES: 15, 46, 33, 52
vb0[13]+072 COLOR: 1.0, 0.00392156862745098, 0.5019607843137255, 0.5019607843137255
vb0[13]+076 TEXCOORD: 0.30283933877944946, 0.19937756657600403

vb0[14]+000 POSITION: 0.06781452149152756, 0.316365122795105, 0.09063860028982162
vb0[14]+012 NORMAL: 0.38224098086357117, 0.7735227942466736, 0.5055237412452698
vb0[14]+024 TANGENT: 0.7194702625274658, 0.3283991813659668, 0.6119775772094727, 1.0
vb0[14]+040 BLENDWEIGHTS: 0.8843256235122681, 0.07571126520633698, 0.03996311128139496, 0.0
vb0[14]+056 BLENDINDICES: 15, 44, 46, 0
vb0[14]+072 COLOR: 1.0, 0.00392156862745098, 0.5019607843137255, 0.5019607843137255
vb0[14]+076 TEXCOORD: 0.11993911862373352, 0.43400144577026367

vb0[15]+000 POSITION: 0.07545164227485657, 0.3181922137737274, 0.07629839330911636
vb0[15]+012 NORMAL: 0.4287184774875641, 0.7867814302444458, 0.4440442621707916
vb0[15]+024 TANGENT: 0.8681724667549133, 0.27509331703186035, 0.41303765773773193, 1.0
vb0[15]+040 BLENDWEIGHTS: 0.8052676320075989, 0.09931375831365585, 0.09541863203048706, 0.0
vb0[15]+056 BLENDINDICES: 15, 46, 44, 0
vb0[15]+072 COLOR: 1.0, 0.00392156862745098, 0.5019607843137255, 0.5019607843137255
vb0[15]+076 TEXCOORD: 0.04371911287307739, 0.47067806124687195

vb0[16]+000 POSITION: 0.07134938985109329, 0.3300115764141083, 0.07608334720134735
vb0[16]+012 NORMAL: 0.3948107063770294, 0.8211507797241211, 0.41211146116256714
vb0[16]+024 TANGENT: 0.8389820456504822, 0.2988274097442627, 0.45476511120796204, 1.0
vb0[16]+040 BLENDWEIGHTS: 0.7843499183654785, 0.1884966939687729, 0.02715344913303852, 0.0
vb0[16]+056 BLENDINDICES: 15, 44, 46, 0
vb0[16]+072 COLOR: 1.0, 0.00392156862745098, 0.5019607843137255, 0.5019607843137255
vb0[16]+076 TEXCOORD: 0.07505816221237183, 0.5304098129272461

vb0[17]+000 POSITION: 0.04691693186759949, 0.2962494194507599, 0.1098833978176117
vb0[17]+012 NORMAL: 0.28252846002578735, 0.7079953551292419, 0.6472405195236206
vb0[17]+024 TANGENT: 0.35125023126602173, 0.07956479489803314, 0.9328947067260742, 1.0
vb0[17]+040 BLENDWEIGHTS: 0.787240207195282, 0.21275979280471802, 0.0, 0.0
vb0[17]+056 BLENDINDICES: 15, 46, 0, 0
vb0[17]+072 COLOR: 1.0, 0.00392156862745098, 0.5019607843137255, 0.5019607843137255
vb0[17]+076 TEXCOORD: 0.24216270446777344, 0.29995250701904297

vb0[18]+000 POSITION: 0.03194348141551018, 0.2866538465023041, 0.11399364471435547
vb0[18]+012 NORMAL: 0.18633458018302917, 0.680387556552887, 0.7087681889533997
vb0[18]+024 TANGENT: 0.21059733629226685, -0.20441310107707977, 0.9559623599052429, 1.0
vb0[18]+040 BLENDWEIGHTS: 0.5608841776847839, 0.228425070643425, 0.2106907218694687, 0.0
vb0[18]+056 BLENDINDICES: 15, 46, 33, 0
vb0[18]+072 COLOR: 1.0, 0.00392156862745098, 0.5019607843137255, 0.5019607843137255
vb0[18]+076 TEXCOORD: 0.3137897849082947, 0.23949605226516724

vb0[19]+000 POSITION: 0.017273087054491043, 0.27854421734809875, 0.11313091218471527
vb0[19]+012 NORMAL: 0.10357458889484406, 0.6659925580024719, 0.7387328743934631
vb0[19]+024 TANGENT: 0.10285429656505585, -0.39247867465019226, 0.9139920473098755, 1.0
vb0[19]+040 BLENDWEIGHTS: 0.39100363850593567, 0.35795947909355164, 0.24048157036304474, 0.010555300861597061
vb0[19]+056 BLENDINDICES: 15, 33, 46, 52
vb0[19]+072 COLOR: 1.0, 0.00392156862745098, 0.5019607843137255, 0.5019607843137255
vb0[19]+076 TEXCOORD: 0.3801957964897156, 0.18422085046768188

vb0[20]+000 POSITION: 0.0177911426872015, 0.2854473888874054, 0.11554791778326035
vb0[20]+012 NORMAL: 0.1019103080034256, 0.6804386377334595, 0.7256841659545898
vb0[20]+024 TANGENT: 0.09826904535293579, -0.2150191068649292, 0.9716532230377197, 1.0
vb0[20]+040 BLENDWEIGHTS: 0.4689244031906128, 0.4082670211791992, 0.12280856817960739, 0.0
vb0[20]+056 BLENDINDICES: 33, 15, 46, 0
vb0[20]+072 COLOR: 1.0, 0.00392156862745098, 0.5019607843137255, 0.5019607843137255
vb0[20]+076 TEXCOORD: 0.38566523790359497, 0.22197601199150085

vb0[21]+000 POSITION: 0.059734124690294266, 0.3061680495738983, 0.10189121216535568
vb0[21]+012 NORMAL: 0.3423612117767334, 0.7354373335838318, 0.5847398042678833
vb0[21]+024 TANGENT: 0.5248292088508606, 0.2532510757446289, 0.8126611709594727, 1.0
vb0[21]+040 BLENDWEIGHTS: 0.8718811273574829, 0.12233646214008331, 0.005782406777143478, 0.0
vb0[21]+056 BLENDINDICES: 15, 46, 44, 0
vb0[21]+072 COLOR: 1.0, 0.00392156862745098, 0.5019607843137255, 0.5019607843137255
vb0[21]+076 TEXCOORD: 0.17512857913970947, 0.36448121070861816

vb0[22]+000 POSITION: 0.031404849141836166, 0.29425010085105896, 0.11433719098567963
vb0[22]+012 NORMAL: 0.17925699055194855, 0.7075989842414856, 0.6834986805915833
vb0[22]+024 TANGENT: 0.20616964995861053, 0.05176520720124245, 0.9771460294723511, 1.0
vb0[22]+040 BLENDWEIGHTS: 0.7161738276481628, 0.142476886510849, 0.14134930074214935, 0.0
vb0[22]+056 BLENDINDICES: 15, 33, 46, 0
vb0[22]+072 COLOR: 1.0, 0.00392156862745098, 0.5019607843137255, 0.5019607843137255
vb0[22]+076 TEXCOORD: 0.3230476975440979, 0.2776592969894409

vb0[23]+000 POSITION: 0.018436290323734283, 0.29196569323539734, 0.11589061468839645
vb0[23]+012 NORMAL: 0.12454599887132645, 0.6951512098312378, 0.7079922556877136
vb0[23]+024 TANGENT: 0.10810428857803345, -0.029654860496520996, 0.9936972260475159, 1.0
vb0[23]+040 BLENDWEIGHTS: 0.4818580746650696, 0.4418589174747467, 0.07628302276134491, 0.0
vb0[23]+056 BLENDINDICES: 33, 15, 46, 0
vb0[23]+072 COLOR: 1.0, 0.00392156862745098, 0.5019607843137255, 0.5019607843137255
vb0[23]+076 TEXCOORD: 0.38837552070617676, 0.25654470920562744

vb0[24]+000 POSITION: 0.017492366954684258, 0.30032438039779663, 0.11601132899522781
vb0[24]+012 NORMAL: 0.09599790722131729, 0.7221158146858215, 0.6850788593292236
vb0[24]+024 TANGENT: 0.22881890833377838, 0.13494229316711426, 0.9640708565711975, 1.0
vb0[24]+040 BLENDWEIGHTS: 0.9309089183807373, 0.0690910667181015, 0.0, 0.0
vb0[24]+056 BLENDINDICES: 15, 33, 0, 0
vb0[24]+072 COLOR: 1.0, 0.00392156862745098, 0.5019607843137255, 0.5019607843137255
vb0[24]+076 TEXCOORD: 0.3999686539173126, 0.299961119890213

vb0[25]+000 POSITION: 0.06335306912660599, 0.3268386125564575, 0.08885902166366577
vb0[25]+012 NORMAL: 0.34444668889045715, 0.798911988735199, 0.49304768443107605
vb0[25]+024 TANGENT: 0.7077860832214355, 0.3025977611541748, 0.6383364200592041, 1.0
vb0[25]+040 BLENDWEIGHTS: 0.8045384883880615, 0.16830801963806152, 0.027153465896844864, 0.0
vb0[25]+056 BLENDINDICES: 15, 44, 46, 0
vb0[25]+072 COLOR: 1.0, 0.00392156862745098, 0.5019607843137255, 0.5019607843137255
vb0[25]+076 TEXCOORD: 0.1439141035079956, 0.4888782501220703

vb0[26]+000 POSITION: 0.0668821781873703, 0.3431718349456787, 0.07558578997850418
vb0[26]+012 NORMAL: 0.3563680350780487, 0.8439303636550903, 0.4009779989719391
vb0[26]+024 TANGENT: 0.807167112827301, 0.367006778717041, 0.4623713493347168, 1.0
vb0[26]+040 BLENDWEIGHTS: 0.7120834589004517, 0.28791654109954834, 0.0, 0.0
vb0[26]+056 BLENDINDICES: 15, 44, 0, 0
vb0[26]+072 COLOR: 1.0, 0.00392156862745098, 0.5019607843137255, 0.5019607843137255
vb0[26]+076 TEXCOORD: 0.11055154353380203, 0.5973048210144043

vb0[27]+000 POSITION: 0.057374753057956696, 0.3143036961555481, 0.09997525811195374
vb0[27]+012 NORMAL: 0.3268844485282898, 0.7613717913627625, 0.5598745942115784
vb0[27]+024 TANGENT: 0.49051719903945923, 0.33970364928245544, 0.8024925589561462, 1.0
vb0[27]+040 BLENDWEIGHTS: 0.8626806139945984, 0.09862582385540009, 0.03869356960058212, 0.0
vb0[27]+056 BLENDINDICES: 15, 44, 46, 0
vb0[27]+072 COLOR: 1.0, 0.00392156862745098, 0.5019607843137255, 0.5019607843137255
vb0[27]+076 TEXCOORD: 0.1881752610206604, 0.4067140817642212

vb0[28]+000 POSITION: 0.04565589874982834, 0.3044120967388153, 0.10878507047891617
vb0[28]+012 NORMAL: 0.2707151472568512, 0.734868049621582, 0.621837854385376
vb0[28]+024 TANGENT: 0.3243327736854553, 0.23845982551574707, 0.9153934717178345, 1.0
vb0[28]+040 BLENDWEIGHTS: 0.8612738847732544, 0.12675605714321136, 0.011970126070082188, 0.0
vb0[28]+056 BLENDINDICES: 15, 46, 44, 0
vb0[28]+072 COLOR: 1.0, 0.00392156862745098, 0.5019607843137255, 0.5019607843137255
vb0[28]+076 TEXCOORD: 0.2528248131275177, 0.3412419259548187

vb0[29]+000 POSITION: 0.03039734996855259, 0.30301544070243835, 0.11302169412374496
vb0[29]+012 NORMAL: 0.17166346311569214, 0.7346852421760559, 0.6563301682472229
vb0[29]+024 TANGENT: 0.2019014060497284, 0.22819563746452332, 0.9524507522583008, 1.0
vb0[29]+040 BLENDWEIGHTS: 0.9129517078399658, 0.08527683466672897, 0.001771467737853527, 0.0
vb0[29]+056 BLENDINDICES: 15, 46, 44, 0
vb0[29]+072 COLOR: 1.0, 0.00392156862745098, 0.5019607843137255, 0.5019607843137255
vb0[29]+076 TEXCOORD: 0.3331763744354248, 0.3225598633289337

vb0[30]+000 POSITION: 0.014400612562894821, 0.30447524785995483, 0.11491960287094116
vb0[30]+012 NORMAL: 0.09175268560647964, 0.7356639504432678, 0.6711036562919617
vb0[30]+024 TANGENT: 0.44633838534355164, 0.4782085120677948, 0.7563719749450684, 1.0
vb0[30]+040 BLENDWEIGHTS: 0.9923558831214905, 0.007644115947186947, 0.0, 0.0
vb0[30]+056 BLENDINDICES: 15, 44, 0, 0
vb0[30]+072 COLOR: 1.0, 0.00392156862745098, 0.5019607843137255, 0.5019607843137255
vb0[30]+076 TEXCOORD: 0.41811448335647583, 0.32172322273254395

vb0[31]+000 POSITION: 0.010251619853079319, 0.30951666831970215, 0.1138812005519867
vb0[31]+012 NORMAL: 0.06442558765411377, 0.7491977214813232, 0.6592056751251221
vb0[31]+024 TANGENT: 0.44319677352905273, 0.5377469062805176, 0.7172203063964844, 1.0
vb0[31]+040 BLENDWEIGHTS: 0.9447575211524963, 0.05524246767163277, 0.0, 0.0
vb0[31]+056 BLENDINDICES: 15, 44, 0, 0
vb0[31]+072 COLOR: 1.0, 0.00392156862745098, 0.5019607843137255, 0.5019607843137255
vb0[31]+076 TEXCOORD: 0.4422767460346222, 0.34735286235809326

vb0[32]+000 POSITION: 0.029542462900280952, 0.31025126576423645, 0.1114492416381836
vb0[32]+012 NORMAL: 0.16731137037277222, 0.7490911483764648, 0.6409909725189209
vb0[32]+024 TANGENT: 0.18007570505142212, 0.2951732873916626, 0.938320517539978, 1.0
vb0[32]+040 BLENDWEIGHTS: 0.8989313840866089, 0.05962679162621498, 0.041441865265369415, 0.0
vb0[32]+056 BLENDINDICES: 15, 44, 46, 0
vb0[32]+072 COLOR: 1.0, 0.00392156862745098, 0.5019607843137255, 0.5019607843137255
vb0[32]+076 TEXCOORD: 0.3405526578426361, 0.36036333441734314

vb0[33]+000 POSITION: 0.013308746740221977, 0.3217518627643585, 0.1092790737748146
vb0[33]+012 NORMAL: 0.08325943350791931, 0.7867918610572815, 0.6115770936012268
vb0[33]+024 TANGENT: 0.08780384063720703, 0.256638765335083, 0.9625108242034912, 1.0
vb0[33]+040 BLENDWEIGHTS: 0.860005259513855, 0.13999472558498383, 0.0, 0.0
vb0[33]+056 BLENDINDICES: 15, 44, 0, 0
vb0[33]+072 COLOR: 1.0, 0.00392156862745098, 0.5019607843137255, 0.5019607843137255
vb0[33]+076 TEXCOORD: 0.4294164180755615, 0.41467440128326416

vb0[34]+000 POSITION: 0.003986293449997902, 0.31532204151153564, 0.11269815266132355
vb0[34]+012 NORMAL: 0.014021065086126328, 0.7733640670776367, 0.6338070631027222
vb0[34]+024 TANGENT: 0.270129919052124, 0.6568613052368164, 0.7039623856544495, 1.0
vb0[34]+040 BLENDWEIGHTS: 0.9074353575706482, 0.092564657330513, 0.0, 0.0
vb0[34]+056 BLENDINDICES: 15, 44, 0, 0
vb0[34]+072 COLOR: 1.0, 0.00392156862745098, 0.5019607843137255, 0.5019607843137255
vb0[34]+076 TEXCOORD: 0.47813767194747925, 0.3776143193244934

vb0[35]+000 POSITION: 1.851873238090107e-10, 0.31650489568710327, 0.11243695765733719
vb0[35]+012 NORMAL: -0.010836404748260975, 0.7738673090934753, 0.6332550048828125
vb0[35]+024 TANGENT: 0.0, 0.7270742058753967, 0.6865589022636414, 1.0
vb0[35]+040 BLENDWEIGHTS: 0.8793865442276001, 0.1206134632229805, 0.0, 0.0
vb0[35]+056 BLENDINDICES: 15, 44, 0, 0
vb0[35]+072 COLOR: 1.0, 0.00392156862745098, 0.5019607843137255, 0.5019607843137255
vb0[35]+076 TEXCOORD: 0.500159502029419, 0.3835039436817169

vb0[36]+000 POSITION: 0.04423897713422775, 0.31209883093833923, 0.10661759972572327
vb0[36]+012 NORMAL: 0.258638471364975, 0.7607039213180542, 0.5953449010848999
vb0[36]+024 TANGENT: 0.31434687972068787, 0.31127437949180603, 0.8968245387077332, 1.0
vb0[36]+040 BLENDWEIGHTS: 0.8806062340736389, 0.07908961921930313, 0.040304165333509445, 0.0
vb0[36]+056 BLENDINDICES: 15, 44, 46, 0
vb0[36]+072 COLOR: 1.0, 0.00392156862745098, 0.5019607843137255, 0.5019607843137255
vb0[36]+076 TEXCOORD: 0.26180508732795715, 0.3817128837108612

vb0[37]+000 POSITION: 0.02850925922393799, 0.32228603959083557, 0.10718650370836258
vb0[37]+012 NORMAL: 0.15600891411304474, 0.7866460680961609, 0.597368597984314
vb0[37]+024 TANGENT: 0.18741320073604584, 0.23915931582450867, 0.9527219533920288, 1.0
vb0[37]+040 BLENDWEIGHTS: 0.8564044833183289, 0.14359548687934875, 0.0, 0.0
vb0[37]+056 BLENDINDICES: 15, 44, 0, 0
vb0[37]+072 COLOR: 1.0, 0.00392156862745098, 0.5019607843137255, 0.5019607843137255
vb0[37]+076 TEXCOORD: 0.3493627905845642, 0.42365339398384094

vb0[38]+000 POSITION: 0.04249861463904381, 0.32346779108047485, 0.10329242795705795
vb0[38]+012 NORMAL: 0.22669920325279236, 0.786700427532196, 0.5742037296295166
vb0[38]+024 TANGENT: 0.3327079713344574, 0.24977180361747742, 0.9093510508537292, 1.0
vb0[38]+040 BLENDWEIGHTS: 0.849262535572052, 0.1507374346256256, 0.0, 0.0
vb0[38]+056 BLENDINDICES: 15, 44, 0, 0
vb0[38]+072 COLOR: 1.0, 0.00392156862745098, 0.5019607843137255, 0.5019607843137255
vb0[38]+076 TEXCOORD: 0.2743833661079407, 0.4400727152824402

vb0[39]+000 POSITION: 0.05402008444070816, 0.3249947428703308, 0.09730907529592514
vb0[39]+012 NORMAL: 0.2918054163455963, 0.7872937917709351, 0.5431557297706604
vb0[39]+024 TANGENT: 0.5138217210769653, 0.2717101573944092, 0.8137327432632446, 1.0
vb0[39]+040 BLENDWEIGHTS: 0.839955747127533, 0.16004422307014465, 0.0, 0.0
vb0[39]+056 BLENDINDICES: 15, 44, 0, 0
vb0[39]+072 COLOR: 1.0, 0.00392156862745098, 0.5019607843137255, 0.5019607843137255
vb0[39]+076 TEXCOORD: 0.2082940936088562, 0.4610873758792877

vb0[40]+000 POSITION: 0.0530768483877182, 0.33183425664901733, 0.09635055065155029
vb0[40]+012 NORMAL: 0.2774735391139984, 0.809791624546051, 0.5169583559036255
vb0[40]+024 TANGENT: 0.5619181990623474, 0.14899373054504395, 0.8136638402938843, 1.0
vb0[40]+040 BLENDWEIGHTS: 0.7761154174804688, 0.22388456761837006, 0.0, 0.0
vb0[40]+056 BLENDINDICES: 15, 44, 0, 0
vb0[40]+072 COLOR: 1.0, 0.00392156862745098, 0.5019607843137255, 0.5019607843137255
vb0[40]+076 TEXCOORD: 0.21649214625358582, 0.4959855079650879

vb0[41]+000 POSITION: 0.04197683557868004, 0.3314692974090576, 0.10186269879341125
vb0[41]+012 NORMAL: 0.21562068164348602, 0.8096438050270081, 0.545879602432251
vb0[41]+024 TANGENT: 0.36292707920074463, 0.10840415954589844, 0.9254903793334961, 1.0
vb0[41]+040 BLENDWEIGHTS: 0.777861475944519, 0.22213852405548096, 0.0, 0.0
vb0[41]+056 BLENDINDICES: 15, 44, 0, 0
vb0[41]+072 COLOR: 1.0, 0.00392156862745098, 0.5019607843137255, 0.5019607843137255
vb0[41]+076 TEXCOORD: 0.28004175424575806, 0.4810890555381775

vb0[42]+000 POSITION: 0.05974806472659111, 0.3400275409221649, 0.08821094036102295
vb0[42]+012 NORMAL: 0.31599995493888855, 0.8321720361709595, 0.4556683301925659
vb0[42]+024 TANGENT: 0.7249173521995544, 0.30847230553627014, 0.6159055829048157, 1.0
vb0[42]+040 BLENDWEIGHTS: 0.7338013052940369, 0.26619866490364075, 0.0, 0.0
vb0[42]+056 BLENDINDICES: 15, 44, 0, 0
vb0[42]+072 COLOR: 1.0, 0.00392156862745098, 0.5019607843137255, 0.5019607843137255
vb0[42]+076 TEXCOORD: 0.17367872595787048, 0.5537432432174683

vb0[43]+000 POSITION: 0.05925698205828667, 0.3563578724861145, 0.07583160698413849
vb0[43]+012 NORMAL: 0.29462113976478577, 0.8737203478813171, 0.3870546519756317
vb0[43]+024 TANGENT: 0.7092139720916748, 0.5313202738761902, 0.46337267756462097, 1.0
vb0[43]+040 BLENDWEIGHTS: 0.594860851764679, 0.40513917803764343, 0.0, 0.0
vb0[43]+056 BLENDINDICES: 15, 44, 0, 0
vb0[43]+072 COLOR: 1.0, 0.00392156862745098, 0.5019607843137255, 0.5019607843137255
vb0[43]+076 TEXCOORD: 0.16336634755134583, 0.6623283624649048

vb0[44]+000 POSITION: 0.05213312804698944, 0.3394826352596283, 0.09610412269830704
vb0[44]+012 NORMAL: 0.2690862715244293, 0.8216564655303955, 0.5024670362472534
vb0[44]+024 TANGENT: 0.5890713930130005, 0.228916198015213, 0.7749789953231812, 1.0
vb0[44]+040 BLENDWEIGHTS: 0.7612520456314087, 0.23874793946743011, 0.0, 0.0
vb0[44]+056 BLENDINDICES: 15, 44, 0, 0
vb0[44]+072 COLOR: 1.0, 0.00392156862745098, 0.5019607843137255, 0.5019607843137255
vb0[44]+076 TEXCOORD: 0.22624415159225464, 0.5344990491867065

vb0[45]+000 POSITION: 0.028109662234783173, 0.33091971278190613, 0.10606248676776886
vb0[45]+012 NORMAL: 0.14824345707893372, 0.8096615672111511, 0.5678662061691284
vb0[45]+024 TANGENT: 0.19875362515449524, 0.09691549092531204, 0.9752458333969116, 1.0
vb0[45]+040 BLENDWEIGHTS: 0.772630512714386, 0.22736945748329163, 0.0, 0.0
vb0[45]+056 BLENDINDICES: 15, 44, 0, 0
vb0[45]+072 COLOR: 1.0, 0.00392156862745098, 0.5019607843137255, 0.5019607843137255
vb0[45]+076 TEXCOORD: 0.35379648208618164, 0.4685007333755493

vb0[46]+000 POSITION: 0.053846005350351334, 0.35072389245033264, 0.08785881102085114
vb0[46]+012 NORMAL: 0.2646227478981018, 0.853603184223175, 0.4487052261829376
vb0[46]+024 TANGENT: 0.6399319767951965, 0.47153908014297485, 0.606743574142456, 1.0
vb0[46]+040 BLENDWEIGHTS: 0.641306459903717, 0.35869354009628296, 0.0, 0.0
vb0[46]+056 BLENDINDICES: 15, 44, 0, 0
vb0[46]+072 COLOR: 1.0, 0.00392156862745098, 0.5019607843137255, 0.5019607843137255
vb0[46]+076 TEXCOORD: 0.21099746227264404, 0.6055634617805481

vb0[47]+000 POSITION: 0.044550999999046326, 0.3607978820800781, 0.08805271238088608
vb0[47]+012 NORMAL: 0.2135242223739624, 0.8737157583236694, 0.43706774711608887
vb0[47]+024 TANGENT: 0.4855818748474121, 0.6226160526275635, 0.6136444807052612, 1.0
vb0[47]+040 BLENDWEIGHTS: 0.5503527522087097, 0.4496472477912903, 0.0, 0.0
vb0[47]+056 BLENDINDICES: 15, 44, 0, 0
vb0[47]+072 COLOR: 1.0, 0.00392156862745098, 0.5019607843137255, 0.5019607843137255
vb0[47]+076 TEXCOORD: 0.2649719715118408, 0.6523579359054565

vb0[48]+000 POSITION: 0.04736347123980522, 0.36887821555137634, 0.07544156908988953
vb0[48]+012 NORMAL: 0.23320534825325012, 0.900994062423706, 0.3658209443092346
vb0[48]+024 TANGENT: 0.5260370373725891, 0.6992404460906982, 0.4840947091579437, 1.0
vb0[48]+040 BLENDWEIGHTS: 0.5426192283630371, 0.4573807418346405, 0.0, 0.0
vb0[48]+056 BLENDINDICES: 44, 15, 0, 0
vb0[48]+072 COLOR: 1.0, 0.00392156862745098, 0.5019607843137255, 0.5019607843137255
vb0[48]+076 TEXCOORD: 0.2355160415172577, 0.7253161668777466

vb0[49]+000 POSITION: 0.031827304512262344, 0.3765471577644348, 0.07564178109169006
vb0[49]+012 NORMAL: 0.15839532017707825, 0.9178182482719421, 0.3640337288379669
vb0[49]+024 TANGENT: 0.31738677620887756, 0.7992148399353027, 0.5104126334190369, 1.0
vb0[49]+040 BLENDWEIGHTS: 0.6501755118370056, 0.3498244881629944, 0.0, 0.0
vb0[49]+056 BLENDINDICES: 44, 15, 0, 0
vb0[49]+072 COLOR: 1.0, 0.00392156862745098, 0.5019607843137255, 0.5019607843137255
vb0[49]+076 TEXCOORD: 0.3230021893978119, 0.7639281749725342

vb0[50]+000 POSITION: 0.04206877574324608, 0.3403555154800415, 0.10160403698682785
vb0[50]+012 NORMAL: 0.22704605758190155, 0.8216571807861328, 0.5228092670440674
vb0[50]+024 TANGENT: 0.3799404799938202, 0.16731321811676025, 0.9097535014152527, 1.0
vb0[50]+040 BLENDWEIGHTS: 0.773248553276062, 0.22675147652626038, 0.0, 0.0
vb0[50]+056 BLENDINDICES: 15, 44, 0, 0
vb0[50]+072 COLOR: 1.0, 0.00392156862745098, 0.5019607843137255, 0.5019607843137255
vb0[50]+076 TEXCOORD: 0.284048855304718, 0.5267690420150757

vb0[51]+000 POSITION: 0.04301513731479645, 0.35331088304519653, 0.09476535767316818
vb0[51]+012 NORMAL: 0.20985686779022217, 0.8537912368774414, 0.4764459729194641
vb0[51]+024 TANGENT: 0.45754969120025635, 0.4997037351131439, 0.7354892492294312, 1.0
vb0[51]+040 BLENDWEIGHTS: 0.6196796298027039, 0.38032037019729614, 0.0, 0.0
vb0[51]+056 BLENDINDICES: 15, 44, 0, 0
vb0[51]+072 COLOR: 1.0, 0.00392156862745098, 0.5019607843137255, 0.5019607843137255
vb0[51]+076 TEXCOORD: 0.2775312662124634, 0.6016911268234253

vb0[52]+000 POSITION: 0.030254462733864784, 0.3676305413246155, 0.08902400732040405
vb0[52]+012 NORMAL: 0.1478070616722107, 0.8919353485107422, 0.42732247710227966
vb0[52]+024 TANGENT: 0.2937570810317993, 0.7187130451202393, 0.6302050352096558, 1.0
vb0[52]+040 BLENDWEIGHTS: 0.5472610592842102, 0.4527389705181122, 0.0, 0.0
vb0[52]+056 BLENDINDICES: 44, 15, 0, 0
vb0[52]+072 COLOR: 1.0, 0.00392156862745098, 0.5019607843137255, 0.5019607843137255
vb0[52]+076 TEXCOORD: 0.34149855375289917, 0.6829264760017395

vb0[53]+000 POSITION: 0.01424391008913517, 0.381369024515152, 0.07599938660860062
vb0[53]+012 NORMAL: 0.06411315500736237, 0.9321563243865967, 0.35633420944213867
vb0[53]+024 TANGENT: 0.10302824527025223, 0.8406155705451965, 0.5317431092262268, 1.0
vb0[53]+040 BLENDWEIGHTS: 0.7725746035575867, 0.22742538154125214, 0.0, 0.0
vb0[53]+056 BLENDINDICES: 44, 15, 0, 0
vb0[53]+072 COLOR: 1.0, 0.00392156862745098, 0.5019607843137255, 0.5019607843137255
vb0[53]+076 TEXCOORD: 0.42083919048309326, 0.7857208251953125

vb0[54]+000 POSITION: 0.0421481616795063, 0.3462824821472168, 0.09951694309711456
vb0[54]+012 NORMAL: 0.22095036506652832, 0.8330851793289185, 0.5070996284484863
vb0[54]+024 TANGENT: 0.4164160490036011, 0.37375447154045105, 0.828797459602356, 1.0
vb0[54]+040 BLENDWEIGHTS: 0.7373387217521667, 0.26266130805015564, 0.0, 0.0
vb0[54]+056 BLENDINDICES: 15, 44, 0, 0
vb0[54]+072 COLOR: 1.0, 0.00392156862745098, 0.5019607843137255, 0.5019607843137255
vb0[54]+076 TEXCOORD: 0.28457343578338623, 0.5586280226707458

vb0[55]+000 POSITION: 0.0293473768979311, 0.35868608951568604, 0.09819719195365906
vb0[55]+012 NORMAL: 0.1457238346338272, 0.8638997077941895, 0.48212218284606934
vb0[55]+024 TANGENT: 0.26361286640167236, 0.5571406483650208, 0.7874658703804016, 1.0
vb0[55]+040 BLENDWEIGHTS: 0.5807574391365051, 0.4192425608634949, 0.0, 0.0
vb0[55]+056 BLENDINDICES: 15, 44, 0, 0
vb0[55]+072 COLOR: 1.0, 0.00392156862745098, 0.5019607843137255, 0.5019607843137255
vb0[55]+076 TEXCOORD: 0.35159018635749817, 0.6181381344795227

vb0[56]+000 POSITION: 0.028669681400060654, 0.350208580493927, 0.10270276665687561
vb0[56]+012 NORMAL: 0.1367693990468979, 0.8435103893280029, 0.5194077491760254
vb0[56]+024 TANGENT: 0.22410006821155548, 0.3779093325138092, 0.8983116149902344, 1.0
vb0[56]+040 BLENDWEIGHTS: 0.6649360060691833, 0.33506399393081665, 0.0, 0.0
vb0[56]+056 BLENDINDICES: 15, 44, 0, 0
vb0[56]+072 COLOR: 1.0, 0.00392156862745098, 0.5019607843137255, 0.5019607843137255
vb0[56]+076 TEXCOORD: 0.35553431510925293, 0.5694710612297058

vb0[57]+000 POSITION: 0.028190748766064644, 0.34125471115112305, 0.1055925190448761
vb0[57]+012 NORMAL: 0.14396293461322784, 0.8221340775489807, 0.5507906079292297
vb0[57]+024 TANGENT: 0.20227298140525818, 0.1716437190771103, 0.9641701579093933, 1.0
vb0[57]+040 BLENDWEIGHTS: 0.7709317207336426, 0.22906827926635742, 0.0, 0.0
vb0[57]+056 BLENDINDICES: 15, 44, 0, 0
vb0[57]+072 COLOR: 1.0, 0.00392156862745098, 0.5019607843137255, 0.5019607843137255
vb0[57]+076 TEXCOORD: 0.3568527400493622, 0.5214523673057556

vb0[58]+000 POSITION: 0.013773203827440739, 0.37231186032295227, 0.08899373561143875
vb0[58]+012 NORMAL: 0.060586363077163696, 0.9011935591697693, 0.4291613698005676
vb0[58]+024 TANGENT: 0.07155334949493408, 0.7590335607528687, 0.6471076011657715, -1.0
vb0[58]+040 BLENDWEIGHTS: 0.6329768896102905, 0.3670230805873871, 0.0, 0.0
vb0[58]+056 BLENDINDICES: 44, 15, 0, 0
vb0[58]+072 COLOR: 1.0, 0.00392156862745098, 0.5019607843137255, 0.5019607843137255
vb0[58]+076 TEXCOORD: 0.42757081985473633, 0.7051371335983276

vb0[59]+000 POSITION: 1.7629224469128957e-10, 0.3810167610645294, 0.0759553611278534
vb0[59]+012 NORMAL: -0.005976219195872545, 0.9324986934661865, 0.3611239790916443
vb0[59]+024 TANGENT: 0.0, 0.8413887619972229, 0.5404303073883057, 1.0
vb0[59]+040 BLENDWEIGHTS: 0.8286630511283875, 0.17133696377277374, 0.0, 0.0
vb0[59]+056 BLENDINDICES: 44, 15, 0, 0
vb0[59]+072 COLOR: 1.0, 0.00392156862745098, 0.5019607843137255, 0.5019607843137255
vb0[59]+076 TEXCOORD: 0.4991486370563507, 0.7874642610549927

vb0[60]+000 POSITION: 0.013236235827207565, 0.3619154691696167, 0.0992136001586914
vb0[60]+012 NORMAL: 0.0664021223783493, 0.8734476566314697, 0.48236897587776184
vb0[60]+024 TANGENT: 0.04019057750701904, 0.5845513343811035, 0.8103606700897217, -1.0
vb0[60]+040 BLENDWEIGHTS: 0.522181510925293, 0.47781845927238464, 0.0, 0.0
vb0[60]+056 BLENDINDICES: 15, 44, 0, 0
vb0[60]+072 COLOR: 1.0, 0.00392156862745098, 0.5019607843137255, 0.5019607843137255
vb0[60]+076 TEXCOORD: 0.4328514635562897, 0.6309654712677002

vb0[61]+000 POSITION: 1.796438137136036e-10, 0.3607168197631836, 0.09832838177680969
vb0[61]+012 NORMAL: -0.008121419697999954, 0.8738350868225098, 0.486154705286026
vb0[61]+024 TANGENT: 0.0, 0.5766620635986328, 0.8169827461242676, 1.0
vb0[61]+040 BLENDWEIGHTS: 0.56465083360672, 0.43534916639328003, 0.0, 0.0
vb0[61]+056 BLENDINDICES: 44, 15, 0, 0
vb0[61]+072 COLOR: 1.0, 0.00392156862745098, 0.5019607843137255, 0.5019607843137255
vb0[61]+076 TEXCOORD: 0.49954545497894287, 0.6288870573043823

vb0[62]+000 POSITION: 0.013181845657527447, 0.35109657049179077, 0.10430635511875153
vb0[62]+012 NORMAL: 0.072553351521492, 0.8442255854606628, 0.531054675579071
vb0[62]+024 TANGENT: 0.035109519958496094, 0.37543222308158875, 0.9261846542358398, -1.0
vb0[62]+040 BLENDWEIGHTS: 0.5773983001708984, 0.42260169982910156, 0.0, 0.0
vb0[62]+056 BLENDINDICES: 15, 44, 0, 0
vb0[62]+072 COLOR: 1.0, 0.00392156862745098, 0.5019607843137255, 0.5019607843137255
vb0[62]+076 TEXCOORD: 0.433712363243103, 0.5696620941162109

vb0[63]+000 POSITION: 0.013220380991697311, 0.33049896359443665, 0.10791833698749542
vb0[63]+012 NORMAL: 0.07913041114807129, 0.8099069595336914, 0.5811963677406311
vb0[63]+024 TANGENT: 0.06377624720335007, 0.10932183265686035, 0.9919583797454834, -1.0
vb0[63]+040 BLENDWEIGHTS: 0.7599280476570129, 0.24007195234298706, 0.0, 0.0
vb0[63]+056 BLENDINDICES: 15, 44, 0, 0
vb0[63]+072 COLOR: 1.0, 0.00392156862745098, 0.5019607843137255, 0.5019607843137255
vb0[63]+076 TEXCOORD: 0.43130019307136536, 0.4609220027923584

vb0[64]+000 POSITION: 0.013153263367712498, 0.341143935918808, 0.10742868483066559
vb0[64]+012 NORMAL: 0.07669799029827118, 0.822487473487854, 0.5635883808135986
vb0[64]+024 TANGENT: 0.047306302934885025, 0.17805255949497223, 0.9828832745552063, -1.0
vb0[64]+040 BLENDWEIGHTS: 0.7194371223449707, 0.2805629074573517, 0.0, 0.0
vb0[64]+056 BLENDINDICES: 15, 44, 0, 0
vb0[64]+072 COLOR: 1.0, 0.00392156862745098, 0.5019607843137255, 0.5019607843137255
vb0[64]+076 TEXCOORD: 0.433260440826416, 0.5160213708877563

vb0[65]+000 POSITION: 1.7794252182845582e-10, 0.37102121114730835, 0.08892156183719635
vb0[65]+012 NORMAL: -0.007223666645586491, 0.9013662338256836, 0.43299734592437744
vb0[65]+024 TANGENT: 0.0, 0.748767614364624, 0.6628326177597046, 1.0
vb0[65]+040 BLENDWEIGHTS: 0.6859592199325562, 0.31404078006744385, 0.0, 0.0
vb0[65]+056 BLENDINDICES: 44, 15, 0, 0
vb0[65]+072 COLOR: 1.0, 0.00392156862745098, 0.5019607843137255, 0.5019607843137255
vb0[65]+076 TEXCOORD: 0.4993623197078705, 0.7020682692527771

vb0[66]+000 POSITION: -0.013773202896118164, 0.37231186032295227, 0.08899373561143875
vb0[66]+012 NORMAL: -0.060582805424928665, 0.9011936783790588, 0.4291616380214691
vb0[66]+024 TANGENT: -0.07155346870422363, 0.7590335011482239, 0.6471076607704163, 1.0
vb0[66]+040 BLENDWEIGHTS: 0.6329768896102905, 0.3670230805873871, 0.0, 0.0
vb0[66]+056 BLENDINDICES: 44, 15, 0, 0
vb0[66]+072 COLOR: 1.0, 0.00392156862745098, 0.5019607843137255, 0.5019607843137255
vb0[66]+076 TEXCOORD: 0.5711376070976257, 0.7054964303970337

vb0[67]+000 POSITION: -0.01424391008913517, 0.381369024515152, 0.07599938660860062
vb0[67]+012 NORMAL: -0.06411333382129669, 0.9321560263633728, 0.35633501410484314
vb0[67]+024 TANGENT: -0.10302828252315521, 0.8406156897544861, 0.5317427515983582, -1.0
vb0[67]+040 BLENDWEIGHTS: 0.7725746035575867, 0.22742539644241333, 0.0, 0.0
vb0[67]+056 BLENDINDICES: 44, 15, 0, 0
vb0[67]+072 COLOR: 1.0, 0.00392156862745098, 0.5019607843137255, 0.5019607843137255
vb0[67]+076 TEXCOORD: 0.577465832233429, 0.7861127853393555

vb0[68]+000 POSITION: 1.8137037705034942e-10, 0.35025930404663086, 0.1041785180568695
vb0[68]+012 NORMAL: -0.008745011873543262, 0.8531208634376526, 0.521639883518219
vb0[68]+024 TANGENT: 0.0, 0.372933030128479, 0.927858293056488, 1.0
vb0[68]+040 BLENDWEIGHTS: 0.5417668223381042, 0.45823314785957336, 0.0, 0.0
vb0[68]+056 BLENDINDICES: 15, 44, 0, 0
vb0[68]+072 COLOR: 1.0, 0.00392156862745098, 0.5019607843137255, 0.5019607843137255
vb0[68]+076 TEXCOORD: 0.49970290064811707, 0.5659652352333069

vb0[69]+000 POSITION: -0.030254462733864784, 0.3676305413246155, 0.08902400732040405
vb0[69]+012 NORMAL: -0.1478068083524704, 0.8919353485107422, 0.42732250690460205
vb0[69]+024 TANGENT: -0.2937573194503784, 0.7187130451202393, 0.6302049160003662, -1.0
vb0[69]+040 BLENDWEIGHTS: 0.5472610592842102, 0.4527389705181122, 0.0, 0.0
vb0[69]+056 BLENDINDICES: 44, 15, 0, 0
vb0[69]+072 COLOR: 1.0, 0.00392156862745098, 0.5019607843137255, 0.5019607843137255
vb0[69]+076 TEXCOORD: 0.657319962978363, 0.6837167739868164

vb0[70]+000 POSITION: -0.031827304512262344, 0.3765471577644348, 0.07564178109169006
vb0[70]+012 NORMAL: -0.15839870274066925, 0.917818546295166, 0.364031583070755
vb0[70]+024 TANGENT: -0.3173868656158447, 0.7992151975631714, 0.5104122161865234, -1.0
vb0[70]+040 BLENDWEIGHTS: 0.6501755118370056, 0.3498244881629944, 0.0, 0.0
vb0[70]+056 BLENDINDICES: 44, 15, 0, 0
vb0[70]+072 COLOR: 1.0, 0.00392156862745098, 0.5019607843137255, 0.5019607843137255
vb0[70]+076 TEXCOORD: 0.6754106879234314, 0.7648100852966309

vb0[71]+000 POSITION: -0.013236235827207565, 0.3619154691696167, 0.0992136001586914
vb0[71]+012 NORMAL: -0.0664016604423523, 0.8734466433525085, 0.48237088322639465
vb0[71]+024 TANGENT: -0.04019070044159889, 0.5845506191253662, 0.8103611469268799, 1.0
vb0[71]+040 BLENDWEIGHTS: 0.522181510925293, 0.47781845927238464, 0.0, 0.0
vb0[71]+056 BLENDINDICES: 15, 44, 0, 0
vb0[71]+072 COLOR: 1.0, 0.00392156862745098, 0.5019607843137255, 0.5019607843137255
vb0[71]+076 TEXCOORD: 0.5662282109260559, 0.6312992572784424

vb0[72]+000 POSITION: -0.044550999999046326, 0.3607978820800781, 0.08805271238088608
vb0[72]+012 NORMAL: -0.21352846920490265, 0.8737154006958008, 0.4370664656162262
vb0[72]+024 TANGENT: -0.4855818450450897, 0.6226161122322083, 0.6136443018913269, -1.0
vb0[72]+040 BLENDWEIGHTS: 0.5503527522087097, 0.4496472477912903, 0.0, 0.0
vb0[72]+056 BLENDINDICES: 15, 44, 0, 0
vb0[72]+072 COLOR: 1.0, 0.00392156862745098, 0.5019607843137255, 0.5019607843137255
vb0[72]+076 TEXCOORD: 0.7339985370635986, 0.6535316705703735

vb0[73]+000 POSITION: -0.04736347123980522, 0.36887821555137634, 0.07544156908988953
vb0[73]+012 NORMAL: -0.23319974541664124, 0.9009954333305359, 0.3658212125301361
vb0[73]+024 TANGENT: -0.5260372161865234, 0.6992405652999878, 0.48409438133239746, -1.0
vb0[73]+040 BLENDWEIGHTS: 0.5426192283630371, 0.4573807418346405, 0.0, 0.0
vb0[73]+056 BLENDINDICES: 44, 15, 0, 0
vb0[73]+072 COLOR: 1.0, 0.00392156862745098, 0.5019607843137255, 0.5019607843137255
vb0[73]+076 TEXCOORD: 0.7630889415740967, 0.7266363501548767

vb0[74]+000 POSITION: -0.05925698205828667, 0.3563578724861145, 0.07583160698413849
vb0[74]+012 NORMAL: -0.294622540473938, 0.8737226724624634, 0.38704797625541687
vb0[74]+024 TANGENT: -0.7092140316963196, 0.531320333480835, 0.46337249875068665, -1.0
vb0[74]+040 BLENDWEIGHTS: 0.5948607921600342, 0.40513917803764343, 0.0, 0.0
vb0[74]+056 BLENDINDICES: 15, 44, 0, 0
vb0[74]+072 COLOR: 1.0, 0.00392156862745098, 0.5019607843137255, 0.5019607843137255
vb0[74]+076 TEXCOORD: 0.835552990436554, 0.6640105247497559

vb0[75]+000 POSITION: -0.013181845657527447, 0.35109657049179077, 0.10430635511875153
vb0[75]+012 NORMAL: -0.07255163043737411, 0.8442305326461792, 0.5310471653938293
vb0[75]+024 TANGENT: -0.035109519958496094, 0.3754323422908783, 0.9261846542358398, 1.0
vb0[75]+040 BLENDWEIGHTS: 0.5773983001708984, 0.42260169982910156, 0.0, 0.0
vb0[75]+056 BLENDINDICES: 15, 44, 0, 0
vb0[75]+072 COLOR: 1.0, 0.00392156862745098, 0.5019607843137255, 0.5019607843137255
vb0[75]+076 TEXCOORD: 0.5656741261482239, 0.5699923634529114

vb0[76]+000 POSITION: -0.0293473768979311, 0.35868608951568604, 0.09819719195365906
vb0[76]+012 NORMAL: -0.14577287435531616, 0.863875687122345, 0.48215043544769287
vb0[76]+024 TANGENT: -0.2636129856109619, 0.5571404099464417, 0.7874660491943359, -1.0
vb0[76]+040 BLENDWEIGHTS: 0.5807574391365051, 0.4192425608634949, 0.0, 0.0
vb0[76]+056 BLENDINDICES: 15, 44, 0, 0
vb0[76]+072 COLOR: 1.0, 0.00392156862745098, 0.5019607843137255, 0.5019607843137255
vb0[76]+076 TEXCOORD: 0.6475526690483093, 0.6188787221908569

vb0[77]+000 POSITION: 1.8300706783325182e-10, 0.3403462767601013, 0.1071029081940651
vb0[77]+012 NORMAL: 0.00935429148375988, 0.8320261836051941, 0.5546575784683228
vb0[77]+024 TANGENT: 0.0, 0.17638634145259857, 0.9843209981918335, -1.0
vb0[77]+040 BLENDWEIGHTS: 0.6696571111679077, 0.3303428590297699, 0.0, 0.0
vb0[77]+056 BLENDINDICES: 15, 44, 0, 0
vb0[77]+072 COLOR: 1.0, 0.00392156862745098, 0.5019607843137255, 0.5019607843137255
vb0[77]+076 TEXCOORD: 0.4998382031917572, 0.5119062066078186

vb0[78]+000 POSITION: -0.013153261505067348, 0.341143935918808, 0.10742868483066559
vb0[78]+012 NORMAL: -0.07669654488563538, 0.8224917054176331, 0.5635822415351868
vb0[78]+024 TANGENT: -0.047306302934885025, 0.17805255949497223, 0.9828832745552063, 1.0
vb0[78]+040 BLENDWEIGHTS: 0.7194370627403259, 0.2805629074573517, 0.0, 0.0
vb0[78]+056 BLENDINDICES: 15, 44, 0, 0
vb0[78]+072 COLOR: 1.0, 0.00392156862745098, 0.5019607843137255, 0.5019607843137255
vb0[78]+076 TEXCOORD: 0.5663945078849792, 0.5163545608520508

vb0[79]+000 POSITION: -0.028669681400060654, 0.350208580493927, 0.10270276665687561
vb0[79]+012 NORMAL: -0.13676957786083221, 0.8435094356536865, 0.5194090604782104
vb0[79]+024 TANGENT: -0.2240997701883316, 0.37790921330451965, 0.8983116745948792, -1.0
vb0[79]+040 BLENDWEIGHTS: 0.6649360060691833, 0.33506399393081665, 0.0, 0.0
vb0[79]+056 BLENDINDICES: 15, 44, 0, 0
vb0[79]+072 COLOR: 1.0, 0.00392156862745098, 0.5019607843137255, 0.5019607843137255
vb0[79]+076 TEXCOORD: 0.643852174282074, 0.5701925754547119

vb0[80]+000 POSITION: -0.04301513731479645, 0.35331088304519653, 0.09476535767316818
vb0[80]+012 NORMAL: -0.2098539024591446, 0.8537909388542175, 0.4764474928379059
vb0[80]+024 TANGENT: -0.45754966139793396, 0.4997038245201111, 0.7354891896247864, -1.0
vb0[80]+040 BLENDWEIGHTS: 0.6196796298027039, 0.38032037019729614, 0.0, 0.0
vb0[80]+056 BLENDINDICES: 15, 44, 0, 0
vb0[80]+072 COLOR: 1.0, 0.00392156862745098, 0.5019607843137255, 0.5019607843137255
vb0[80]+076 TEXCOORD: 0.7216929793357849, 0.602802574634552

vb0[81]+000 POSITION: -0.053846005350351334, 0.35072389245033264, 0.08785881102085114
vb0[81]+012 NORMAL: -0.2646196186542511, 0.8536013960838318, 0.4487105906009674
vb0[81]+024 TANGENT: -0.6399321556091309, 0.4715390205383301, 0.6067436933517456, -1.0
vb0[81]+040 BLENDWEIGHTS: 0.641306459903717, 0.35869354009628296, 0.0, 0.0
vb0[81]+056 BLENDINDICES: 15, 44, 0, 0
vb0[81]+072 COLOR: 1.0, 0.00392156862745098, 0.5019607843137255, 0.5019607843137255
vb0[81]+076 TEXCOORD: 0.7882065773010254, 0.6070078611373901

vb0[82]+000 POSITION: -0.05974806472659111, 0.3400275409221649, 0.08821094036102295
vb0[82]+012 NORMAL: -0.3160446286201477, 0.8321531414985657, 0.45567190647125244
vb0[82]+024 TANGENT: -0.7249172925949097, 0.30847227573394775, 0.6159056425094604, -1.0
vb0[82]+040 BLENDWEIGHTS: 0.7338013052940369, 0.26619866490364075, 0.0, 0.0
vb0[82]+056 BLENDINDICES: 15, 44, 0, 0
vb0[82]+072 COLOR: 1.0, 0.00392156862745098, 0.5019607843137255, 0.5019607843137255
vb0[82]+076 TEXCOORD: 0.8257841467857361, 0.5553750395774841

vb0[83]+000 POSITION: -0.0668821781873703, 0.3431718349456787, 0.07558578997850418
vb0[83]+012 NORMAL: -0.35636603832244873, 0.8439301252365112, 0.40098026394844055
vb0[83]+024 TANGENT: -0.8071670532226562, 0.367006778717041, 0.46237143874168396, -1.0
vb0[83]+040 BLENDWEIGHTS: 0.7120834589004517, 0.28791654109954834, 0.0, 0.0
vb0[83]+056 BLENDINDICES: 15, 44, 0, 0
vb0[83]+072 COLOR: 1.0, 0.00392156862745098, 0.5019607843137255, 0.5019607843137255
vb0[83]+076 TEXCOORD: 0.8886926174163818, 0.5992521047592163

vb0[84]+000 POSITION: -0.05213312804698944, 0.3394826352596283, 0.09610412269830704
vb0[84]+012 NORMAL: -0.26907816529273987, 0.8216571807861328, 0.5024701952934265
vb0[84]+024 TANGENT: -0.5890710949897766, 0.22891627252101898, 0.7749790549278259, -1.0
vb0[84]+040 BLENDWEIGHTS: 0.7612520456314087, 0.23874793946743011, 0.0, 0.0
vb0[84]+056 BLENDINDICES: 15, 44, 0, 0
vb0[84]+072 COLOR: 1.0, 0.00392156862745098, 0.5019607843137255, 0.5019607843137255
vb0[84]+076 TEXCOORD: 0.7733157277107239, 0.5358679890632629

vb0[85]+000 POSITION: -0.06335306912660599, 0.3268386125564575, 0.08885902166366577
vb0[85]+012 NORMAL: -0.3445996940135956, 0.7988332509994507, 0.4930683672428131
vb0[85]+024 TANGENT: -0.7077860236167908, 0.3025977611541748, 0.6383364796638489, -1.0
vb0[85]+040 BLENDWEIGHTS: 0.8045384883880615, 0.16830801963806152, 0.027153465896844864, 0.0
vb0[85]+056 BLENDINDICES: 15, 44, 46, 0
vb0[85]+072 COLOR: 1.0, 0.00392156862745098, 0.5019607843137255, 0.5019607843137255
vb0[85]+076 TEXCOORD: 0.8558731079101562, 0.4906598627567291

vb0[86]+000 POSITION: -0.07134938985109329, 0.3300115764141083, 0.07608334720134735
vb0[86]+012 NORMAL: -0.3949286937713623, 0.821092426776886, 0.41211462020874023
vb0[86]+024 TANGENT: -0.8389819264411926, 0.29882726073265076, 0.45476531982421875, -1.0
vb0[86]+040 BLENDWEIGHTS: 0.7843498587608337, 0.1884966939687729, 0.027153439819812775, 0.0
vb0[86]+056 BLENDINDICES: 15, 44, 46, 0
vb0[86]+072 COLOR: 1.0, 0.00392156862745098, 0.5019607843137255, 0.5019607843137255
vb0[86]+076 TEXCOORD: 0.9245203733444214, 0.5325354933738708

vb0[87]+000 POSITION: -0.0421481616795063, 0.3462824821472168, 0.09951694309711456
vb0[87]+012 NORMAL: -0.2210262417793274, 0.8331700563430786, 0.5069270133972168
vb0[87]+024 TANGENT: -0.4164160490036011, 0.37375447154045105, 0.828797459602356, -1.0
vb0[87]+040 BLENDWEIGHTS: 0.7373387217521667, 0.26266130805015564, 0.0, 0.0
vb0[87]+056 BLENDINDICES: 15, 44, 0, 0
vb0[87]+072 COLOR: 1.0, 0.00392156862745098, 0.5019607843137255, 0.5019607843137255
vb0[87]+076 TEXCOORD: 0.7148663997650146, 0.5597047805786133

vb0[88]+000 POSITION: -0.04206877574324608, 0.3403555154800415, 0.10160403698682785
vb0[88]+012 NORMAL: -0.2270468771457672, 0.8216559290885925, 0.5228109955787659
vb0[88]+024 TANGENT: -0.3799402713775635, 0.1673130989074707, 0.9097537398338318, -1.0
vb0[88]+040 BLENDWEIGHTS: 0.773248553276062, 0.22675147652626038, 0.0, 0.0
vb0[88]+056 BLENDINDICES: 15, 44, 0, 0
vb0[88]+072 COLOR: 1.0, 0.00392156862745098, 0.5019607843137255, 0.5019607843137255
vb0[88]+076 TEXCOORD: 0.715550422668457, 0.5278488397598267

vb0[89]+000 POSITION: -0.028190745040774345, 0.34125471115112305, 0.1055925190448761
vb0[89]+012 NORMAL: -0.14395608007907867, 0.8221334218978882, 0.5507932305335999
vb0[89]+024 TANGENT: -0.20227274298667908, 0.1716434806585312, 0.9641702175140381, -1.0
vb0[89]+040 BLENDWEIGHTS: 0.7709317207336426, 0.22906827926635742, 0.0, 0.0
vb0[89]+056 BLENDINDICES: 15, 44, 0, 0
vb0[89]+072 COLOR: 1.0, 0.00392156862745098, 0.5019607843137255, 0.5019607843137255
vb0[89]+076 TEXCOORD: 0.6427741050720215, 0.5221678614616394

vb0[90]+000 POSITION: -0.0530768483877182, 0.33183425664901733, 0.09635055065155029
vb0[90]+012 NORMAL: -0.277466356754303, 0.8097898364067078, 0.5169650316238403
vb0[90]+024 TANGENT: -0.5619182586669922, 0.14899396896362305, 0.8136637210845947, -1.0
vb0[90]+040 BLENDWEIGHTS: 0.7761154174804688, 0.22388455271720886, 0.0, 0.0
vb0[90]+056 BLENDINDICES: 15, 44, 0, 0
vb0[90]+072 COLOR: 1.0, 0.00392156862745098, 0.5019607843137255, 0.5019607843137255
vb0[90]+076 TEXCOORD: 0.7832603454589844, 0.4974037706851959

vb0[91]+000 POSITION: -0.013220380991697311, 0.33049896359443665, 0.10791833698749542
vb0[91]+012 NORMAL: -0.0791262611746788, 0.8099082708358765, 0.5811949372291565
vb0[91]+024 TANGENT: -0.06377649307250977, 0.1093219518661499, 0.9919583797454834, 1.0
vb0[91]+040 BLENDWEIGHTS: 0.7599280476570129, 0.24007195234298706, 0.0, 0.0
vb0[91]+056 BLENDINDICES: 15, 44, 0, 0
vb0[91]+072 COLOR: 1.0, 0.00392156862745098, 0.5019607843137255, 0.5019607843137255
vb0[91]+076 TEXCOORD: 0.5686305165290833, 0.4612656533718109

vb0[92]+000 POSITION: -0.04197683557868004, 0.3314692974090576, 0.10186269879341125
vb0[92]+012 NORMAL: -0.21561425924301147, 0.8096435070037842, 0.5458825826644897
vb0[92]+024 TANGENT: -0.36292746663093567, 0.10840428620576859, 0.9254902005195618, -1.0
vb0[92]+040 BLENDWEIGHTS: 0.777861475944519, 0.22213852405548096, 0.0, 0.0
vb0[92]+056 BLENDINDICES: 15, 44, 0, 0
vb0[92]+072 COLOR: 1.0, 0.00392156862745098, 0.5019607843137255, 0.5019607843137255
vb0[92]+076 TEXCOORD: 0.7197861075401306, 0.48218947649002075

vb0[93]+000 POSITION: -0.028109662234783173, 0.33091971278190613, 0.10606248676776886
vb0[93]+012 NORMAL: -0.14824029803276062, 0.8096575736999512, 0.5678727030754089
vb0[93]+024 TANGENT: -0.19875407218933105, 0.0969155952334404, 0.9752457141876221, -1.0
vb0[93]+040 BLENDWEIGHTS: 0.772630512714386, 0.22736945748329163, 0.0, 0.0
vb0[93]+056 BLENDINDICES: 15, 44, 0, 0
vb0[93]+072 COLOR: 1.0, 0.00392156862745098, 0.5019607843137255, 0.5019607843137255
vb0[93]+076 TEXCOORD: 0.646095335483551, 0.4692321717739105

vb0[94]+000 POSITION: -0.013308746740221977, 0.3217518627643585, 0.1092790737748146
vb0[94]+012 NORMAL: -0.08325608819723129, 0.7867883443832397, 0.6115821003913879
vb0[94]+024 TANGENT: -0.08780407905578613, 0.2566385269165039, 0.9625108242034912, -1.0
vb0[94]+040 BLENDWEIGHTS: 0.860005259513855, 0.13999472558498383, 0.0, 0.0
vb0[94]+056 BLENDINDICES: 15, 44, 0, 0
vb0[94]+072 COLOR: 1.0, 0.00392156862745098, 0.5019607843137255, 0.5019607843137255
vb0[94]+076 TEXCOORD: 0.5707457065582275, 0.41502809524536133

vb0[95]+000 POSITION: 1.8467534446120482e-10, 0.33024176955223083, 0.10800887644290924
vb0[95]+012 NORMAL: -0.009965240024030209, 0.8101305961608887, 0.5861647725105286
vb0[95]+024 TANGENT: 0.0, 0.12372922897338867, 0.9923160076141357, 1.0
vb0[95]+040 BLENDWEIGHTS: 0.7367830872535706, 0.26321694254875183, 0.0, 0.0
vb0[95]+056 BLENDINDICES: 15, 44, 0, 0
vb0[95]+072 COLOR: 1.0, 0.00392156862745098, 0.5019607843137255, 0.5019607843137255
vb0[95]+076 TEXCOORD: 0.499970018863678, 0.4592266082763672

vb0[96]+000 POSITION: 1.851873238090107e-10, 0.3213428854942322, 0.10984885692596436
vb0[96]+012 NORMAL: 0.010554698295891285, 0.7867791652679443, 0.6171444058418274
vb0[96]+024 TANGENT: 0.0, 0.33316436409950256, 0.9428687691688538, -1.0
vb0[96]+040 BLENDWEIGHTS: 0.8267384767532349, 0.17326153814792633, 0.0, 0.0
vb0[96]+056 BLENDINDICES: 15, 44, 0, 0
vb0[96]+072 COLOR: 1.0, 0.00392156862745098, 0.5019607843137255, 0.5019607843137255
vb0[96]+076 TEXCOORD: 0.5000877380371094, 0.4121672213077545

vb0[97]+000 POSITION: -0.003986292984336615, 0.31532204151153564, 0.11269815266132355
vb0[97]+012 NORMAL: -0.014076446183025837, 0.7734145522117615, 0.6337441802024841
vb0[97]+024 TANGENT: -0.2701311409473419, 0.6568630933761597, 0.7039602398872375, -1.0
vb0[97]+040 BLENDWEIGHTS: 0.9074353575706482, 0.092564657330513, 0.0, 0.0
vb0[97]+056 BLENDINDICES: 15, 44, 0, 0
vb0[97]+072 COLOR: 1.0, 0.00392156862745098, 0.5019607843137255, 0.5019607843137255
vb0[97]+076 TEXCOORD: 0.5222105383872986, 0.37772464752197266

vb0[98]+000 POSITION: -0.010251619853079319, 0.30951666831970215, 0.1138812005519867
vb0[98]+012 NORMAL: -0.06442616134881973, 0.7491970062255859, 0.6592065691947937
vb0[98]+024 TANGENT: -0.4431964159011841, 0.5377464294433594, 0.7172208428382874, -1.0
vb0[98]+040 BLENDWEIGHTS: 0.9447575211524963, 0.05524246767163277, 0.0, 0.0
vb0[98]+056 BLENDINDICES: 15, 44, 0, 0
vb0[98]+072 COLOR: 1.0, 0.00392156862745098, 0.5019607843137255, 0.5019607843137255
vb0[98]+076 TEXCOORD: 0.5582225322723389, 0.34764301776885986

vb0[99]+000 POSITION: -0.02850925922393799, 0.32228603959083557, 0.10718650370836258
vb0[99]+012 NORMAL: -0.15600721538066864, 0.7866419553756714, 0.5973744988441467
vb0[99]+024 TANGENT: -0.18741367757320404, 0.23915956914424896, 0.9527218341827393, -1.0
vb0[99]+040 BLENDWEIGHTS: 0.8564044833183289, 0.14359548687934875, 0.0, 0.0
vb0[99]+056 BLENDINDICES: 15, 44, 0, 0
vb0[99]+072 COLOR: 1.0, 0.00392156862745098, 0.5019607843137255, 0.5019607843137255
vb0[99]+076 TEXCOORD: 0.650753378868103, 0.42440760135650635

vb0[100]+000 POSITION: -0.04249861463904381, 0.32346779108047485, 0.10329242795705795
vb0[100]+012 NORMAL: -0.22668574750423431, 0.7867048382759094, 0.5742028951644897
vb0[100]+024 TANGENT: -0.3327086269855499, 0.24977195262908936, 0.9093508720397949, -1.0
vb0[100]+040 BLENDWEIGHTS: 0.849262535572052, 0.1507374346256256, 0.0, 0.0
vb0[100]+056 BLENDINDICES: 15, 44, 0, 0
vb0[100]+072 COLOR: 1.0, 0.00392156862745098, 0.5019607843137255, 0.5019607843137255
vb0[100]+076 TEXCOORD: 0.7256497144699097, 0.44120195508003235

vb0[101]+000 POSITION: -0.029542462900280952, 0.31025126576423645, 0.1114492416381836
vb0[101]+012 NORMAL: -0.16730603575706482, 0.7490853071212769, 0.6409990787506104
vb0[101]+024 TANGENT: -0.18007612228393555, 0.29517340660095215, 0.9383203983306885, -1.0
vb0[101]+040 BLENDWEIGHTS: 0.8989313244819641, 0.05962679162621498, 0.041441865265369415, 0.0
vb0[101]+056 BLENDINDICES: 15, 44, 46, 0
vb0[101]+072 COLOR: 1.0, 0.00392156862745098, 0.5019607843137255, 0.5019607843137255
vb0[101]+076 TEXCOORD: 0.6598801612854004, 0.3611624240875244

vb0[102]+000 POSITION: -0.05402008444070816, 0.3249947428703308, 0.09730907529592514
vb0[102]+012 NORMAL: -0.2918034791946411, 0.7872949242591858, 0.5431549549102783
vb0[102]+024 TANGENT: -0.513822078704834, 0.2717103958129883, 0.8137324452400208, -1.0
vb0[102]+040 BLENDWEIGHTS: 0.839955747127533, 0.16004422307014465, 0.0, 0.0
vb0[102]+056 BLENDINDICES: 15, 44, 0, 0
vb0[102]+072 COLOR: 1.0, 0.00392156862745098, 0.5019607843137255, 0.5019607843137255
vb0[102]+076 TEXCOORD: 0.7916330099105835, 0.4625471532344818

vb0[103]+000 POSITION: -0.04423897713422775, 0.31209883093833923, 0.10661759972572327
vb0[103]+012 NORMAL: -0.2588192820549011, 0.7605856657028198, 0.5954175591468811
vb0[103]+024 TANGENT: -0.31434711813926697, 0.31127452850341797, 0.8968244194984436, -1.0
vb0[103]+040 BLENDWEIGHTS: 0.8806062340736389, 0.07908963412046432, 0.04030415415763855, 0.0
vb0[103]+056 BLENDINDICES: 15, 44, 46, 0
vb0[103]+072 COLOR: 1.0, 0.00392156862745098, 0.5019607843137255, 0.5019607843137255
vb0[103]+076 TEXCOORD: 0.7385199069976807, 0.38290584087371826

vb0[104]+000 POSITION: -0.057374753057956696, 0.3143036961555481, 0.09997525811195374
vb0[104]+012 NORMAL: -0.32688918709754944, 0.7613700032234192, 0.5598741769790649
vb0[104]+024 TANGENT: -0.4905170798301697, 0.3397035300731659, 0.802492618560791, -1.0
vb0[104]+040 BLENDWEIGHTS: 0.8626806139945984, 0.0986258015036583, 0.03869357705116272, 0.0
vb0[104]+056 BLENDINDICES: 15, 44, 46, 0
vb0[104]+072 COLOR: 1.0, 0.00392156862745098, 0.5019607843137255, 0.5019607843137255
vb0[104]+076 TEXCOORD: 0.8120236992835999, 0.40827521681785583

vb0[105]+000 POSITION: -0.03039734996855259, 0.30301544070243835, 0.11302169412374496
vb0[105]+012 NORMAL: -0.17166006565093994, 0.7346872687339783, 0.6563287973403931
vb0[105]+024 TANGENT: -0.2019014060497284, 0.22819575667381287, 0.9524507522583008, -1.0
vb0[105]+040 BLENDWEIGHTS: 0.9129517078399658, 0.08527683466672897, 0.0017714680870994925, 0.0
vb0[105]+056 BLENDINDICES: 15, 46, 44, 0
vb0[105]+072 COLOR: 1.0, 0.00392156862745098, 0.5019607843137255, 0.5019607843137255
vb0[105]+076 TEXCOORD: 0.6674456000328064, 0.32339632511138916

vb0[106]+000 POSITION: -0.014400611631572247, 0.30447524785995483, 0.11491960287094116
vb0[106]+012 NORMAL: -0.09174983948469162, 0.7356650829315186, 0.6711027026176453
vb0[106]+024 TANGENT: -0.44633692502975464, 0.47820693254470825, 0.7563740015029907, -1.0
vb0[106]+040 BLENDWEIGHTS: 0.9923558831214905, 0.007644117344170809, 0.0, 0.0
vb0[106]+056 BLENDINDICES: 15, 44, 0, 0
vb0[106]+072 COLOR: 1.0, 0.00392156862745098, 0.5019607843137255, 0.5019607843137255
vb0[106]+076 TEXCOORD: 0.5825127363204956, 0.3221346139907837

vb0[107]+000 POSITION: -0.017492366954684258, 0.30032438039779663, 0.11601132899522781
vb0[107]+012 NORMAL: -0.09600048512220383, 0.7221152782440186, 0.6850791573524475
vb0[107]+024 TANGENT: -0.22881828248500824, 0.1349409818649292, 0.9640710949897766, -1.0
vb0[107]+040 BLENDWEIGHTS: 0.9309089183807373, 0.0690910667181015, 0.0, 0.0
vb0[107]+056 BLENDINDICES: 15, 33, 0, 0
vb0[107]+072 COLOR: 1.0, 0.00392156862745098, 0.5019607843137255, 0.5019607843137255
vb0[107]+076 TEXCOORD: 0.6007672548294067, 0.30046361684799194

vb0[108]+000 POSITION: -0.04565589874982834, 0.3044120967388153, 0.10878507047891617
vb0[108]+012 NORMAL: -0.27078327536582947, 0.734817385673523, 0.6218680143356323
vb0[108]+024 TANGENT: -0.3243333399295807, 0.23845984041690826, 0.9153932332992554, -1.0
vb0[108]+040 BLENDWEIGHTS: 0.8612738847732544, 0.12675605714321136, 0.011970126070082188, 0.0
vb0[108]+056 BLENDINDICES: 15, 46, 44, 0
vb0[108]+072 COLOR: 1.0, 0.00392156862745098, 0.5019607843137255, 0.5019607843137255
vb0[108]+076 TEXCOORD: 0.7477025985717773, 0.34248030185699463

vb0[109]+000 POSITION: -0.031404849141836166, 0.29425010085105896, 0.11433719098567963
vb0[109]+012 NORMAL: -0.17925800383090973, 0.7075952887535095, 0.6835024356842041
vb0[109]+024 TANGENT: -0.20616960525512695, 0.05176520720124245, 0.9771460294723511, -1.0
vb0[109]+040 BLENDWEIGHTS: 0.7161738276481628, 0.1424769014120102, 0.14134930074214935, 0.0
vb0[109]+056 BLENDINDICES: 15, 33, 46, 0
vb0[109]+072 COLOR: 1.0, 0.00392156862745098, 0.5019607843137255, 0.5019607843137255
vb0[109]+076 TEXCOORD: 0.6777988076210022, 0.2785469889640808

vb0[110]+000 POSITION: -0.018436290323734283, 0.29196569323539734, 0.11589061468839645
vb0[110]+012 NORMAL: -0.12453903257846832, 0.6951504349708557, 0.7079942226409912
vb0[110]+024 TANGENT: -0.10810445994138718, -0.029654856771230698, 0.9936971068382263, -1.0
vb0[110]+040 BLENDWEIGHTS: 0.4818580746650696, 0.4418589174747467, 0.07628302276134491, 0.0
vb0[110]+056 BLENDINDICES: 33, 15, 46, 0
vb0[110]+072 COLOR: 1.0, 0.00392156862745098, 0.5019607843137255, 0.5019607843137255
vb0[110]+076 TEXCOORD: 0.612577497959137, 0.2571057677268982

vb0[111]+000 POSITION: -0.0177911389619112, 0.2854473888874054, 0.11554791778326035
vb0[111]+012 NORMAL: -0.10190890729427338, 0.6804407238960266, 0.7256824374198914
vb0[111]+024 TANGENT: -0.09826911240816116, -0.2150193303823471, 0.971653163433075, -1.0
vb0[111]+040 BLENDWEIGHTS: 0.4689244031906128, 0.4082670211791992, 0.12280856817960739, 0.0
vb0[111]+056 BLENDINDICES: 33, 15, 46, 0
vb0[111]+072 COLOR: 1.0, 0.00392156862745098, 0.5019607843137255, 0.5019607843137255
vb0[111]+076 TEXCOORD: 0.6154607534408569, 0.22255104780197144

vb0[112]+000 POSITION: -0.06781452149152756, 0.316365122795105, 0.09063860028982162
vb0[112]+012 NORMAL: -0.3822358250617981, 0.7735236287117004, 0.5055263638496399
vb0[112]+024 TANGENT: -0.7194700837135315, 0.3283991813659668, 0.611977756023407, -1.0
vb0[112]+040 BLENDWEIGHTS: 0.8843256235122681, 0.07571126520633698, 0.03996311128139496, 0.0
vb0[112]+056 BLENDINDICES: 15, 44, 46, 0
vb0[112]+072 COLOR: 1.0, 0.00392156862745098, 0.5019607843137255, 0.5019607843137255
vb0[112]+076 TEXCOORD: 0.8801224231719971, 0.43590372800827026

vb0[113]+000 POSITION: -0.07545164227485657, 0.3181922137737274, 0.07629839330911636
vb0[113]+012 NORMAL: -0.42871636152267456, 0.786780834197998, 0.4440474808216095
vb0[113]+024 TANGENT: -0.8681725859642029, 0.2750934064388275, 0.4130374789237976, -1.0
vb0[113]+040 BLENDWEIGHTS: 0.8052676320075989, 0.09931375831365585, 0.09541863203048706, 0.0
vb0[113]+056 BLENDINDICES: 15, 46, 44, 0
vb0[113]+072 COLOR: 1.0, 0.00392156862745098, 0.5019607843137255, 0.5019607843137255
vb0[113]+076 TEXCOORD: 0.956157922744751, 0.4729613661766052

vb0[114]+000 POSITION: -0.07749220728874207, 0.3091902434825897, 0.07723337411880493
vb0[114]+012 NORMAL: -0.46570760011672974, 0.761946976184845, 0.4500592052936554
vb0[114]+024 TANGENT: -0.9045380353927612, 0.19701385498046875, 0.3781488239765167, -1.0
vb0[114]+040 BLENDWEIGHTS: 0.7691016793251038, 0.20381484925746918, 0.027083488181233406, 0.0
vb0[114]+056 BLENDINDICES: 15, 46, 44, 0
vb0[114]+072 COLOR: 1.0, 0.00392156862745098, 0.5019607843137255, 0.5019607843137255
vb0[114]+076 TEXCOORD: 0.9730957746505737, 0.4257071316242218

vb0[115]+000 POSITION: -0.059734124690294266, 0.3061680495738983, 0.10189121216535568
vb0[115]+012 NORMAL: -0.3424871563911438, 0.7355157732963562, 0.5845674872398376
vb0[115]+024 TANGENT: -0.524829626083374, 0.2532510757446289, 0.8126609325408936, -1.0
vb0[115]+040 BLENDWEIGHTS: 0.8718811273574829, 0.12233646214008331, 0.005782406777143478, 0.0
vb0[115]+056 BLENDINDICES: 15, 46, 44, 0
vb0[115]+072 COLOR: 1.0, 0.00392156862745098, 0.5019607843137255, 0.5019607843137255
vb0[115]+076 TEXCOORD: 0.8252816200256348, 0.3661081790924072

vb0[116]+000 POSITION: -0.07010698318481445, 0.3077523410320282, 0.0921676829457283
vb0[116]+012 NORMAL: -0.40085265040397644, 0.748043417930603, 0.5289123058319092
vb0[116]+024 TANGENT: -0.765918493270874, 0.23542463779449463, 0.5982842445373535, -1.0
vb0[116]+040 BLENDWEIGHTS: 0.8416406512260437, 0.14812937378883362, 0.010230019688606262, 0.0
vb0[116]+056 BLENDINDICES: 15, 46, 44, 0
vb0[116]+072 COLOR: 1.0, 0.00392156862745098, 0.5019607843137255, 0.5019607843137255
vb0[116]+076 TEXCOORD: 0.8940571546554565, 0.3913043737411499

vb0[117]+000 POSITION: -0.07871907949447632, 0.3001713752746582, 0.07774873822927475
vb0[117]+012 NORMAL: -0.4870140254497528, 0.7361342310905457, 0.47002530097961426
vb0[117]+024 TANGENT: -0.9246935248374939, 0.12470676749944687, 0.35970833897590637, -1.0
vb0[117]+040 BLENDWEIGHTS: 0.6187785863876343, 0.3812214136123657, 0.0, 0.0
vb0[117]+056 BLENDINDICES: 15, 46, 0, 0
vb0[117]+072 COLOR: 1.0, 0.00392156862745098, 0.5019607843137255, 0.5019607843137255
vb0[117]+076 TEXCOORD: 0.9882082343101501, 0.3788871169090271

vb0[118]+000 POSITION: -0.03194348141551018, 0.2866538465023041, 0.11399364471435547
vb0[118]+012 NORMAL: -0.18633262813091278, 0.6803857684135437, 0.7087703347206116
vb0[118]+024 TANGENT: -0.21059760451316833, -0.20441362261772156, 0.9559621214866638, -1.0
vb0[118]+040 BLENDWEIGHTS: 0.5608841776847839, 0.228425070643425, 0.21069073677062988, 0.0
vb0[118]+056 BLENDINDICES: 15, 46, 33, 0
vb0[118]+072 COLOR: 1.0, 0.00392156862745098, 0.5019607843137255, 0.5019607843137255
vb0[118]+076 TEXCOORD: 0.6872475743293762, 0.24043059349060059

vb0[119]+000 POSITION: -0.017273087054491043, 0.27854421734809875, 0.11313091218471527
vb0[119]+012 NORMAL: -0.10356994718313217, 0.6659912467002869, 0.738734781742096
vb0[119]+024 TANGENT: -0.10285425186157227, -0.3924787640571594, 0.9139920473098755, -1.0
vb0[119]+040 BLENDWEIGHTS: 0.39100363850593567, 0.35795947909355164, 0.24048157036304474, 0.010555300861597061
vb0[119]+056 BLENDINDICES: 15, 33, 46, 52
vb0[119]+072 COLOR: 1.0, 0.00392156862745098, 0.5019607843137255, 0.5019607843137255
vb0[119]+076 TEXCOORD: 0.6211190819740295, 0.18482375144958496

vb0[120]+000 POSITION: -0.03204070404171944, 0.27935606241226196, 0.11071416735649109
vb0[120]+012 NORMAL: -0.21522100269794464, 0.6660553216934204, 0.7141779661178589
vb0[120]+024 TANGENT: -0.20841097831726074, -0.39731839299201965, 0.8937018513679504, -1.0
vb0[120]+040 BLENDWEIGHTS: 0.4688989520072937, 0.34104305505752563, 0.17950230836868286, 0.010555677115917206
vb0[120]+056 BLENDINDICES: 15, 46, 33, 52
vb0[120]+072 COLOR: 1.0, 0.00392156862745098, 0.5019607843137255, 0.5019607843137255
vb0[120]+076 TEXCOORD: 0.6983986496925354, 0.20036742091178894

vb0[121]+000 POSITION: -0.04691693186759949, 0.2962494194507599, 0.1098833978176117
vb0[121]+012 NORMAL: -0.2825049161911011, 0.7080056071281433, 0.6472395062446594
vb0[121]+024 TANGENT: -0.35125023126602173, 0.07956479489803314, 0.9328947067260742, -1.0
vb0[121]+040 BLENDWEIGHTS: 0.787240207195282, 0.21275979280471802, 0.0, 0.0
vb0[121]+056 BLENDINDICES: 15, 46, 0, 0
vb0[121]+072 COLOR: 1.0, 0.00392156862745098, 0.5019607843137255, 0.5019607843137255
vb0[121]+076 TEXCOORD: 0.7585712671279907, 0.3012447953224182

vb0[122]+000 POSITION: -0.04723816737532616, 0.28820058703422546, 0.10955386608839035
vb0[122]+012 NORMAL: -0.29340606927871704, 0.6806573867797852, 0.6712811589241028
vb0[122]+024 TANGENT: -0.3621521294116974, -0.1724071055650711, 0.9160358309745789, -1.0
vb0[122]+040 BLENDWEIGHTS: 0.7028634548187256, 0.2971365749835968, 0.0, 0.0
vb0[122]+056 BLENDINDICES: 15, 46, 0, 0
vb0[122]+072 COLOR: 1.0, 0.00392156862745098, 0.5019607843137255, 0.5019607843137255
vb0[122]+076 TEXCOORD: 0.7678562998771667, 0.26086604595184326

vb0[123]+000 POSITION: -0.0470125675201416, 0.2802480161190033, 0.10667035728693008
vb0[123]+012 NORMAL: -0.29947957396507263, 0.6659116148948669, 0.6832815408706665
vb0[123]+024 TANGENT: -0.3384799063205719, -0.34777259826660156, 0.8743487000465393, -1.0
vb0[123]+040 BLENDWEIGHTS: 0.5747318267822266, 0.4041575491428375, 0.021110646426677704, 0.0
vb0[123]+056 BLENDINDICES: 15, 46, 52, 0
vb0[123]+072 COLOR: 1.0, 0.00392156862745098, 0.5019607843137255, 0.5019607843137255
vb0[123]+076 TEXCOORD: 0.7798449993133545, 0.21923524141311646

vb0[124]+000 POSITION: -0.06079816818237305, 0.28177109360694885, 0.10061290860176086
vb0[124]+012 NORMAL: -0.3779187798500061, 0.6661880016326904, 0.6429393291473389
vb0[124]+024 TANGENT: -0.5380258560180664, -0.27502939105033875, 0.7967979311943054, -1.0
vb0[124]+040 BLENDWEIGHTS: 0.5080131888389587, 0.4716622829437256, 0.020324520766735077, 0.0
vb0[124]+056 BLENDINDICES: 15, 46, 52, 0
vb0[124]+072 COLOR: 1.0, 0.00392156862745098, 0.5019607843137255, 0.5019607843137255
vb0[124]+076 TEXCOORD: 0.858683168888092, 0.24297907948493958

vb0[125]+000 POSITION: -0.0611741729080677, 0.2900034189224243, 0.10279912501573563
vb0[125]+012 NORMAL: -0.3646046221256256, 0.6934756636619568, 0.6214137077331543
vb0[125]+024 TANGENT: -0.5598203539848328, -0.11223848164081573, 0.8209772706031799, -1.0
vb0[125]+040 BLENDWEIGHTS: 0.6419781446456909, 0.3580218553543091, 0.0, 0.0
vb0[125]+056 BLENDINDICES: 15, 46, 0, 0
vb0[125]+072 COLOR: 1.0, 0.00392156862745098, 0.5019607843137255, 0.5019607843137255
vb0[125]+076 TEXCOORD: 0.84515380859375, 0.28517159819602966

vb0[126]+000 POSITION: -0.07313666492700577, 0.2838025987148285, 0.090458944439888
vb0[126]+012 NORMAL: -0.46489790081977844, 0.6799893379211426, 0.5669960975646973
vb0[126]+024 TANGENT: -0.7994139790534973, -0.16515114903450012, 0.5776351094245911, -1.0
vb0[126]+040 BLENDWEIGHTS: 0.5292802453041077, 0.4390536844730377, 0.03166607767343521, 0.0
vb0[126]+056 BLENDINDICES: 46, 15, 52, 0
vb0[126]+072 COLOR: 1.0, 0.00392156862745098, 0.5019607843137255, 0.5019607843137255
vb0[126]+076 TEXCOORD: 0.9400539398193359, 0.2745881676673889

vb0[127]+000 POSITION: -0.06092594936490059, 0.29818663001060486, 0.10289779305458069
vb0[127]+012 NORMAL: -0.356852650642395, 0.7087150812149048, 0.6085878014564514
vb0[127]+024 TANGENT: -0.5576817989349365, 0.09601138532161713, 0.8244832754135132, -1.0
vb0[127]+040 BLENDWEIGHTS: 0.7424036264419556, 0.25759634375572205, 0.0, 0.0
vb0[127]+056 BLENDINDICES: 15, 46, 0, 0
vb0[127]+072 COLOR: 1.0, 0.00392156862745098, 0.5019607843137255, 0.5019607843137255
vb0[127]+076 TEXCOORD: 0.8356267213821411, 0.3259205222129822

vb0[128]+000 POSITION: -0.07168527692556381, 0.2995296120643616, 0.0928385928273201
vb0[128]+012 NORMAL: -0.4185366630554199, 0.7218524217605591, 0.5511408448219299
vb0[128]+024 TANGENT: -0.7928780913352966, 0.1184626966714859, 0.5977550148963928, -1.0
vb0[128]+040 BLENDWEIGHTS: 0.7032796144485474, 0.29672038555145264, 0.0, 0.0
vb0[128]+056 BLENDINDICES: 15, 46, 0, 0
vb0[128]+072 COLOR: 1.0, 0.00392156862745098, 0.5019607843137255, 0.5019607843137255
vb0[128]+076 TEXCOORD: 0.9072278141975403, 0.35006994009017944

vb0[129]+000 POSITION: -0.07911525666713715, 0.29530876874923706, 0.07802850753068924
vb0[129]+012 NORMAL: -0.49741560220718384, 0.7226535677909851, 0.47994738817214966
vb0[129]+024 TANGENT: -0.9316335320472717, 0.03313624858856201, 0.3618852198123932, -1.0
vb0[129]+040 BLENDWEIGHTS: 0.5686971545219421, 0.43130284547805786, 0.0, 0.0
vb0[129]+056 BLENDINDICES: 15, 46, 0, 0
vb0[129]+072 COLOR: 1.0, 0.00392156862745098, 0.5019607843137255, 0.5019607843137255
vb0[129]+076 TEXCOORD: 0.9949878454208374, 0.3535366654396057

vb0[130]+000 POSITION: -0.07753138244152069, 0.28663185238838196, 0.08014451712369919
vb0[130]+012 NORMAL: -0.49017006158828735, 0.707375705242157, 0.5092669725418091
vb0[130]+024 TANGENT: -0.9255752563476562, -0.09598314762115479, 0.3661935329437256, -1.0
vb0[130]+040 BLENDWEIGHTS: 0.554434597492218, 0.44556543231010437, 0.0, 0.0
vb0[130]+056 BLENDINDICES: 46, 15, 0, 0
vb0[130]+072 COLOR: 1.0, 0.00392156862745098, 0.5019607843137255, 0.5019607843137255
vb0[130]+076 TEXCOORD: 0.9937492609024048, 0.30509912967681885

vb0[131]+000 POSITION: -0.07251964509487152, 0.2922671139240265, 0.09240952879190445
vb0[131]+012 NORMAL: -0.4352487623691559, 0.6952548027038574, 0.5719957947731018
vb0[131]+024 TANGENT: -0.8048639297485352, -0.03300905600190163, 0.5925407409667969, -1.0
vb0[131]+040 BLENDWEIGHTS: 0.5842687487602234, 0.4157312512397766, 0.0, 0.0
vb0[131]+056 BLENDINDICES: 15, 46, 0, 0
vb0[131]+072 COLOR: 1.0, 0.00392156862745098, 0.5019607843137255, 0.5019607843137255
vb0[131]+076 TEXCOORD: 0.9204532504081726, 0.31465181708335876
