byte offset: 0
first index: 0
index count: 6468
topology: trianglelist
format: DXGI_FORMAT_R16_UINT

0 1 2
0 2 3
4 0 3
4 3 5
6 4 5
6 5 7
8 6 7
8 7 9
10 11 12
11 13 12
13 14 12
14 15 12
16 12 17
17 12 18
18 12 19
19 12 20
21 22 23
21 24 22
25 24 21
24 26 22
25 27 24
24 28 26
27 28 24
28 29 26
27 30 28
28 31 29
30 31 28
31 32 29
30 33 31
31 34 32
33 34 31
33 35 34
36 37 38
36 39 37
40 39 36
41 39 40
40 42 41
43 42 40
43 44 42
45 44 43
43 46 45
43 47 46
48 47 43
49 47 48
48 50 49
51 50 48
51 52 50
53 52 51
54 36 55
54 55 56
43 54 56
43 56 57
58 43 57
58 57 59
51 58 59
51 59 60
61 62 63
61 63 64
65 61 64
65 64 66
67 65 66
67 66 68
69 67 68
69 68 70
69 70 71
69 71 72
72 71 73
72 73 74
74 73 75
74 75 76
76 75 77
76 77 78
79 78 77
79 77 80
81 79 80
81 80 82
83 81 82
83 82 84
85 83 84
85 84 86
85 86 87
85 87 88
88 87 89
88 89 90
90 89 91
90 91 92
92 91 93
92 93 94
95 96 97
95 97 98
99 95 98
99 98 100
101 99 100
101 100 102
103 101 102
103 102 104
105 106 107
105 108 106
109 108 105
109 110 108
111 110 109
111 109 112
113 111 112
113 114 111
115 114 113
115 116 114
117 116 115
117 115 118
119 117 118
119 120 117
121 120 119
121 122 120
123 122 121
123 121 124
125 123 124
125 126 123
127 126 125
127 128 126
129 128 127
129 127 130
131 132 133
131 134 132
135 134 131
135 136 134
137 136 135
137 138 136
139 138 137
139 140 138
141 142 143
143 142 144
144 142 145
145 142 146
147 148 142
148 149 142
149 150 142
150 151 142
152 153 154
152 154 155
156 152 155
155 154 157
156 155 158
155 157 159
158 155 159
159 157 160
158 159 161
159 160 162
161 159 162
162 160 163
161 162 164
162 163 165
164 162 165
164 165 166
167 168 169
167 169 170
171 167 170
171 172 167
173 171 170
171 174 172
175 174 171
175 176 174
171 173 177
175 171 177
175 177 178
179 175 178
175 179 180
175 180 181
182 176 175
182 175 181
183 182 181
182 184 176
182 183 185
186 184 182
186 182 185
186 187 184
186 185 188
189 186 188
190 191 192
190 193 191
194 193 190
194 195 193
196 195 194
196 197 195
198 197 196
198 199 197
200 201 202
200 202 203
204 200 203
204 203 205
206 204 205
206 207 204
208 207 206
208 206 209
210 208 209
210 209 211
212 210 211
212 213 210
214 213 212
214 212 215
216 214 215
216 215 217
218 216 217
218 219 216
220 219 218
220 218 221
222 220 221
222 221 223
224 222 223
224 225 222
226 227 228
226 229 227
230 229 226
230 231 229
232 231 230
232 233 231
234 233 232
234 235 233
236 237 238
236 238 239
240 236 239
239 238 241
240 239 242
239 241 243
242 239 243
243 241 244
242 243 245
243 244 246
245 243 246
246 244 247
245 246 248
246 247 249
248 246 249
248 249 250
251 252 253
251 253 254
255 251 254
256 255 254
255 256 257
258 255 257
258 257 259
260 258 259
258 260 261
258 261 262
263 258 262
264 263 262
263 264 265
266 263 265
266 265 267
268 266 267
269 270 251
269 271 270
258 271 269
258 272 271
273 272 258
273 274 272
266 274 273
266 275 274
276 277 278
276 279 277
280 279 276
280 281 279
282 281 280
282 283 281
284 283 282
284 285 283
286 287 288
286 288 289
290 286 289
290 289 291
292 290 291
292 293 290
294 293 292
294 292 295
296 294 295
296 295 297
298 296 297
298 299 296
300 299 298
300 298 301
302 300 301
302 301 303
304 302 303
304 305 302
306 305 304
306 304 307
308 306 307
308 307 309
310 308 309
310 311 308
312 313 314
312 314 315
316 312 315
316 315 317
318 316 317
318 317 319
320 318 319
320 319 321
322 323 324
322 325 323
326 325 322
325 327 323
326 328 325
325 329 327
328 329 325
329 330 327
328 331 329
329 332 330
331 332 329
332 333 330
331 334 332
332 335 333
334 335 332
334 336 335
337 338 339
337 340 338
341 340 337
341 337 342
343 340 341
341 342 344
345 341 344
345 344 346
341 347 343
345 347 341
345 348 347
349 348 345
345 350 349
345 351 350
352 345 346
352 351 345
353 351 352
352 346 354
352 355 353
356 352 354
356 355 352
356 354 357
356 358 355
359 358 356
360 361 362
360 362 363
364 360 363
364 363 365
366 364 365
366 365 367
368 366 367
368 367 369
370 371 372
370 373 371
374 373 370
374 375 373
376 375 374
376 374 377
378 376 377
378 379 376
380 379 378
380 381 379
382 381 380
382 380 383
384 382 383
384 385 382
386 385 384
386 387 385
388 387 386
388 386 389
390 388 389
390 391 388
392 391 390
392 393 391
394 393 392
394 392 395
396 397 398
396 399 397
400 399 396
399 401 397
402 399 400
399 403 401
403 404 401
402 405 399
405 403 399
406 405 402
403 407 404
407 408 404
407 409 408
406 410 405
411 410 406
405 412 403
412 407 403
410 412 405
413 409 407
412 413 407
413 414 409
411 415 410
416 415 411
417 415 416
410 418 412
418 413 412
415 418 410
419 414 413
418 419 413
417 420 415
421 420 417
415 422 418
422 419 418
420 422 415
423 414 419
422 423 419
424 414 423
420 425 422
425 423 422
421 426 420
426 425 420
426 427 425
425 428 423
427 428 425
428 424 423
427 429 428
429 424 428
429 430 424
421 431 432
421 432 433
431 434 432
431 435 434
435 436 434
433 432 437
433 437 438
436 439 434
436 440 439
432 434 441
432 441 437
438 437 442
438 442 443
437 444 442
437 441 444
443 442 445
442 444 445
443 445 446
445 444 447
434 448 441
434 439 448
441 449 444
444 449 447
441 448 449
449 450 447
448 450 449
450 451 447
439 452 448
448 452 450
450 453 451
452 453 450
453 454 451
453 455 454
456 455 453
452 456 453
456 457 455
439 458 452
458 456 452
440 458 439
440 459 458
460 457 456
458 460 456
459 460 458
459 461 460
460 462 457
461 463 460
463 462 460
463 464 462
465 466 467
465 468 466
469 468 465
469 470 468
471 470 469
471 472 470
473 472 471
473 474 472
475 476 477
475 477 478
475 478 479
475 479 480
481 482 483
481 483 484
485 486 487
485 487 488
488 487 489
488 489 490
491 492 493
491 493 494
495 496 497
495 497 498
499 495 498
499 498 500
501 499 500
501 500 502
503 501 502
503 502 504
505 506 507
505 508 506
505 509 508
505 510 509
511 512 513
511 513 514
515 516 517
515 518 516
518 519 516
518 520 519
521 522 523
521 523 524
525 526 527
525 527 528
529 525 528
528 527 530
531 529 528
528 530 532
532 530 533
531 528 534
534 528 532
535 531 534
532 533 536
536 533 537
536 537 538
535 534 539
540 535 539
534 532 541
541 532 536
539 534 541
542 536 538
541 536 542
542 538 543
540 539 544
545 540 544
546 545 544
539 541 547
547 541 542
544 539 547
548 542 543
547 542 548
546 544 549
550 546 549
550 549 551
544 547 552
552 547 548
549 544 552
553 548 543
552 548 553
554 553 543
551 549 555
549 552 555
555 552 553
551 555 556
555 553 557
556 555 557
557 553 554
556 557 558
558 557 554
558 554 559
560 561 562
560 562 563
564 560 563
564 563 565
566 564 565
566 565 567
568 566 567
568 567 569
570 571 572
570 573 571
570 574 573
570 575 574
576 577 578
576 578 579
580 581 582
580 583 581
583 584 581
583 585 584
586 587 588
586 588 589
590 591 592
590 593 591
594 593 590
593 595 591
596 593 594
593 597 595
597 598 595
596 599 593
599 597 593
600 599 596
597 601 598
601 602 598
601 603 602
600 604 599
605 604 600
599 606 597
606 601 597
604 606 599
607 603 601
606 607 601
607 608 603
605 609 604
610 609 605
611 609 610
604 612 606
612 607 606
609 612 604
613 608 607
612 613 607
611 614 609
615 614 611
615 616 614
609 617 612
617 613 612
614 617 609
618 608 613
617 618 613
619 608 618
616 620 614
614 620 617
620 618 617
616 621 620
620 622 618
621 622 620
622 619 618
621 623 622
623 619 622
623 624 619
625 626 627
625 628 626
629 628 625
629 630 628
631 630 629
631 632 630
633 632 631
633 634 632
635 636 637
635 637 638
635 638 639
635 639 640
641 642 643
641 643 644
645 646 647
645 647 648
648 647 649
648 649 650
651 652 653
651 653 654
655 656 657
655 657 658
659 655 658
658 657 660
657 661 660
659 658 662
662 658 660
663 659 662
663 662 664
665 663 664
662 660 666
664 662 666
660 661 667
666 660 667
667 661 668
668 661 669
666 667 670
670 667 668
664 666 671
671 666 670
665 664 672
672 664 671
672 671 673
673 671 674
674 671 675
671 670 675
674 675 676
668 669 677
677 669 678
677 678 679
670 668 680
675 670 680
680 668 677
676 675 681
675 680 681
676 681 682
683 677 679
680 677 683
681 680 683
683 679 684
682 681 685
681 683 685
685 683 684
682 685 686
685 684 687
686 685 688
688 685 687
688 687 689
690 689 691
690 691 692
693 690 692
692 691 694
695 693 692
692 694 696
696 694 697
695 692 698
698 692 696
699 695 698
696 697 700
700 697 701
700 701 702
699 698 703
704 699 703
698 696 705
705 696 700
703 698 705
706 700 702
705 700 706
706 702 707
704 703 708
709 704 708
710 709 708
703 705 711
711 705 706
708 703 711
712 706 707
711 706 712
710 708 713
665 710 713
665 713 714
708 711 715
715 711 712
713 708 715
716 712 707
715 712 716
717 716 707
714 713 718
713 715 718
718 715 716
714 718 719
718 716 720
719 718 720
720 716 717
719 720 721
721 720 717
721 717 722
723 724 725
723 726 724
727 726 723
727 728 726
729 728 727
729 730 728
731 730 729
731 732 730
733 734 735
733 735 736
733 736 737
733 737 738
739 740 741
739 741 742
743 744 745
743 745 746
746 745 747
746 747 748
749 750 751
749 751 752
753 754 755
753 755 756
757 753 756
757 756 758
759 757 758
759 758 760
761 759 760
761 760 762
763 764 765
763 766 764
763 767 766
763 768 767
769 770 771
769 771 772
773 774 775
773 776 774
776 777 774
776 778 777
779 780 781
779 781 782
783 784 785
783 786 784
787 786 783
786 788 784
784 788 789
787 790 786
790 788 786
791 790 787
791 792 790
793 792 791
793 794 792
790 795 788
792 795 790
794 796 792
792 796 795
794 797 796
797 798 796
788 799 789
795 799 788
798 800 796
798 801 800
796 802 795
795 802 799
796 800 802
799 803 789
802 803 799
803 804 789
801 805 800
801 806 805
800 807 802
802 807 803
800 805 807
803 808 804
807 808 803
808 809 804
808 810 809
807 811 808
811 810 808
805 811 807
811 812 810
806 813 805
805 813 811
813 812 811
806 814 813
813 815 812
814 816 813
816 815 813
816 817 815
818 819 817
818 820 819
821 820 818
820 822 819
823 820 821
820 824 822
824 825 822
823 826 820
826 824 820
827 826 823
824 828 825
828 829 825
828 830 829
827 831 826
832 831 827
826 833 824
833 828 824
831 833 826
834 830 828
833 834 828
834 835 830
832 836 831
837 836 832
838 836 837
831 839 833
839 834 833
836 839 831
840 835 834
839 840 834
838 841 836
842 841 838
842 843 841
836 844 839
844 840 839
841 844 836
845 835 840
844 845 840
846 835 845
843 847 841
841 847 844
847 845 844
843 848 847
847 849 845
848 849 847
849 846 845
848 850 849
850 846 849
850 851 846
852 853 854
852 854 855
856 852 855
856 855 857
858 856 857
858 857 859
860 858 859
860 859 861
862 863 864
862 865 863
862 866 865
862 867 866
868 869 870
868 870 871
872 873 874
872 875 873
875 876 873
875 877 876
878 879 880
878 880 881
882 883 884
882 885 883
886 885 882
886 887 885
888 887 886
888 889 887
890 889 888
890 891 889
892 893 894
892 894 895
892 895 896
892 896 897
898 899 900
898 900 901
902 903 904
902 904 905
905 904 906
905 906 907
908 909 910
908 910 911
912 913 914
912 914 915
916 912 915
915 914 917
918 916 915
915 917 919
919 917 920
918 915 921
921 915 919
922 918 921
919 920 923
923 920 924
923 924 925
922 921 926
927 922 926
921 919 928
928 919 923
926 921 928
929 923 925
928 923 929
929 925 930
927 926 931
932 927 931
933 932 931
926 928 934
934 928 929
931 926 934
935 929 930
934 929 935
933 931 936
937 933 936
937 936 938
931 934 939
939 934 935
936 931 939
940 935 930
939 935 940
941 940 930
938 936 942
936 939 942
942 939 940
938 942 943
942 940 944
943 942 944
944 940 941
943 944 945
945 944 941
945 941 946
947 948 949
947 949 950
951 947 950
951 950 952
953 951 952
953 952 954
955 953 954
955 954 956
957 958 959
957 960 958
957 961 960
957 962 961
963 964 965
963 965 966
967 968 969
967 970 968
970 971 968
970 972 971
973 974 975
973 975 976
977 978 979
977 980 978
981 980 977
980 982 978
983 980 981
980 984 982
984 985 982
983 986 980
986 984 980
987 986 983
984 988 985
988 989 985
988 990 989
987 991 986
992 991 987
986 993 984
993 988 984
991 993 986
994 990 988
993 994 988
994 995 990
992 996 991
997 996 992
998 996 997
991 999 993
999 994 993
996 999 991
1000 995 994
999 1000 994
998 1001 996
1002 1001 998
1002 1003 1001
996 1004 999
1004 1000 999
1001 1004 996
1005 995 1000
1004 1005 1000
1006 995 1005
1003 1007 1001
1001 1007 1004
1007 1005 1004
1003 1008 1007
1007 1009 1005
1008 1009 1007
1009 1006 1005
1008 1010 1009
1010 1006 1009
1010 1011 1006
1012 1013 1014
1012 1015 1013
1016 1015 1012
1016 1017 1015
1018 1017 1016
1018 1019 1017
1020 1019 1018
1020 1021 1019
1022 1023 1024
1022 1024 1025
1022 1025 1026
1022 1026 1027
1028 1029 1030
1028 1030 1031
1032 1033 1034
1032 1034 1035
1035 1034 1036
1035 1036 1037
1038 1039 1040
1038 1040 1041
1042 1043 1044
1042 1044 1045
1046 1042 1045
1045 1044 1047
1044 1048 1047
1046 1045 1049
1049 1045 1047
1050 1046 1049
1050 1049 1051
1052 1050 1051
1049 1047 1053
1051 1049 1053
1047 1048 1054
1053 1047 1054
1054 1048 1055
1055 1048 1056
1053 1054 1057
1057 1054 1055
1051 1053 1058
1058 1053 1057
1052 1051 1059
1059 1051 1058
1059 1058 1060
1060 1058 1061
1061 1058 1062
1058 1057 1062
1061 1062 1063
1055 1056 1064
1064 1056 1065
1064 1065 1066
1057 1055 1067
1062 1057 1067
1067 1055 1064
1063 1062 1068
1062 1067 1068
1063 1068 1069
1070 1064 1066
1067 1064 1070
1068 1067 1070
1070 1066 1071
1069 1068 1072
1068 1070 1072
1072 1070 1071
1069 1072 1073
1072 1071 1074
1073 1072 1075
1075 1072 1074
1075 1074 1076
1077 1076 1078
1077 1078 1079
1080 1077 1079
1079 1078 1081
1082 1080 1079
1079 1081 1083
1083 1081 1084
1082 1079 1085
1085 1079 1083
1086 1082 1085
1083 1084 1087
1087 1084 1088
1087 1088 1089
1086 1085 1090
1091 1086 1090
1085 1083 1092
1092 1083 1087
1090 1085 1092
1093 1087 1089
1092 1087 1093
1093 1089 1094
1091 1090 1095
1096 1091 1095
1097 1096 1095
1090 1092 1098
1098 1092 1093
1095 1090 1098
1099 1093 1094
1098 1093 1099
1097 1095 1100
1052 1097 1100
1052 1100 1101
1095 1098 1102
1102 1098 1099
1100 1095 1102
1103 1099 1094
1102 1099 1103
1104 1103 1094
1101 1100 1105
1100 1102 1105
1105 1102 1103
1101 1105 1106
1105 1103 1107
1106 1105 1107
1107 1103 1104
1106 1107 1108
1108 1107 1104
1108 1104 1109
1110 1111 1112
1110 1113 1111
1114 1113 1110
1114 1115 1113
1116 1115 1114
1116 1117 1115
1118 1117 1116
1118 1119 1117
1120 1121 1122
1120 1122 1123
1120 1123 1124
1120 1124 1125
1126 1127 1128
1126 1128 1129
1130 1131 1132
1130 1132 1133
1133 1132 1134
1133 1134 1135
1136 1137 1138
1136 1138 1139
1140 1141 1142
1140 1142 1143
1144 1140 1143
1144 1143 1145
1146 1144 1145
1146 1145 1147
1148 1146 1147
1148 1147 1149
1150 1151 1152
1150 1153 1151
1150 1154 1153
1150 1155 1154
1156 1157 1158
1156 1158 1159
1160 1161 1162
1160 1163 1161
1163 1164 1161
1163 1165 1164
1166 1167 1168
1166 1168 1169
1170 1171 1172
1170 1172 1173
1174 1170 1173
1173 1172 1175
1176 1174 1173
1173 1175 1177
1177 1175 1178
1176 1173 1179
1179 1173 1177
1180 1176 1179
1177 1178 1181
1181 1178 1182
1181 1182 1183
1180 1179 1184
1185 1180 1184
1179 1177 1186
1186 1177 1181
1184 1179 1186
1187 1181 1183
1186 1181 1187
1187 1183 1188
1185 1184 1189
1190 1185 1189
1191 1190 1189
1184 1186 1192
1192 1186 1187
1189 1184 1192
1193 1187 1188
1192 1187 1193
1191 1189 1194
1195 1191 1194
1189 1192 1196
1196 1192 1193
1194 1189 1196
1197 1193 1188
1196 1193 1197
1198 1197 1188
1194 1196 1199
1199 1196 1197
1195 1194 1200
1200 1194 1199
1200 1199 1201
1199 1197 1202
1201 1199 1202
1202 1197 1198
1201 1202 1203
1203 1202 1198
1203 1198 1204
1195 1205 1206
1195 1206 1207
1205 1208 1206
1205 1209 1208
1207 1206 1210
1207 1210 1211
1211 1210 1212
1209 1213 1208
1209 1214 1213
1206 1208 1215
1206 1215 1210
1212 1210 1216
1212 1216 1217
1214 1218 1213
1214 1219 1218
1208 1213 1220
1213 1218 1220
1208 1220 1215
1218 1221 1220
1210 1215 1222
1210 1222 1216
1215 1220 1223
1220 1221 1223
1215 1223 1222
1223 1221 1224
1222 1223 1224
1224 1221 1225
1217 1216 1226
1217 1226 1227
1216 1222 1228
1222 1224 1228
1216 1228 1226
1224 1225 1229
1228 1224 1229
1229 1225 1230
1229 1230 1231
1228 1229 1232
1232 1229 1231
1226 1228 1232
1232 1231 1233
1227 1226 1234
1226 1232 1234
1234 1232 1233
1227 1234 1235
1234 1233 1236
1235 1234 1237
1237 1234 1236
1237 1236 1238
1239 1240 1241
1239 1241 1242
1243 1239 1242
1243 1242 1244
1245 1243 1244
1245 1244 1246
1247 1245 1246
1247 1246 1248
1249 1250 1251
1249 1252 1250
1249 1253 1252
1249 1254 1253
1255 1256 1257
1255 1257 1258
1259 1260 1261
1259 1262 1260
1262 1263 1260
1262 1264 1263
1265 1266 1267
1265 1267 1268
1269 1270 1271
1269 1272 1270
1273 1272 1269
1273 1274 1272
1275 1274 1273
1275 1276 1274
1277 1276 1275
1277 1278 1276
1279 1280 1281
1279 1281 1282
1279 1282 1283
1279 1283 1284
1285 1286 1287
1285 1287 1288
1289 1290 1291
1289 1291 1292
1292 1291 1293
1292 1293 1294
1295 1296 1297
1295 1297 1298
1299 1300 1301
1299 1301 1302
1303 1299 1302
1302 1301 1304
1301 1305 1304
1303 1302 1306
1306 1302 1304
1307 1303 1306
1307 1306 1308
1309 1307 1308
1306 1304 1310
1308 1306 1310
1304 1305 1311
1310 1304 1311
1311 1305 1312
1312 1305 1313
1310 1311 1314
1314 1311 1312
1308 1310 1315
1315 1310 1314
1309 1308 1316
1316 1308 1315
1316 1315 1317
1317 1315 1318
1318 1315 1319
1315 1314 1319
1318 1319 1320
1312 1313 1321
1321 1313 1322
1321 1322 1323
1314 1312 1324
1319 1314 1324
1324 1312 1321
1320 1319 1325
1319 1324 1325
1320 1325 1326
1327 1321 1323
1324 1321 1327
1325 1324 1327
1327 1323 1328
1326 1325 1329
1325 1327 1329
1329 1327 1328
1326 1329 1330
1329 1328 1331
1330 1329 1332
1332 1329 1331
1332 1331 1333
1334 1333 1335
1334 1335 1336
1337 1334 1336
1336 1335 1338
1339 1337 1336
1336 1338 1340
1340 1338 1341
1339 1336 1342
1342 1336 1340
1343 1339 1342
1340 1341 1344
1344 1341 1345
1344 1345 1346
1343 1342 1347
1348 1343 1347
1342 1340 1349
1349 1340 1344
1347 1342 1349
1350 1344 1346
1349 1344 1350
1350 1346 1351
1348 1347 1352
1353 1348 1352
1354 1353 1352
1347 1349 1355
1355 1349 1350
1352 1347 1355
1356 1350 1351
1355 1350 1356
1354 1352 1357
1309 1354 1357
1309 1357 1358
1352 1355 1359
1359 1355 1356
1357 1352 1359
1360 1356 1351
1359 1356 1360
1361 1360 1351
1358 1357 1362
1357 1359 1362
1362 1359 1360
1358 1362 1363
1362 1360 1364
1363 1362 1364
1364 1360 1361
1363 1364 1365
1365 1364 1361
1365 1361 1366
1367 1368 1369
1367 1370 1368
1371 1370 1367
1371 1372 1370
1373 1372 1371
1373 1374 1372
1375 1374 1373
1375 1376 1374
1377 1378 1379
1377 1379 1380
1377 1380 1381
1377 1381 1382
1383 1384 1385
1383 1385 1386
1387 1388 1389
1387 1389 1390
1390 1389 1391
1390 1391 1392
1393 1394 1395
1393 1395 1396
1397 1398 1399
1397 1399 1400
1401 1397 1400
1401 1400 1402
1403 1401 1402
1403 1402 1404
1405 1403 1404
1405 1404 1406
1407 1408 1409
1407 1410 1408
1407 1411 1410
1407 1412 1411
1413 1414 1415
1413 1415 1416
1417 1418 1419
1417 1420 1418
1420 1421 1418
1420 1422 1421
1423 1424 1425
1423 1425 1426
1427 1428 1429
1427 1429 1430
1431 1427 1430
1430 1429 1432
1431 1430 1433
1430 1432 1434
1433 1430 1434
1431 1433 1435
1436 1431 1435
1435 1433 1437
1433 1434 1437
1435 1437 1438
1439 1434 1432
1439 1432 1440
1439 1440 1441
1439 1441 1442
1442 1441 1443
1442 1443 1444
1443 1445 1444
1443 1446 1445
1447 1445 1446
1447 1446 1448
1449 1447 1448
1449 1448 1450
1449 1450 1451
1449 1451 1452
1453 1452 1451
1453 1454 1452
1454 1453 1455
1454 1455 1456
1455 1457 1456
1458 1459 1460
1458 1460 1461
1461 1462 1458
1460 1463 1461
1460 1464 1463
1461 1465 1462
1466 1462 1465
1464 1467 1463
1464 1468 1467
1469 1463 1467
1470 1461 1463
1469 1470 1463
1470 1465 1461
1471 1470 1469
1472 1465 1470
1471 1472 1470
1472 1466 1465
1473 1472 1471
1474 1466 1472
1473 1474 1472
1474 1473 1475
1474 1476 1466
1477 1474 1475
1478 1476 1474
1477 1478 1474
1478 1479 1476
1480 1479 1478
1478 1477 1481
1480 1478 1481
1480 1482 1479
1483 1480 1481
1480 1483 1484
1485 1482 1480
1480 1484 1486
1485 1480 1486
1487 1486 1484
1488 1485 1486
1487 1488 1486
1488 1489 1485
1490 1488 1487
1491 1489 1488
1490 1491 1488
1491 1492 1489
1491 1490 1493
1494 1492 1491
1491 1493 1495
1494 1491 1495
1496 1495 1493
1497 1494 1495
1496 1497 1495
1497 1498 1494
1499 1497 1496
1500 1498 1497
1499 1500 1497
1500 1501 1498
1500 1499 1502
1499 1503 1502
1501 1500 1504
1500 1502 1504
1505 1501 1504
1506 1505 1504
1506 1504 1507
1508 1506 1507
1508 1509 1506
1510 1509 1508
1510 1508 1511
1512 1510 1511
1512 1513 1510
1514 1513 1512
1514 1512 1515
1516 1514 1515
1517 1504 1502
1517 1502 1518
1518 1502 1503
1519 1517 1518
1518 1503 1520
1519 1518 1521
1521 1518 1520
1522 1519 1521
1523 1521 1520
1524 1523 1520
1525 1523 1524
1525 1524 1526
1527 1525 1526
1525 1527 1528
1529 1525 1528
1530 1522 1521
1530 1531 1522
1532 1531 1530
1533 1532 1530
1533 1534 1532
1535 1521 1523
1535 1530 1521
1525 1535 1523
1533 1530 1535
1529 1536 1525
1536 1535 1525
1536 1533 1535
1536 1529 1537
1533 1536 1537
1533 1537 1538
1534 1533 1539
1533 1538 1539
1534 1539 1540
1541 1539 1538
1542 1540 1539
1541 1542 1539
1542 1543 1540
1544 1542 1541
1545 1543 1542
1544 1545 1542
1545 1544 1438
1545 1546 1543
1545 1438 1437
1546 1545 1437
1546 1437 1434
1547 1548 1549
1547 1549 1550
1550 1551 1547
1547 1551 1552
1553 1547 1552
1552 1554 1553
1555 1556 1557
1558 1555 1557
1557 1559 1558
1560 1558 1559
1561 1560 1559
1559 1562 1561
1563 1564 1565
1563 1565 1566
1567 1563 1566
1567 1566 1568
1569 1567 1568
1569 1570 1567
1571 1570 1569
1571 1569 1572
1573 1571 1572
1573 1572 1574
1575 1573 1574
1575 1576 1573
1577 1578 1579
1579 1578 1580
1580 1578 1581
1581 1578 1582
1582 1578 1583
1583 1578 1584
1584 1578 1585
1585 1578 1586
1585 1586 1587
1586 1588 1587
1588 1586 1589
1586 1590 1589
1586 1578 1591
1590 1586 1592
1586 1591 1592
1591 1593 1592
1594 1595 1596
1597 1595 1594
1597 1598 1595
1599 1598 1597
1599 1597 1600
1601 1599 1600
1601 1602 1599
1603 1602 1601
1603 1601 1604
1605 1603 1604
1605 1606 1603
1606 1605 1607
1606 1607 1608
1609 1608 1607
1609 1610 1608
1611 1612 1613
1611 1614 1612
1615 1614 1611
1616 1614 1615
1614 1617 1612
1616 1618 1614
1618 1617 1614
1619 1618 1616
1619 1620 1618
1620 1617 1618
1621 1620 1619
1622 1620 1621
1623 1620 1622
1623 1617 1620
1624 1623 1622
1623 1624 1625
1623 1625 1626
1627 1623 1626
1627 1617 1623
1628 1627 1626
1627 1628 1629
1630 1627 1629
1617 1627 1631
1631 1627 1630
1632 1617 1631
1631 1630 1633
1632 1631 1633
1634 1632 1633
1635 1636 1637
1635 1637 1638
1639 1635 1638
1639 1638 1640
1641 1638 1637
1642 1640 1638
1641 1642 1638
1642 1643 1640
1644 1642 1641
1644 1643 1642
1645 1644 1641
1644 1646 1643
1645 1647 1644
1647 1646 1644
1645 1648 1647
1647 1649 1646
1647 1648 1650
1649 1647 1651
1647 1650 1651
1650 1652 1651
1649 1651 1653
1652 1654 1651
1653 1651 1655
1654 1655 1651
1656 1653 1655
1655 1654 1657
1656 1655 1658
1655 1657 1658
1656 1658 1659
1660 1658 1657
1661 1659 1658
1660 1661 1658
1661 1662 1659
1663 1662 1661
1661 1660 1664
1663 1661 1664
1660 1665 1664
1666 1664 1665
1667 1663 1664
1666 1667 1664
1667 1668 1663
1669 1667 1666
1670 1668 1667
1669 1670 1667
1670 1671 1668
1672 1670 1669
1673 1671 1670
1672 1673 1670
1674 1673 1672
1673 1675 1671
1674 1676 1673
1676 1675 1673
1676 1677 1675
1678 1679 1680
1679 1681 1680
1681 1682 1680
1682 1683 1680
1683 1684 1680
1684 1685 1680
1685 1686 1680
1686 1687 1680
1686 1688 1687
1687 1688 1689
1689 1690 1687
1687 1690 1691
1687 1692 1680
1691 1693 1687
1687 1693 1692
1692 1693 1694
1695 1696 1697
1698 1695 1697
1698 1697 1699
1700 1698 1699
1700 1701 1698
1702 1701 1700
1702 1700 1703
1704 1702 1703
1704 1705 1702
1706 1705 1704
1706 1704 1707
1707 1708 1706
1707 1709 1708
1710 1708 1709
1710 1709 1711
1712 1713 1714
1712 1714 1715
1716 1712 1715
1717 1716 1715
1715 1714 1718
1717 1715 1719
1719 1715 1718
1720 1717 1719
1720 1719 1721
1721 1719 1718
1722 1720 1721
1723 1722 1721
1724 1723 1721
1724 1721 1718
1725 1723 1724
1724 1726 1725
1727 1726 1724
1727 1724 1728
1728 1724 1718
1729 1727 1728
1728 1730 1729
1731 1730 1728
1718 1732 1728
1732 1731 1728
1733 1732 1718
1732 1734 1731
1733 1734 1732
1735 1734 1733
1736 1737 1738
1736 1739 1737
1740 1739 1736
1739 1741 1737
1740 1742 1739
1739 1743 1741
1742 1743 1739
1743 1744 1741
1742 1745 1743
1743 1746 1744
1745 1746 1743
1745 1747 1746
1746 1748 1744
1747 1749 1746
1746 1749 1748
1747 1750 1749
1751 1749 1750
1748 1749 1752
1752 1749 1751
1748 1752 1753
1752 1754 1753
1751 1755 1752
1752 1755 1754
1751 1756 1755
1757 1754 1755
1758 1755 1756
1757 1755 1758
1758 1756 1759
1757 1758 1760
1761 1758 1759
1758 1761 1760
1762 1761 1759
1763 1760 1761
1764 1761 1762
1763 1761 1765
1765 1761 1764
1765 1764 1766
1765 1767 1763
1768 1765 1766
1765 1769 1767
1768 1769 1765
1769 1770 1767
1768 1771 1769
1769 1772 1770
1769 1771 1772
1773 1770 1772
1771 1773 1772
1773 1774 1770
1771 1775 1773
1776 1774 1773
1773 1775 1777
1776 1773 1778
1773 1777 1778
1779 1780 1781
1779 1781 1782
1783 1784 1785
1783 1785 1786
1787 1788 1789
1787 1789 1790
1791 1792 1793
1791 1793 1794
1795 1796 1797
1795 1797 1798
1799 1800 1801
1799 1801 1802
1803 1804 1805
1803 1805 1806
1807 1808 1809
1807 1809 1810
1811 1812 1813
1811 1813 1814
1815 1816 1817
1815 1817 1818
1819 1820 1821
1819 1821 1822
1823 1824 1825
1823 1825 1826
1827 1828 1829
1827 1829 1830
1831 1832 1833
1831 1833 1834
1835 1836 1837
1835 1837 1838
1839 1840 1841
1839 1841 1842
1843 1844 1845
1843 1845 1846
1847 1848 1849
1847 1849 1850
1851 1852 1853
1851 1853 1854
1855 1856 1857
1855 1857 1858
1859 1860 1861
1859 1861 1862
1863 1864 1865
1863 1865 1866
1867 1868 1869
1867 1869 1870
1871 1872 1873
1871 1873 1874
1875 1876 1877
1875 1877 1878
1879 1880 1881
1879 1881 1882
1883 1884 1885
1883 1885 1886
1887 1888 1889
1887 1889 1890
1891 1892 1893
1891 1893 1894
1895 1896 1897
1895 1897 1898
1899 1900 1901
1899 1901 1902
1903 1904 1905
1903 1905 1906
1907 1908 1909
1907 1909 1910
1911 1912 1913
1911 1913 1914
1915 1916 1917
1915 1917 1918
1919 1920 1921
1919 1921 1922
1923 1924 1925
1923 1925 1926
1927 1928 1929
1927 1929 1930
1931 1932 1933
1931 1933 1934
1935 1936 1937
1935 1937 1938
1939 1940 1941
1939 1941 1942
1943 1944 1945
1943 1945 1946
1947 1948 1949
1947 1949 1950
1951 1952 1953
1951 1953 1954
1955 1956 1957
1955 1957 1958
1959 1960 1961
1959 1961 1962
1963 1964 1965
1963 1965 1966
1967 1968 1969
1967 1969 1970
1971 1972 1973
1971 1973 1974
1975 1976 1977
1975 1977 1978
1979 1980 1981
1979 1981 1982
1983 1984 1985
1983 1985 1986
1987 1988 1989
1987 1989 1990
1991 1992 1993
1991 1993 1994
1995 1996 1997
1995 1997 1998
1999 2000 2001
1999 2001 2002
2003 2004 2005
2003 2005 2006
2007 2008 2009
2007 2009 2010
2011 2012 2013
2011 2013 2014
2015 2016 2017
2015 2017 2018
2019 2020 2021
2019 2021 2022
2023 2024 2025
2023 2025 2026
2027 2028 2029
2027 2029 2030
2031 2032 2033
2031 2033 2034
2035 2036 2037
2035 2037 2038
2039 2040 2041
2039 2041 2042
2043 2044 2045
2043 2045 2046
2047 2048 2049
2047 2049 2050
2051 2052 2053
2051 2053 2054
2055 2056 2057
2055 2057 2058
2059 2060 2061
2059 2061 2062
2063 2064 2065
2063 2065 2066
2067 2068 2069
2067 2069 2070
2071 2067 2070
2072 2069 2068
2072 2073 2069
2074 2073 2072
2070 2069 2075
2073 2076 2069
2070 2075 2077
2073 2078 2076
2070 2077 2079
2073 2080 2078
2081 2070 2079
2082 2070 2081
2083 2080 2073
2084 2083 2073
2085 2070 2082
2086 2084 2073
2071 2070 2085
2074 2086 2073
2087 2071 2085
2087 2085 2088
2088 2085 2089
2088 2089 2090
2088 2090 2091
2092 2088 2091
2093 2088 2092
2094 2086 2074
2094 2095 2086
2096 2095 2094
2095 2097 2086
2096 2098 2095
2095 2099 2097
2098 2100 2095
2095 2101 2099
2100 2102 2095
2102 2101 2095
2103 2088 2093
2104 2088 2103
2104 2087 2088
2104 2103 2105
2103 2106 2105
2106 2107 2105
2107 2108 2105
2105 2108 2109
2105 2109 2110
2104 2105 2111
2105 2110 2112
2111 2105 2112
2111 2112 2113
2113 2112 2114
2112 2115 2114
2115 2116 2114
2116 2117 2114
2114 2117 2118
2114 2118 2119
2113 2114 2120
2114 2119 2121
2120 2114 2121
2120 2121 2122
2123 2122 2121
2123 2121 2124
2124 2121 2125
2124 2125 2126
2124 2126 2127
2128 2124 2127
2129 2124 2128
2130 2123 2124
2131 2124 2129
2130 2124 2131
2132 2130 2131
2132 2131 2133
2134 2132 2133
2133 2131 2135
2134 2133 2136
2133 2135 2137
2136 2133 2138
2133 2137 2139
2138 2133 2140
2140 2133 2139
2141 2142 2143
2144 2141 2143
2143 2145 2144
2143 2146 2145
2143 2142 2147
2148 2146 2143
2143 2147 2148
2148 2149 2146
2148 2150 2149
2151 2148 2147
2150 2148 2151
2151 2147 2152
2150 2151 2153
2151 2152 2154
2155 2153 2151
2151 2154 2155
2155 2156 2153
2155 2154 2157
2158 2156 2155
2155 2157 2158
2158 2159 2156
2158 2157 2160
2161 2159 2158
2158 2160 2161
2161 2162 2159
2161 2160 2163
2164 2162 2161
2161 2163 2165
2164 2161 2165
2165 2163 2166
2164 2165 2167
2166 2167 2165
2168 2169 2170
2169 2171 2170
2172 2168 2170
2171 2172 2170
2171 2169 2173
2171 2174 2172
2171 2173 2175
2176 2174 2171
2171 2175 2177
2176 2171 2177
2175 2178 2177
2178 2176 2177
2175 2179 2178
2178 2180 2176
2178 2179 2181
2182 2180 2178
2178 2181 2182
2182 2183 2180
2182 2181 2184
2185 2183 2182
2182 2184 2185
2185 2184 2186
2185 2187 2183
2185 2186 2188
2189 2187 2185
2185 2188 2189
2189 2190 2187
2189 2188 2191
2192 2190 2189
2189 2191 2193
2192 2189 2193
2193 2191 2194
2192 2193 2194
2195 2196 2197
2198 2195 2197
2196 2199 2197
2198 2197 2200
2199 2201 2197
2200 2197 2202
2203 2197 2201
2202 2197 2204
2205 2197 2203
2204 2197 2206
2207 2197 2205
2208 2206 2197
2209 2197 2207
2210 2208 2197
2209 2211 2197
2211 2210 2197
