byte offset: 0
first index: 0
index count: 8745
topology: trianglelist
format: DXGI_FORMAT_R16_UINT

0 1 2
1 3 4
1 5 3
5 6 3
7 5 1
8 7 1
5 9 6
9 10 6
7 11 5
11 9 5
8 12 7
12 11 7
9 13 10
13 14 10
11 15 9
15 13 9
13 16 14
16 17 14
18 12 8
18 8 19
20 15 11
12 20 11
15 21 13
21 16 13
22 21 15
20 22 15
23 16 21
22 23 21
24 17 16
23 24 16
25 18 19
25 19 26
24 27 17
27 28 17
27 29 28
30 29 27
31 27 24
30 27 31
32 24 23
31 24 32
33 23 22
32 23 33
30 31 34
30 34 35
35 34 36
37 34 31
36 34 37
37 31 32
36 37 38
39 37 32
38 37 39
39 32 33
38 39 40
40 39 41
41 39 33
40 41 42
33 22 43
41 33 43
43 22 20
42 41 44
44 41 43
42 44 45
43 20 46
44 43 46
46 20 12
45 44 47
47 44 46
45 47 48
46 12 49
47 46 49
49 12 18
48 47 50
50 47 49
48 50 51
49 18 52
50 49 52
52 18 25
51 50 53
53 50 52
51 53 54
52 25 55
53 52 55
54 53 56
56 53 55
54 56 57
55 25 58
58 25 26
58 26 59
60 58 59
55 58 61
56 55 61
61 58 60
57 56 62
62 56 61
62 61 60
57 62 63
64 62 60
63 62 65
64 65 62
63 65 66
67 65 64
66 65 67
67 64 68
66 67 69
70 67 68
69 67 71
70 71 67
69 71 72
73 71 70
72 71 73
73 70 74
72 73 75
76 73 74
75 73 77
76 77 73
75 77 78
79 77 76
78 77 79
79 76 80
78 79 81
82 79 80
81 79 82
83 84 85
85 86 87
85 87 88
88 87 89
90 85 88
91 85 90
88 89 92
92 89 93
90 88 94
94 88 92
91 90 95
95 90 94
92 93 96
96 93 97
94 92 98
98 92 96
96 97 99
99 97 100
101 91 95
101 102 91
103 94 98
95 94 103
98 96 104
104 96 99
105 98 104
103 98 105
106 104 99
105 104 106
107 99 100
106 99 107
108 102 101
108 109 102
107 100 110
110 100 111
110 111 112
113 110 112
114 107 110
113 114 110
115 106 107
114 115 107
116 105 106
115 116 106
113 117 114
113 118 117
118 119 117
120 114 117
119 120 117
120 115 114
119 121 120
122 115 120
121 122 120
122 116 115
121 123 122
123 124 122
124 116 122
123 125 124
116 126 105
124 126 116
126 103 105
125 127 124
127 126 124
125 128 127
126 129 103
127 129 126
129 95 103
128 130 127
130 129 127
128 131 130
129 132 95
130 132 129
132 101 95
131 133 130
133 132 130
131 134 133
132 135 101
133 135 132
135 108 101
134 136 133
136 135 133
134 137 136
135 138 108
136 138 135
137 139 136
139 138 136
137 140 139
138 141 108
141 109 108
141 142 109
143 142 141
138 144 141
139 144 138
144 143 141
140 145 139
145 144 139
145 143 144
140 146 145
147 143 145
146 148 145
147 145 148
146 149 148
150 147 148
149 150 148
150 151 147
149 152 150
153 151 150
152 154 150
153 150 154
152 155 154
156 153 154
155 156 154
156 157 153
155 158 156
159 157 156
158 160 156
159 156 160
158 161 160
162 159 160
161 162 160
162 163 159
161 164 162
165 163 162
164 165 162
166 167 168
166 168 169
170 166 169
168 171 169
168 172 171
172 173 171
173 174 171
174 175 171
175 169 171
174 176 175
170 169 177
175 177 169
178 170 177
176 179 175
179 177 175
176 180 179
180 181 179
180 182 181
182 183 181
178 177 184
179 184 177
181 184 179
185 178 184
185 184 186
181 186 184
185 186 187
187 186 181
188 185 187
188 187 189
189 187 181
190 188 189
183 191 181
191 189 181
183 192 191
192 193 191
193 189 191
192 194 193
190 189 195
193 195 189
196 190 195
197 195 193
196 195 197
194 197 193
198 196 197
194 199 197
198 197 199
194 200 199
201 198 199
200 201 199
202 203 204
202 204 205
206 202 205
206 205 207
208 206 207
208 207 209
210 208 209
210 209 211
212 210 211
212 211 213
214 212 213
214 213 215
216 214 215
216 215 217
218 216 217
213 219 215
215 219 217
211 220 213
213 220 219
209 221 211
211 221 220
207 222 209
209 222 221
223 219 220
217 219 223
218 217 224
225 218 224
226 225 224
227 226 224
227 224 217
227 217 223
228 227 223
229 228 223
223 220 230
229 223 230
230 220 221
231 229 230
230 221 232
231 230 232
232 221 222
233 231 232
233 232 234
232 222 234
235 233 234
234 222 236
207 236 222
205 236 207
235 234 237
234 236 237
205 238 236
237 236 238
204 238 205
235 237 239
237 238 239
239 238 204
240 235 239
241 239 204
241 240 239
242 243 244
244 243 245
243 246 245
247 246 243
248 246 247
249 246 248
245 250 244
246 250 245
249 251 246
251 249 252
253 244 250
253 254 244
255 254 253
256 246 251
246 256 250
251 252 257
251 257 258
259 257 252
259 260 257
260 258 257
256 251 261
251 258 261
262 260 259
262 259 263
264 262 263
265 253 250
256 266 250
265 250 266
267 256 261
256 267 266
258 268 261
267 261 268
269 253 265
255 253 269
270 260 262
264 271 262
262 271 270
270 272 260
260 272 258
273 272 270
271 273 270
274 258 272
273 274 272
258 275 268
274 275 258
268 275 276
276 275 274
277 274 273
276 274 277
268 276 278
267 268 278
267 278 279
279 266 267
280 278 276
280 279 278
277 281 276
280 276 281
282 273 271
277 273 283
283 273 282
284 277 283
277 285 281
284 285 277
283 282 286
283 286 284
271 287 282
282 288 286
282 287 288
286 288 289
284 286 290
286 289 290
291 285 284
284 290 291
281 285 292
291 292 285
271 293 287
264 293 271
294 288 287
289 288 294
289 295 290
291 290 295
281 292 296
296 297 281
280 281 297
291 298 292
291 295 299
291 299 298
292 300 296
292 298 300
296 300 301
302 280 297
303 297 296
302 297 303
296 304 303
296 301 304
303 304 302
302 305 280
280 305 279
306 305 302
279 305 306
302 304 307
307 306 302
279 306 308
279 308 266
309 308 306
309 306 307
266 308 310
309 310 308
266 310 265
307 304 311
311 304 301
312 309 307
307 311 312
310 309 313
313 309 312
265 310 314
314 310 313
265 314 315
269 265 315
316 269 315
255 269 316
314 317 315
316 315 317
255 316 318
318 319 255
320 319 318
320 318 321
321 318 322
321 322 323
322 324 323
318 316 325
318 325 322
322 326 324
326 327 324
316 317 328
316 328 325
322 325 329
322 329 326
326 330 327
330 331 327
325 332 329
325 328 332
333 326 329
333 330 326
332 333 329
317 334 328
328 335 332
328 334 335
332 336 333
335 336 332
337 333 336
335 337 336
338 330 333
337 338 333
330 339 331
338 339 330
340 331 339
340 341 331
342 341 340
343 339 338
343 340 339
342 340 344
344 340 343
344 345 342
346 338 337
346 343 338
335 347 337
337 347 346
344 343 348
348 343 346
344 349 345
348 349 344
350 347 335
334 350 335
346 347 351
351 347 350
345 349 352
345 352 353
352 354 353
348 355 349
352 349 355
348 346 356
346 351 356
356 355 348
351 357 356
356 357 355
334 358 350
351 350 359
359 350 358
351 360 357
359 360 351
361 358 334
317 361 334
314 361 317
358 361 314
313 358 314
359 358 362
362 358 313
359 363 360
362 363 359
357 360 364
364 360 363
355 357 365
357 364 365
362 313 366
313 312 366
366 367 362
362 367 363
312 368 366
366 368 367
312 311 368
363 367 369
369 367 368
368 311 370
369 368 370
311 301 370
355 365 371
352 355 371
371 372 352
352 372 354
365 373 371
371 373 372
354 372 374
374 372 373
354 374 375
374 376 375
365 377 373
364 377 365
374 373 378
374 379 376
378 379 374
373 377 380
373 380 378
376 379 381
376 381 382
381 383 382
364 384 377
377 385 380
377 384 385
386 378 380
385 386 380
378 387 379
386 387 378
379 388 381
379 387 388
381 389 383
388 389 381
390 384 364
364 363 390
363 369 390
390 391 384
369 391 390
385 384 391
383 389 392
383 392 393
393 392 394
369 395 391
370 395 369
385 391 396
396 391 395
370 397 395
301 397 370
392 389 398
388 398 389
394 392 399
399 400 394
396 401 385
396 402 401
385 401 386
396 395 403
403 395 397
403 402 396
386 401 404
401 402 404
386 404 405
405 387 386
405 388 387
405 404 406
406 404 402
407 388 405
405 406 407
407 398 388
403 397 408
408 402 403
407 406 409
410 398 407
407 409 410
406 402 411
409 406 411
408 412 402
412 411 402
397 413 408
413 412 408
414 412 413
397 415 413
414 413 415
301 415 397
416 415 301
414 415 416
416 301 300
417 416 300
414 416 417
417 300 298
418 411 412
409 411 418
419 417 298
419 298 299
418 412 420
414 420 412
421 409 418
421 418 420
414 417 422
422 417 419
423 420 414
421 420 423
423 414 422
424 423 422
425 409 421
425 410 409
426 421 423
426 423 424
425 421 426
299 427 419
299 295 427
422 419 428
424 422 428
419 429 428
419 427 429
429 424 428
430 427 295
289 430 295
430 431 427
432 430 289
432 431 430
427 433 429
427 431 433
434 432 289
289 294 434
429 433 435
431 436 433
435 433 436
429 437 424
429 435 437
438 424 437
435 438 437
432 439 431
431 439 436
438 440 424
426 424 440
434 441 432
442 439 432
442 432 441
443 442 441
434 444 441
444 443 441
294 444 434
445 436 439
445 439 442
294 446 444
444 447 443
446 447 444
448 446 294
294 287 448
287 449 448
287 293 449
293 450 449
448 451 446
449 451 448
446 452 447
451 452 446
449 453 451
450 453 449
443 447 454
447 452 454
293 455 450
264 455 293
451 456 452
453 456 451
457 450 455
264 457 455
454 452 458
459 452 456
458 452 459
453 460 456
456 461 459
456 460 461
462 458 459
461 462 459
463 454 458
463 458 462
450 464 453
464 460 453
464 465 460
460 465 466
460 466 461
466 467 461
461 467 462
466 468 467
467 468 469
462 467 470
467 469 470
462 470 463
470 469 471
463 472 454
443 454 472
470 473 463
463 473 472
470 471 474
470 474 473
475 443 472
473 475 472
471 476 474
471 477 476
476 477 478
474 479 473
474 476 479
475 480 443
443 480 442
442 480 481
475 481 480
442 481 445
473 482 475
473 479 482
475 483 481
475 482 483
476 478 484
485 479 476
476 484 485
482 479 486
485 486 479
478 487 484
488 487 478
445 481 489
481 483 490
481 490 489
445 489 491
491 436 445
491 492 436
435 436 492
492 493 435
435 493 438
491 494 492
492 494 493
438 493 495
495 493 494
489 496 491
491 496 494
438 495 497
497 440 438
483 498 490
483 499 498
483 482 499
499 482 500
482 486 500
501 498 499
499 500 501
500 486 502
502 486 485
500 502 503
501 500 503
503 502 504
503 504 505
502 485 506
503 505 507
507 501 503
505 508 507
501 509 498
507 509 501
485 510 506
485 484 510
506 510 511
511 510 484
506 511 512
511 484 487
512 511 513
513 511 487
512 513 514
508 515 507
508 516 515
517 498 509
490 498 517
517 518 490
519 509 507
519 507 515
517 509 519
513 487 520
520 487 488
513 521 514
520 521 513
516 522 515
515 522 519
519 523 517
517 523 518
519 522 523
514 524 516
514 521 524
516 524 522
520 525 521
488 525 520
524 521 525
522 526 523
522 524 526
524 525 526
523 526 518
488 527 525
527 526 525
518 526 527
488 528 527
527 528 529
527 529 530
518 527 530
529 531 530
529 532 531
532 533 531
532 534 533
531 533 535
530 531 536
531 535 536
518 530 537
530 536 537
538 536 535
537 536 538
538 535 539
540 518 537
490 518 540
489 490 540
537 538 541
540 537 541
538 539 542
541 538 542
542 539 543
489 540 544
489 544 496
545 540 541
545 544 540
541 542 545
496 544 545
542 543 546
545 542 546
546 543 547
496 545 548
545 546 548
494 496 548
546 547 549
548 546 549
549 547 550
494 548 551
548 549 551
495 494 551
551 549 495
495 549 552
549 550 552
495 552 497
552 550 553
497 552 553
553 550 554
497 553 555
497 555 440
553 554 556
555 553 556
556 554 557
558 440 555
555 556 558
556 557 559
558 556 559
559 557 560
560 557 561
560 561 562
563 559 560
558 559 563
564 560 562
563 560 564
564 562 565
558 566 440
426 440 566
567 558 563
567 566 558
564 567 563
568 426 566
568 566 567
425 426 568
564 569 567
569 568 567
570 564 565
570 569 564
400 569 570
569 571 568
400 571 569
425 568 571
399 571 400
425 571 399
399 410 425
399 572 410
399 392 572
410 572 398
392 398 572
573 565 574
575 565 573
573 574 576
576 574 577
576 577 578
575 573 579
580 575 579
581 576 578
582 573 576
582 576 581
583 581 578
583 578 584
573 582 585
573 585 579
586 582 581
586 581 583
585 582 586
587 583 584
587 584 588
589 586 583
589 583 587
580 579 590
579 585 591
579 591 590
585 586 592
591 585 592
586 589 593
586 593 592
594 589 587
594 593 589
595 587 588
594 587 595
596 580 590
596 597 580
591 592 598
598 592 593
598 593 599
600 590 591
600 596 590
600 591 598
601 595 588
601 588 602
594 603 593
603 599 593
604 594 595
604 595 601
603 594 604
605 601 602
605 602 606
607 605 606
607 606 608
609 607 608
609 608 610
611 601 605
612 605 607
612 611 605
613 604 601
611 613 601
604 613 614
614 613 611
603 604 615
604 614 615
616 607 609
616 612 607
614 611 617
617 611 612
609 610 618
619 616 609
619 609 618
612 616 620
620 616 619
620 619 621
622 618 610
622 610 623
624 619 618
621 619 624
624 618 622
625 622 623
625 623 626
627 622 625
627 624 622
628 624 627
621 624 628
628 627 629
630 628 629
612 620 631
617 612 631
632 631 620
632 620 621
633 617 631
632 633 631
634 633 632
633 635 617
635 614 617
635 636 614
636 615 614
636 637 615
637 603 615
635 638 636
637 636 638
639 635 633
635 639 638
634 640 633
639 633 640
637 641 603
603 641 599
642 641 637
642 599 641
637 638 643
642 637 643
644 639 640
639 645 638
639 644 645
646 643 638
646 638 645
647 640 634
644 640 647
648 644 647
644 649 645
649 646 645
650 643 646
650 642 643
647 634 651
651 648 647
648 652 644
644 652 649
649 653 646
653 650 646
654 653 649
655 649 652
655 654 649
655 652 656
656 652 648
653 657 650
654 657 653
658 655 656
654 655 658
656 648 659
658 656 660
660 656 659
648 661 659
660 659 662
659 661 662
648 663 661
651 663 648
664 661 663
665 663 651
664 663 665
661 666 662
664 666 661
665 651 667
651 634 667
664 668 666
666 669 662
668 669 666
670 664 665
668 664 670
671 660 662
669 672 662
671 662 672
673 669 668
672 669 673
668 670 674
673 668 674
675 660 671
675 658 660
672 673 676
677 671 672
677 672 676
678 675 671
678 671 677
658 675 679
679 675 678
680 673 674
676 673 680
680 674 681
676 680 682
674 683 681
464 676 682
464 677 676
450 677 464
450 678 677
674 670 683
457 678 450
679 678 457
670 684 683
670 685 684
670 665 685
684 685 686
684 686 687
686 688 687
685 665 689
685 689 686
665 667 689
690 679 457
264 690 457
264 691 690
264 692 691
691 692 693
686 694 688
695 686 689
686 695 694
667 696 689
695 689 696
688 694 697
630 688 697
691 693 698
691 699 690
699 691 698
693 700 698
698 700 701
693 702 700
703 700 702
703 701 700
703 702 704
704 705 703
704 706 705
706 707 705
707 708 705
699 698 709
698 701 709
690 699 710
710 699 709
711 709 701
710 709 711
712 690 710
690 712 679
712 713 679
658 679 713
654 658 713
712 714 713
714 654 713
715 712 710
715 714 712
714 716 654
654 716 657
717 715 710
717 710 711
715 718 714
718 716 714
718 715 717
719 657 716
718 719 716
718 717 720
719 718 720
719 721 657
721 650 657
721 722 650
722 642 650
719 723 721
722 721 723
719 720 724
719 724 723
717 725 720
725 724 720
726 717 711
717 726 725
722 727 642
642 727 599
728 727 722
599 727 728
722 723 729
728 722 729
730 728 729
599 728 731
731 728 730
598 599 731
724 732 723
729 723 732
598 731 733
600 598 733
725 734 724
724 734 732
734 735 732
729 732 736
730 729 736
736 732 735
731 730 737
733 731 737
736 735 738
730 736 738
600 733 739
733 737 740
733 740 739
730 741 737
740 737 741
730 738 742
730 742 741
743 742 738
735 743 738
600 739 744
596 600 744
739 740 745
740 741 745
741 746 745
742 747 741
743 747 742
747 746 741
739 745 748
748 745 746
749 744 739
749 739 748
750 747 743
747 750 746
596 744 751
596 751 752
597 596 752
753 597 752
754 753 752
744 755 751
752 751 755
744 749 755
754 752 756
752 755 756
749 757 755
757 756 755
758 754 756
757 758 756
758 759 754
760 759 758
760 758 761
761 758 757
749 762 757
762 749 748
763 760 761
763 764 760
765 764 763
761 757 766
762 766 757
762 748 767
748 746 767
768 761 766
768 763 761
762 769 766
769 762 767
769 768 766
770 767 746
769 767 770
771 770 746
750 771 746
772 769 770
771 772 770
769 773 768
772 773 769
763 768 774
774 768 773
771 750 775
750 743 775
772 771 776
771 775 776
777 773 772
774 773 777
778 775 743
735 778 743
763 774 779
765 763 779
780 765 779
780 781 765
782 781 780
783 779 774
783 780 779
784 783 774
784 774 777
777 772 785
772 776 785
780 783 786
786 783 784
782 780 787
780 786 787
788 784 777
788 777 785
789 785 776
789 788 785
790 782 787
790 791 782
792 789 776
792 776 775
778 792 775
786 784 793
793 784 788
794 787 786
794 790 787
791 790 795
791 795 796
795 797 796
788 789 798
798 789 792
790 799 795
790 794 799
800 794 786
800 786 793
795 801 797
799 801 795
793 788 802
788 798 802
794 800 803
794 803 799
804 800 793
804 793 802
803 800 804
805 797 801
805 806 797
799 807 801
803 807 799
807 805 801
808 806 805
808 809 806
807 810 805
810 808 805
803 811 807
811 810 807
812 809 808
812 813 809
814 813 812
803 804 815
811 803 815
810 816 808
812 808 816
814 812 817
818 814 817
818 817 819
817 820 819
812 816 821
817 812 821
822 816 810
821 816 822
811 823 810
822 810 823
824 823 811
824 811 815
824 822 823
817 821 825
820 817 825
821 822 826
826 822 824
825 821 826
827 824 815
804 827 815
826 824 828
828 824 827
804 829 827
829 804 802
829 802 798
829 830 827
828 827 830
831 826 828
825 826 831
832 829 798
829 832 830
833 828 830
831 828 833
834 833 830
834 831 833
825 831 835
834 835 831
825 835 836
820 825 836
836 835 837
837 835 834
820 836 838
836 837 838
820 838 839
838 840 839
841 834 830
832 841 830
837 834 842
834 841 842
837 843 838
838 843 840
844 837 842
837 844 843
832 845 841
845 832 846
832 798 846
798 792 846
792 847 846
845 846 847
792 778 847
841 845 848
848 845 847
847 778 849
848 847 849
849 778 735
841 850 842
841 848 850
849 735 851
734 851 735
852 848 849
848 852 850
852 849 851
850 853 842
844 842 853
852 854 850
850 854 853
855 852 851
852 855 854
734 856 851
856 855 851
856 734 857
855 856 857
734 725 857
858 857 725
855 857 858
858 725 726
859 853 854
859 844 853
854 855 860
855 858 860
859 854 860
858 859 860
858 861 859
858 726 861
859 862 844
862 859 861
863 861 726
862 861 863
864 844 862
864 843 844
863 726 865
726 711 865
711 701 865
701 863 865
862 863 866
701 866 863
862 866 864
703 866 701
864 866 703
864 703 705
705 843 864
705 867 843
708 867 705
867 840 843
840 867 708
868 840 708
869 870 871
869 872 870
873 872 869
872 874 870
873 875 872
875 874 872
876 875 873
875 877 874
876 878 875
878 877 875
879 878 876
879 880 878
878 881 877
881 878 882
881 882 883
884 885 886
885 887 886
885 888 887
887 888 889
885 890 888
886 887 891
887 889 891
892 886 891
889 892 891
889 893 892
889 894 893
890 895 888
890 896 895
895 896 897
888 898 889
898 888 895
889 899 894
898 899 889
894 899 900
899 901 900
898 895 902
902 899 898
895 897 903
902 895 903
899 904 901
902 904 899
897 905 903
897 906 905
907 903 905
902 903 908
908 903 907
908 904 902
908 907 909
901 904 910
908 910 904
909 910 908
901 910 911
909 912 910
910 913 911
910 912 913
914 915 916
914 917 915
918 917 914
917 919 915
918 920 917
921 920 918
917 922 919
920 922 917
921 923 920
924 923 921
922 925 919
925 926 919
927 926 925
927 925 928
928 925 929
929 925 922
928 929 930
931 922 920
931 920 923
929 922 931
924 932 923
933 932 924
930 929 934
930 934 935
936 923 932
936 931 923
933 937 932
937 936 932
937 938 936
939 937 933
939 940 937
940 938 937
941 940 939
942 931 936
938 942 936
938 943 942
938 944 943
941 945 940
946 945 941
947 940 945
946 947 945
947 938 940
948 947 946
949 947 948
949 938 947
944 938 949
944 950 951
952 950 944
953 951 950
952 954 950
955 954 952
953 950 956
956 931 953
929 931 956
929 956 934
934 956 950
934 950 957
957 950 954
935 934 957
935 957 958
958 957 959
959 957 954
955 960 954
959 954 960
961 960 955
959 960 962
962 960 961
963 964 965
963 966 964
967 966 963
968 966 967
969 968 967
968 970 966
971 966 970
971 970 972
969 973 968
968 973 974
968 974 975
975 976 968
969 977 973
969 978 977
979 977 978
979 978 980
981 977 979
973 977 982
981 982 977
973 982 983
984 982 981
983 982 984
984 981 985
986 984 985
975 987 976
988 976 987
988 987 989
989 987 990
990 987 975
989 990 991
991 990 992
991 992 993
994 992 990
990 975 995
994 990 995
995 996 994
995 997 996
975 997 995
975 983 997
997 983 998
996 997 998
999 996 998
1000 996 999
1001 996 1000
1001 1002 996
1003 1002 1001
994 996 1004
996 1002 1004
1003 1005 1002
1006 1005 1003
1002 1005 1007
1006 1007 1005
1002 1007 1004
1006 1008 1007
1008 1004 1007
1009 1008 1006
1010 1008 1009
1011 994 1004
1008 1011 1004
1010 1011 1008
1011 1012 994
1013 1011 1010
1013 1012 1011
1000 1014 1015
1000 1015 1016
1015 1014 1017
1015 1018 1016
1017 1018 1015
1016 1018 1019
1016 1019 1020
1017 1021 1018
983 1021 1017
983 984 1021
1022 1018 1021
1022 1021 984
1019 1018 1022
986 1022 984
1019 1022 986
1019 986 1023
1019 1023 1024
1020 1019 1025
1019 1024 1025
1020 1025 1026
1025 1024 1026
1027 1028 1029
1027 1030 1028
1030 1031 1028
1032 1030 1027
1030 1033 1031
1033 1034 1031
1032 1035 1030
1035 1033 1030
1036 1035 1032
1036 1032 1037
1038 1036 1037
1039 1035 1036
1039 1033 1035
1033 1040 1034
1040 1041 1034
1038 1042 1036
1042 1039 1036
1043 1033 1039
1043 1040 1033
1040 1044 1041
1044 1045 1041
1046 1042 1038
1046 1038 1047
1046 1047 1048
1042 1049 1039
1049 1043 1039
1050 1040 1043
1050 1044 1040
1044 1051 1045
1051 1052 1045
1053 1042 1046
1053 1049 1042
1046 1048 1054
1053 1046 1054
1055 1054 1048
1055 1056 1054
1056 1057 1054
1053 1054 1057
1056 1058 1057
1059 1049 1053
1059 1053 1057
1058 1060 1057
1059 1057 1060
1058 1061 1060
1059 1062 1049
1049 1062 1043
1062 1050 1043
1061 1063 1060
1061 1064 1063
1065 1059 1060
1065 1062 1059
1065 1060 1063
1062 1066 1050
1065 1066 1062
1064 1067 1063
1064 1068 1067
1069 1065 1063
1069 1066 1065
1069 1063 1067
1066 1070 1050
1070 1044 1050
1070 1051 1044
1068 1071 1067
1068 1072 1071
1069 1073 1066
1066 1073 1070
1074 1069 1067
1074 1067 1071
1074 1073 1069
1075 1051 1070
1073 1075 1070
1072 1076 1071
1072 1077 1076
1074 1078 1073
1073 1078 1075
1079 1074 1071
1079 1071 1076
1079 1078 1074
1077 1080 1076
1077 1081 1080
1082 1076 1080
1082 1079 1076
1082 1083 1079
1079 1083 1078
1082 1084 1083
1083 1084 1085
1078 1083 1086
1078 1086 1075
1083 1085 1086
1086 1087 1075
1075 1087 1051
1051 1087 1052
1087 1088 1052
1085 1089 1086
1086 1089 1087
1085 1090 1089
1089 1090 1091
1087 1092 1088
1087 1089 1092
1089 1091 1092
1092 1093 1088
1092 1091 1093
1094 1095 1096
1097 1094 1096
1097 1096 1098
1099 1097 1098
1099 1098 1100
1101 1099 1100
1101 1100 1102
1103 1101 1102
1103 1102 1104
1105 1103 1104
1105 1104 1106
1107 1105 1106
1107 1106 1108
1109 1107 1108
1109 1108 1110
1111 1109 1110
1111 1110 1112
1111 1112 1113
1114 1115 1116
1114 1116 1117
1118 1114 1117
1117 1116 1119
1118 1117 1120
1120 1117 1119
1121 1118 1120
1120 1119 1122
1121 1120 1123
1123 1120 1122
1124 1121 1123
1124 1123 1125
1123 1122 1126
1126 1127 1123
1126 1128 1127
1129 1130 1131
1131 1130 1132
1131 1132 1133
1132 1134 1133
1131 1133 1135
1130 1136 1132
1136 1134 1132
1136 1130 1137
1134 1136 1137
1134 1137 1138
1134 1138 1139
1135 1133 1140
1135 1140 1141
1140 1142 1141
1134 1139 1143
1139 1144 1143
1143 1144 1145
1134 1146 1133
1146 1140 1133
1146 1134 1143
1146 1147 1140
1147 1146 1143
1140 1148 1142
1147 1148 1140
1143 1145 1149
1147 1143 1149
1142 1148 1150
1142 1150 1151
1152 1150 1148
1147 1153 1148
1153 1152 1148
1153 1147 1149
1153 1154 1152
1145 1155 1149
1153 1149 1155
1154 1153 1155
1145 1156 1155
1154 1155 1157
1155 1156 1158
1155 1158 1157
1159 1160 1161
1159 1161 1162
1163 1159 1162
1162 1161 1164
1163 1162 1165
1166 1163 1165
1162 1164 1167
1165 1162 1167
1166 1165 1168
1169 1166 1168
1167 1164 1170
1164 1171 1170
1172 1170 1171
1172 1173 1170
1173 1174 1170
1174 1167 1170
1173 1175 1174
1176 1165 1167
1176 1168 1165
1174 1176 1167
1169 1168 1177
1178 1169 1177
1175 1179 1174
1175 1180 1179
1181 1177 1168
1181 1168 1176
1178 1177 1182
1182 1177 1181
1182 1181 1183
1184 1178 1182
1184 1182 1185
1185 1182 1183
1186 1184 1185
1187 1181 1176
1183 1181 1187
1183 1187 1188
1183 1188 1189
1186 1185 1190
1191 1186 1190
1192 1190 1185
1191 1190 1192
1192 1185 1183
1193 1191 1192
1194 1193 1192
1194 1192 1183
1189 1194 1183
1189 1195 1196
1197 1189 1196
1198 1196 1195
1197 1196 1199
1200 1197 1199
1198 1201 1196
1201 1198 1176
1174 1201 1176
1174 1179 1201
1179 1196 1201
1179 1202 1196
1202 1199 1196
1180 1202 1179
1180 1203 1202
1203 1204 1202
1204 1199 1202
1200 1199 1205
1204 1205 1199
1206 1200 1205
1204 1207 1205
1207 1206 1205
1208 1209 1210
1208 1210 1211
1212 1208 1211
1213 1212 1211
1214 1212 1213
1213 1211 1215
1216 1215 1211
1216 1217 1215
1214 1213 1218
1213 1219 1218
1214 1218 1220
1214 1220 1221
1213 1222 1219
1223 1221 1220
1223 980 1221
1224 1223 1220
1218 1225 1220
1224 1220 1225
1218 1219 1225
1226 1224 1225
1219 1226 1225
1226 1227 1224
1228 1227 1226
1228 1226 1229
1230 1228 1229
1230 1231 1228
1230 1232 1231
1229 1226 1233
1219 1233 1226
1229 1233 1234
1230 1229 1234
1219 1235 1233
1235 1234 1233
1235 1236 1234
1236 1235 1237
1238 1236 1237
1236 1239 1234
1238 1239 1236
1239 1230 1234
1239 1240 1230
1230 1241 1232
1240 1241 1230
1241 1242 1232
1240 1242 1241
1238 1243 1244
1245 1238 1244
1243 1246 1244
1245 1244 1247
1248 1245 1247
1244 1246 1249
1249 1246 1219
1250 1249 1219
1250 1251 1249
1251 1244 1249
1248 1247 1252
1253 1248 1252
1247 1254 1252
1253 1252 1254
1244 1255 1247
1247 1255 1254
1253 1254 1256
1256 1254 1255
1257 1253 1256
1258 1257 1256
1258 1256 1259
1256 1255 1259
1260 1258 1259
1260 1259 1261
1259 1262 1261
1259 1255 1262
1262 1255 1244
1251 1262 1244
1262 1251 1263
1263 1251 1222
1262 1263 1264
1263 1222 1265
1266 1264 1263
1266 1267 1264
1268 1266 1263
1268 1263 1265
1269 1268 1265
1269 1265 1270
1250 1270 1265
1250 1213 1270
1271 1272 1273
1271 1273 1274
1275 1271 1274
1274 1273 1276
1275 1274 1277
1278 1275 1277
1274 1276 1279
1277 1274 1279
1279 1276 1280
1278 1277 1281
1281 1277 1279
1282 1278 1281
1279 1280 1283
1283 1280 1284
1282 1281 1285
1286 1282 1285
1281 1279 1287
1287 1279 1283
1285 1281 1287
1283 1284 1288
1288 1284 1289
1286 1285 1290
1290 1291 1286
1287 1283 1292
1292 1283 1288
1285 1287 1293
1290 1285 1293
1293 1287 1292
1288 1289 1294
1294 1289 1295
1290 1296 1291
1297 1291 1296
1297 1296 1298
1290 1293 1299
1299 1296 1290
1298 1296 1300
1299 1300 1296
1298 1300 1301
1292 1288 1302
1302 1288 1294
1293 1292 1303
1299 1293 1303
1303 1292 1302
1294 1295 1304
1304 1295 1305
1301 1300 1306
1301 1306 1307
1308 1300 1299
1299 1303 1308
1308 1306 1300
1302 1294 1309
1309 1294 1304
1303 1302 1310
1308 1303 1310
1310 1302 1309
1307 1306 1311
1307 1311 1312
1313 1306 1308
1308 1310 1313
1313 1311 1306
1310 1309 1314
1313 1310 1314
1312 1311 1315
1312 1315 1316
1317 1311 1313
1313 1314 1317
1317 1315 1311
1314 1309 1318
1309 1304 1318
1316 1315 1319
1316 1319 1320
1317 1314 1321
1314 1318 1321
1322 1315 1317
1322 1319 1315
1317 1321 1322
1320 1319 1323
1320 1323 1324
1325 1319 1322
1325 1323 1319
1324 1323 1326
1324 1326 1327
1328 1326 1323
1328 1323 1325
1325 1329 1328
1322 1330 1325
1325 1330 1329
1322 1321 1330
1330 1331 1329
1321 1332 1330
1330 1332 1331
1321 1318 1332
1332 1333 1331
1318 1334 1332
1332 1334 1333
1318 1304 1334
1334 1335 1333
1304 1336 1334
1334 1336 1335
1304 1305 1336
1336 1337 1335
1336 1305 1337
1338 1339 1340
1341 1339 1338
1341 1342 1339
1343 1342 1341
1343 1344 1342
1345 1344 1343
1345 1346 1344
1347 1346 1345
1347 1348 1346
1349 1348 1347
1349 1350 1348
1351 1350 1349
1351 1352 1350
1353 1352 1351
1353 1354 1352
1355 1354 1353
1355 1356 1354
1355 1357 1356
1358 1359 1360
1361 1358 1360
1361 1362 1358
1363 1362 1361
1363 1364 1362
1365 1364 1363
1358 1362 1366
1366 1362 1364
1365 1367 1364
1368 1367 1365
1368 1369 1367
1370 1369 1368
1364 1367 1371
1371 1367 1369
1370 1372 1369
1373 1372 1370
1366 1364 1374
1364 1371 1374
1371 1369 1375
1372 1375 1369
1373 1376 1372
1377 1376 1373
1372 1378 1375
1376 1378 1372
1379 1366 1374
1371 1380 1374
1379 1374 1380
1375 1381 1371
1371 1381 1380
1378 1382 1375
1375 1382 1381
1376 1383 1378
1378 1383 1382
1377 1384 1376
1376 1384 1383
1377 1385 1384
1386 1385 1377
1387 1385 1386
1384 1388 1383
1384 1385 1388
1383 1389 1382
1383 1388 1389
1382 1390 1381
1382 1389 1390
1381 1391 1380
1381 1390 1391
1387 1392 1385
1392 1388 1385
1393 1392 1387
1393 1388 1392
1393 1389 1388
1393 1387 1394
1389 1393 1395
1394 1395 1393
1389 1395 1390
1394 1396 1395
1395 1396 1397
1390 1395 1398
1395 1397 1398
1390 1398 1391
1399 1398 1397
1399 1400 1398
1391 1398 1400
1401 1400 1399
1391 1400 1402
1402 1380 1391
1402 1379 1380
1401 1403 1400
1402 1400 1403
1404 1379 1402
1402 1403 1405
1404 1402 1405
1403 1406 1405
1406 1404 1405
1407 1379 1404
1407 1366 1379
1358 1366 1407
1408 1407 1404
1406 1408 1404
1409 1358 1407
1408 1409 1407
1410 1409 1408
1409 1411 1358
1410 1411 1409
1358 1411 1359
1359 1411 1412
1410 1412 1411
1359 1412 1413
1412 1414 1413
1412 1415 1414
1410 1415 1412
1414 1415 1416
1414 1416 1417
1418 1408 1406
1410 1408 1418
1410 1419 1415
1416 1415 1419
1417 1416 1420
1417 1420 1421
1422 1410 1418
1422 1419 1410
1416 1419 1423
1420 1416 1423
1421 1420 1424
1421 1424 1425
1418 1406 1426
1426 1422 1418
1427 1419 1422
1427 1423 1419
1420 1423 1428
1424 1420 1428
1425 1424 1429
1425 1429 1430
1426 1431 1422
1431 1427 1422
1406 1432 1426
1432 1431 1426
1433 1428 1423
1433 1423 1427
1424 1428 1434
1429 1424 1434
1434 1428 1433
1430 1429 1435
1430 1435 1436
1429 1434 1437
1435 1429 1437
1434 1433 1438
1438 1437 1434
1439 1433 1427
1438 1433 1439
1436 1435 1440
1436 1440 1441
1435 1437 1442
1440 1435 1442
1441 1440 1443
1441 1443 1444
1439 1427 1445
1431 1445 1427
1438 1446 1437
1446 1442 1437
1440 1442 1447
1443 1440 1447
1444 1443 1448
1444 1448 1449
1446 1450 1442
1442 1450 1447
1438 1451 1446
1451 1450 1446
1438 1439 1452
1438 1452 1451
1453 1439 1445
1452 1439 1453
1443 1447 1454
1448 1443 1454
1455 1447 1450
1451 1455 1450
1454 1447 1455
1449 1448 1456
1449 1456 1457
1451 1452 1458
1452 1453 1458
1458 1453 1459
1453 1445 1460
1459 1453 1460
1460 1445 1431
1448 1454 1461
1456 1448 1461
1462 1454 1455
1462 1461 1454
1463 1455 1451
1463 1462 1455
1451 1458 1463
1457 1456 1464
1457 1464 1465
1460 1431 1466
1432 1466 1431
1456 1461 1467
1464 1456 1467
1461 1462 1468
1468 1462 1463
1461 1468 1467
1469 1463 1458
1468 1463 1469
1465 1464 1470
1465 1470 1471
1464 1467 1472
1470 1464 1472
1467 1468 1473
1473 1468 1469
1467 1473 1472
1471 1470 1474
1471 1474 1475
1470 1472 1476
1474 1470 1476
1475 1474 1477
1475 1477 1478
1472 1479 1476
1472 1473 1479
1474 1476 1480
1476 1479 1480
1477 1474 1480
1478 1477 1481
1478 1481 1482
1473 1483 1479
1480 1479 1483
1477 1480 1484
1481 1477 1484
1480 1483 1484
1482 1481 1485
1482 1485 1486
1473 1487 1483
1473 1469 1487
1481 1484 1488
1485 1481 1488
1484 1483 1489
1489 1483 1487
1484 1489 1488
1486 1485 1490
1486 1490 1491
1491 1490 1492
1469 1493 1487
1489 1487 1493
1485 1488 1494
1490 1485 1494
1495 1488 1489
1495 1494 1488
1490 1494 1496
1492 1490 1496
1497 1496 1494
1492 1496 1497
1497 1494 1495
1489 1498 1495
1489 1493 1498
1469 1499 1493
1469 1458 1499
1458 1459 1499
1459 1493 1499
1459 1498 1493
1495 1498 1500
1500 1498 1459
1495 1500 1497
1492 1497 1501
1492 1501 1502
1500 1459 1503
1459 1460 1503
1503 1460 1466
1504 1497 1500
1504 1500 1503
1504 1501 1497
1502 1501 1505
1502 1505 1506
1503 1466 1507
1504 1503 1507
1508 1501 1504
1508 1505 1501
1507 1508 1504
1506 1505 1509
1509 1505 1508
1506 1509 1510
1510 1509 1401
1466 1511 1507
1466 1432 1511
1507 1512 1508
1512 1507 1511
1509 1508 1513
1508 1512 1513
1401 1509 1513
1511 1513 1512
1401 1513 1514
1514 1513 1511
1403 1401 1514
1515 1511 1432
1515 1514 1511
1403 1514 1515
1406 1515 1432
1403 1515 1406
1516 1517 1518
1519 1516 1518
1517 1520 1518
1517 1521 1520
1521 1522 1520
1522 1518 1520
1521 1523 1522
1519 1518 1524
1524 1518 1525
1526 1519 1524
1527 1526 1524
1527 1524 1525
1523 1528 1522
1523 1529 1528
1529 1530 1528
1530 1522 1528
1530 1531 1522
1531 1532 1522
1518 1522 1533
1525 1518 1533
1522 1532 1534
1522 1534 1533
1527 1525 1535
1536 1527 1535
1537 1536 1535
1525 1537 1535
1525 1538 1537
1525 1539 1538
1539 1525 1533
1539 1533 1534
1540 1539 1534
1532 1541 1534
1540 1534 1541
1532 1542 1541
1543 1540 1541
1542 1543 1541
1544 1545 1546
1547 1544 1546
1545 1548 1546
1548 1547 1546
1548 1549 1547
1545 1550 1548
1551 1549 1548
1552 1549 1551
1553 1552 1551
1551 1548 1554
1550 1554 1548
1550 1555 1554
1555 1550 1556
1555 1556 1557
1554 1555 1558
1558 1551 1554
1558 1555 1559
1551 1558 1560
1559 1555 1561
1551 1560 1562
1553 1551 1563
1564 1553 1563
1565 1564 1563
1565 1563 1551
1551 1566 1565
1551 1562 1566
1566 1567 1565
1568 1566 1562
1566 1568 1567
1568 1569 1567
1568 1562 1570
1571 1569 1568
1572 1568 1570
1571 1568 1572
1572 1570 1573
1574 1571 1572
1575 1572 1573
1574 1572 1575
1575 1573 1576
1577 1574 1575
1578 1575 1576
1578 1577 1575
1578 1576 1561
1555 1578 1561
1555 1577 1578
1579 1577 1555
1579 1555 1580
1581 1579 1580
1555 1557 1580
1557 1581 1580
1582 1583 1584
1582 1585 1583
1586 1582 1584
1586 1584 1587
1586 1587 1588
1582 1586 1589
1590 1586 1588
1589 1586 1590
1590 1588 696
1588 695 696
667 1590 696
1588 1591 695
1592 1590 667
1592 1589 1590
634 1592 667
634 1593 1592
1589 1592 1593
634 632 1593
695 1591 1594
695 1594 694
1591 1595 1594
1595 694 1594
1591 1596 1595
1595 697 694
1596 1597 1595
1597 697 1595
1596 1598 1597
1589 1593 1599
1582 1589 1599
632 1600 1593
1600 1599 1593
1600 632 621
1597 1601 697
1601 630 697
1597 1598 1602
1601 1597 1602
630 1601 1603
1601 1602 1603
630 1603 628
1598 1604 1602
1604 1603 1602
1598 1585 1604
628 1603 1605
621 628 1605
1604 1605 1603
1600 1606 1599
1606 1582 1599
1600 621 1607
1607 621 1605
1606 1600 1607
1608 1605 1604
1608 1607 1605
1585 1608 1604
1606 1607 1608
1606 1609 1582
1582 1609 1585
1609 1606 1608
1585 1609 1608
1610 1611 1612
1613 1611 1610
1613 1610 1614
1615 1613 1614
1615 1614 1616
1617 1615 1616
1610 1618 1614
1618 1616 1614
1617 1616 1619
1620 1617 1619
1620 1619 1621
1622 1620 1621
1616 1623 1619
1623 1621 1619
1622 1621 1624
1625 1622 1624
1618 1626 1616
1616 1626 1623
1623 1627 1621
1624 1621 1627
1625 1624 1628
1629 1625 1628
1624 1627 1630
1628 1624 1630
1631 1626 1618
1623 1626 1632
1631 1632 1626
1627 1623 1633
1623 1632 1633
1630 1627 1634
1627 1633 1634
1628 1630 1635
1630 1634 1635
1629 1628 1636
1628 1635 1636
1629 1636 1637
1638 1629 1637
1639 1638 1637
1636 1635 1640
1636 1640 1637
1635 1634 1641
1635 1641 1640
1634 1633 1642
1634 1642 1641
1633 1632 1643
1633 1643 1642
1639 1637 1644
1644 1637 1640
1645 1639 1644
1645 1644 1640
1645 1640 1641
1645 1646 1639
1641 1647 1645
1646 1645 1647
1641 1642 1647
1646 1647 1648
1647 1649 1648
1642 1650 1647
1647 1650 1649
1642 1643 1650
1651 1649 1650
1651 1650 1652
1643 1652 1650
1653 1651 1652
1643 1654 1652
1654 1643 1632
1654 1632 1631
1653 1652 1655
1654 1655 1652
1656 1654 1631
1654 1657 1655
1656 1657 1654
1655 1657 1658
1658 1657 1656
1659 1656 1631
1659 1631 1618
1610 1659 1618
1660 1656 1659
1658 1656 1660
1661 1659 1610
1660 1659 1661
1662 1660 1661
1661 1610 1663
1662 1661 1663
1610 1612 1663
1612 1664 1663
1662 1663 1664
1612 1665 1664
1664 1665 1666
1664 1666 1667
1662 1664 1667
1666 1668 1667
1666 1669 1668
1670 1658 1660
1662 1670 1660
1662 1667 1671
1668 1671 1667
1669 1672 1668
1669 1673 1672
1674 1670 1662
1674 1662 1671
1668 1675 1671
1672 1675 1668
1673 1676 1672
1673 1677 1676
1670 1678 1658
1678 1670 1674
1679 1674 1671
1679 1671 1675
1672 1680 1675
1676 1680 1672
1677 1681 1676
1677 1682 1681
1678 1674 1683
1683 1674 1679
1658 1678 1684
1684 1678 1683
1685 1675 1680
1685 1679 1675
1676 1686 1680
1681 1686 1676
1686 1685 1680
1682 1687 1681
1682 1688 1687
1681 1689 1686
1687 1689 1681
1686 1690 1685
1690 1686 1689
1691 1679 1685
1690 1691 1685
1688 1692 1687
1688 1693 1692
1687 1694 1689
1692 1694 1687
1693 1695 1692
1693 1696 1695
1691 1697 1679
1683 1679 1697
1690 1689 1698
1698 1689 1694
1692 1699 1694
1695 1699 1692
1696 1700 1695
1696 1701 1700
1698 1694 1702
1694 1699 1702
1690 1698 1703
1703 1698 1702
1690 1704 1691
1690 1703 1704
1705 1697 1691
1704 1705 1691
1695 1706 1699
1700 1706 1695
1707 1702 1699
1703 1702 1707
1706 1707 1699
1701 1708 1700
1701 1709 1708
1703 1710 1704
1704 1710 1705
1710 1711 1705
1705 1712 1697
1711 1712 1705
1712 1683 1697
1700 1713 1706
1708 1713 1700
1714 1707 1706
1714 1706 1713
1715 1703 1707
1715 1707 1714
1703 1715 1710
1709 1716 1708
1709 1717 1716
1712 1718 1683
1684 1683 1718
1708 1719 1713
1716 1719 1708
1713 1720 1714
1720 1715 1714
1713 1719 1720
1721 1710 1715
1720 1721 1715
1717 1722 1716
1717 1723 1722
1716 1724 1719
1722 1724 1716
1719 1725 1720
1725 1721 1720
1719 1724 1725
1723 1726 1722
1723 1727 1726
1722 1728 1724
1726 1728 1722
1727 1729 1726
1727 1730 1729
1724 1728 1731
1724 1731 1725
1726 1732 1728
1728 1732 1731
1729 1732 1726
1730 1733 1729
1730 1734 1733
1725 1731 1735
1732 1735 1731
1729 1736 1732
1733 1736 1729
1732 1736 1735
1734 1737 1733
1734 1738 1737
1725 1735 1739
1725 1739 1721
1733 1740 1736
1737 1740 1733
1736 1741 1735
1741 1739 1735
1736 1740 1741
1738 1742 1737
1738 1743 1742
1743 1744 1742
1721 1739 1745
1741 1745 1739
1737 1746 1740
1742 1746 1737
1747 1741 1740
1747 1740 1746
1742 1748 1746
1744 1748 1742
1749 1746 1748
1744 1749 1748
1749 1747 1746
1741 1747 1750
1741 1750 1745
1721 1745 1751
1721 1751 1710
1710 1751 1711
1711 1751 1745
1711 1745 1750
1747 1752 1750
1752 1711 1750
1747 1749 1752
1744 1753 1749
1744 1754 1753
1752 1755 1711
1711 1755 1712
1755 1718 1712
1756 1752 1749
1756 1755 1752
1756 1749 1753
1754 1757 1753
1754 1758 1757
1755 1759 1718
1756 1759 1755
1760 1756 1753
1760 1753 1757
1759 1756 1760
1758 1761 1757
1761 1760 1757
1758 1762 1761
1762 1653 1761
1718 1759 1763
1718 1763 1684
1759 1760 1764
1764 1763 1759
1761 1765 1760
1760 1765 1764
1653 1765 1761
1763 1764 1765
1653 1766 1765
1766 1763 1765
1655 1766 1653
1767 1684 1763
1767 1763 1766
1655 1767 1766
1658 1684 1767
1655 1658 1767
1768 1769 1770
1771 1769 1768
1770 1769 1772
1772 1769 1773
1770 1772 1774
1774 1772 1773
1774 1773 1775
1776 1769 1771
1777 1776 1771
1778 1776 1777
1778 1769 1776
1778 1777 1779
1769 1780 1773
1780 1769 1778
1773 1781 1775
1781 1782 1775
1782 1781 1783
1781 1784 1783
1781 1773 1784
1773 1785 1784
1780 1785 1773
1780 1786 1785
1786 1780 1778
1786 1787 1785
1786 1788 1787
1788 1789 1787
1789 1788 1790
1788 1791 1790
1788 1786 1791
1786 1778 1791
1778 1792 1791
1778 1793 1792
1778 1794 1793
1794 1778 1779
1794 1795 1793
1795 1794 1779
1796 1797 1798
1797 1796 1799
1796 1800 1799
1796 1801 1800
1801 1796 1798
1801 1802 1800
1801 1798 1803
1798 1804 1803
1803 1804 1805
1804 1806 1805
1807 1805 1806
1801 1808 1802
1808 1809 1802
1805 1810 1803
1801 1803 1810
1801 1810 1811
1805 1812 1810
1801 1811 1813
1807 1814 1805
1814 1812 1805
1815 1814 1807
1814 1816 1812
1815 1817 1814
1817 1816 1814
1817 1818 1816
1817 1815 1819
1820 1818 1817
1820 1817 1819
1820 1821 1818
1822 1820 1819
1821 1820 1822
1823 1821 1822
1813 1823 1822
1822 1819 1824
1825 1813 1822
1813 1825 1801
1801 1825 1808
1826 1808 1825
1826 1825 1822
1827 1808 1826
1808 1827 1809
1827 1828 1809
1828 1827 1829
1827 1826 1829
1822 1830 1826
1822 1831 1830
1832 1822 1824
1822 1832 1831
1833 1832 1824
1832 1833 1831
