byte offset: 0
first index: 56496
index count: 11061
topology: trianglelist
format: DXGI_FORMAT_R16_UINT

14826 14827 14828
14829 14830 14831
14829 14832 14833
14834 14829 14833
14833 14832 14835
14836 14834 14833
14836 14837 14834
14836 14838 14837
14833 14835 14839
14836 14833 14839
14839 14835 14840
14836 14841 14838
14836 14839 14842
14841 14836 14842
14843 14838 14841
14843 14844 14838
14841 14842 14845
14841 14845 14843
14846 14844 14843
14846 14847 14844
14848 14847 14846
14848 14849 14847
14848 14850 14849
14848 14851 14850
14851 14852 14850
14851 14853 14852
14854 14853 14851
14846 14855 14848
14851 14848 14855
14854 14851 14856
14851 14855 14856
14857 14854 14856
14857 14856 14858
14855 14858 14856
14859 14857 14858
14843 14860 14846
14846 14860 14855
14855 14861 14858
14860 14861 14855
14859 14858 14862
14861 14862 14858
14863 14859 14862
14863 14864 14859
14863 14865 14864
14863 14866 14865
14867 14866 14863
14843 14868 14860
14845 14868 14843
14861 14869 14862
14863 14862 14869
14863 14870 14867
14863 14869 14870
14870 14871 14867
14860 14872 14861
14869 14861 14872
14868 14872 14860
14845 14873 14868
14842 14873 14845
14871 14870 14874
14871 14874 14875
14870 14869 14876
14869 14872 14876
14870 14876 14874
14868 14877 14872
14876 14872 14877
14873 14877 14868
14875 14874 14878
14875 14878 14879
14874 14876 14880
14876 14877 14880
14874 14880 14878
14879 14878 14881
14879 14881 14882
14883 14882 14881
14880 14877 14884
14873 14884 14877
14878 14880 14885
14878 14885 14881
14880 14884 14885
14883 14881 14886
14886 14881 14885
14887 14885 14884
14886 14885 14887
14888 14884 14873
14887 14884 14888
14883 14886 14889
14883 14889 14890
14889 14891 14890
14889 14892 14891
14886 14893 14889
14893 14892 14889
14886 14887 14893
14893 14894 14892
14895 14894 14893
14893 14887 14896
14895 14893 14896
14896 14887 14888
14897 14895 14896
14897 14896 14898
14896 14888 14898
14899 14897 14898
14888 14899 14898
14899 14900 14897
14840 14900 14899
14888 14901 14899
14888 14873 14901
14842 14901 14873
14839 14901 14842
14839 14840 14902
14840 14899 14902
14901 14839 14902
14899 14901 14902
14903 14904 14905
14906 14907 14908
14909 14910 14911
14912 14913 14914
14915 14916 14917
14918 14919 14920
14921 14922 14923
14924 14925 14926
14927 14928 14929
14930 14931 14932
14933 14934 14935
14936 14937 14938
14939 14940 14941
14942 14943 14944
14945 14946 14947
14948 14949 14950
14951 14952 14953
14951 14954 14952
14955 14952 14954
14955 14954 14956
14957 14955 14956
14957 14958 14955
14957 14959 14958
14957 14960 14959
14961 14959 14960
14961 14960 14962
14963 14961 14962
14963 14964 14961
14965 14964 14963
14965 14963 14966
14967 14965 14966
14967 14966 14968
14969 14967 14968
14969 14970 14967
14971 14970 14969
14971 14969 14972
14971 14972 14973
14971 14973 14974
14974 14973 14975
14974 14975 14976
14977 14976 14975
14977 14978 14976
14977 14979 14978
14977 14980 14979
14980 14981 14979
14980 14982 14981
14982 14983 14981
14982 14984 14983
14983 14984 14985
14986 14987 14988
14986 14989 14987
14989 14990 14987
14989 14991 14990
14991 14992 14990
14991 14993 14992
14993 14994 14992
14993 14995 14994
14995 14996 14994
14995 14997 14996
14997 14998 14996
14997 14999 14998
14999 15000 14998
14999 15001 15000
15001 15002 15000
15001 15003 15002
15003 15004 15002
15003 15005 15004
15005 15006 15004
15005 15007 15006
15007 15008 15006
15007 15009 15008
15008 15009 15010
15008 15010 15011
15010 15012 15011
15010 15013 15012
15013 15014 15012
15013 15015 15014
15015 15016 15014
15015 15017 15016
15017 15018 15016
15017 15019 15018
15018 15019 15020
15021 15022 15023
15021 15023 15024
15025 15021 15024
15025 15024 15026
15027 15025 15026
15027 15026 15028
15029 15027 15028
15029 15028 15030
15031 15029 15030
15031 15030 15032
15033 15031 15032
15033 15032 15034
15035 15033 15034
15035 15034 15036
15037 15035 15036
15037 15036 15038
15039 15037 15038
15039 15038 15040
15041 15039 15040
15041 15040 15042
15043 15041 15042
15043 15044 15041
15045 15044 15043
15045 15043 15046
15047 15045 15046
15047 15046 15048
15049 15047 15048
15049 15048 15050
15051 15049 15050
15051 15050 15052
15053 15051 15052
15054 15055 15056
15054 15056 15057
15058 15057 15056
15058 15059 15057
15060 15059 15058
15060 15058 15061
15060 15061 15062
15060 15062 15063
15064 15063 15062
15064 15065 15063
15066 15065 15064
15066 15064 15067
15068 15066 15067
15068 15069 15066
15070 15069 15068
15070 15071 15069
15072 15071 15070
15072 15070 15073
15074 15072 15073
15074 15075 15072
15074 15076 15075
15074 15077 15076
15077 15078 15076
15077 15079 15078
15080 15078 15079
15080 15079 15081
15080 15081 15082
15080 15082 15083
15083 15082 15084
15083 15084 15085
15085 15084 15086
15085 15086 15087
15086 15088 15087
15089 15090 15091
15089 15091 15092
15092 15091 15093
15092 15093 15094
15094 15093 15095
15094 15095 15096
15096 15095 15097
15096 15097 15098
15098 15097 15099
15098 15099 15100
15100 15099 15101
15100 15101 15102
15102 15101 15103
15102 15103 15104
15104 15103 15105
15104 15105 15106
15106 15105 15107
15106 15107 15108
15108 15107 15109
15108 15109 15110
15110 15109 15111
15110 15111 15112
15111 15113 15112
15111 15114 15113
15113 15114 15115
15113 15115 15116
15116 15115 15117
15116 15117 15118
15118 15117 15119
15118 15119 15120
15120 15119 15121
15120 15121 15122
15121 15123 15122
15124 15125 15126
15124 15127 15125
15128 15127 15124
15128 15129 15127
15130 15129 15128
15130 15131 15129
15132 15131 15130
15132 15133 15131
15134 15133 15132
15134 15135 15133
15136 15135 15134
15136 15137 15135
15138 15137 15136
15138 15139 15137
15140 15139 15138
15140 15141 15139
15142 15141 15140
15142 15143 15141
15144 15143 15142
15144 15145 15143
15146 15145 15144
15146 15144 15147
15148 15146 15147
15148 15149 15146
15150 15149 15148
15150 15151 15149
15152 15151 15150
15152 15153 15151
15154 15153 15152
15154 15155 15153
15156 15155 15154
15157 15158 15159
15157 15159 15160
15159 15161 15160
15159 15162 15161
15161 15162 15163
15161 15163 15164
15165 15166 15167
15165 15168 15166
15169 15168 15165
15169 15170 15168
15171 15170 15169
15171 15172 15170
15173 15172 15171
15173 15174 15172
15175 15176 15177
15175 15177 15178
15175 15178 15179
15175 15179 15180
15181 15182 15183
15181 15184 15182
15185 15184 15181
15185 15186 15184
15187 15186 15185
15187 15188 15186
15189 15188 15187
15189 15190 15188
15191 15190 15189
15191 15192 15190
15193 15194 15195
15196 15193 15195
15196 15195 15197
15198 15196 15197
15198 15197 15199
15200 15198 15199
15200 15201 15198
15202 15203 15204
15202 15205 15203
15206 15205 15202
15206 15207 15205
15208 15209 15210
15208 15210 15211
15211 15210 15212
15211 15212 15213
15214 15215 15216
15214 15216 15217
15218 15219 15220
15218 15221 15219
15221 15218 15222
15221 15222 15223
15224 15225 15226
15226 15227 15224
15226 15228 15227
15228 15229 15227
15230 15227 15229
15230 15231 15227
15232 15231 15230
15232 15233 15231
15234 15233 15232
15234 15235 15233
15235 15234 15236
15237 15235 15236
15234 15238 15236
15237 15236 15239
15234 15240 15238
15241 15237 15239
15240 15242 15238
15241 15239 15243
15240 15244 15242
15245 15241 15243
15244 15246 15242
15245 15243 15246
15244 15245 15246
15247 15248 15249
15247 15249 15250
15250 15249 15251
15250 15251 15252
15253 15254 15255
15253 15256 15254
15257 15256 15253
15257 15258 15256
15259 15258 15257
15259 15260 15258
15261 15260 15259
15262 15261 15259
15263 15264 15265
15263 15266 15264
15267 15266 15263
15267 15268 15266
15269 15270 15271
15269 15271 15272
15272 15271 15273
15272 15273 15274
15274 15273 15275
15274 15275 15276
15276 15275 15277
15276 15277 15278
15279 15280 15281
15280 15279 15282
15280 15282 15283
15282 15284 15283
15282 15285 15284
15286 15284 15285
15286 15287 15284
15288 15289 15290
15288 15291 15289
15292 15291 15288
15292 15293 15291
15294 15295 15296
15294 15296 15297
15297 15296 15298
15297 15298 15299
15300 15301 15302
15300 15302 15303
15304 15305 15306
15304 15306 15307
15308 15309 15310
15308 15310 15311
15312 15308 15311
15313 15314 15315
15316 15313 15315
15316 15317 15313
15318 15316 15315
15318 15319 15316
15318 15320 15319
15321 15322 15323
15324 15321 15323
15321 15324 15325
15324 15326 15325
15324 15327 15326
15328 15329 15330
15331 15328 15330
15331 15330 15332
15333 15328 15331
15333 15331 15334
15335 15333 15334
15336 15334 15331
15334 15337 15335
15338 15337 15334
15339 15337 15338
15340 15339 15338
15340 15338 15341
15342 15340 15341
15342 15341 15343
15338 15334 15344
15345 15344 15334
15344 15336 15346
15338 15344 15346
15343 15347 15342
15342 15347 15348
15342 15348 15349
15350 15347 15343
15350 15343 15351
15352 15350 15351
15352 15353 15350
15354 15353 15352
15354 15355 15353
15356 15355 15354
15356 15357 15355
15358 15357 15356
15349 15348 15359
15359 15357 15358
15349 15359 15360
15359 15358 15360
15361 15362 15363
15361 15364 15362
15362 15364 15365
15362 15365 15366
15365 15367 15366
15365 15368 15367
15369 15370 15371
15369 15371 15372
15373 15369 15372
15373 15372 15374
15375 15373 15374
15375 15374 15376
15377 15375 15376
15377 15376 15378
15379 15380 15381
15379 15382 15380
15379 15383 15382
15379 15384 15383
15385 15386 15387
15385 15387 15388
15389 15385 15388
15389 15388 15390
15391 15389 15390
15391 15390 15392
15393 15391 15392
15393 15392 15394
15395 15393 15394
15395 15394 15396
15397 15398 15399
15400 15398 15397
15400 15397 15401
15402 15400 15401
15402 15403 15400
15404 15403 15402
15404 15402 15405
15406 15407 15408
15406 15408 15409
15410 15406 15409
15410 15409 15411
15412 15413 15414
15412 15415 15413
15415 15416 15413
15415 15417 15416
15418 15419 15420
15418 15420 15421
15422 15423 15424
15422 15424 15425
15425 15426 15422
15425 15427 15426
15428 15429 15430
15428 15430 15431
15432 15428 15431
15433 15432 15431
15432 15433 15434
15435 15436 15437
15436 15435 15438
15436 15438 15439
15439 15438 15440
15441 15440 15438
15441 15438 15442
15443 15441 15442
15443 15442 15444
15445 15443 15444
15445 15444 15446
15446 15447 15445
15448 15447 15446
15445 15447 15449
15448 15450 15447
15445 15449 15451
15452 15450 15448
15451 15449 15453
15452 15454 15450
15451 15453 15455
15456 15454 15452
15455 15453 15457
15456 15457 15454
15455 15457 15456
15458 15459 15460
15458 15461 15459
15461 15462 15459
15461 15463 15462
15464 15465 15466
15464 15466 15467
15468 15464 15467
15468 15467 15469
15470 15468 15469
15470 15469 15471
15472 15470 15471
15473 15470 15472
15474 15475 15476
15474 15476 15477
15478 15474 15477
15478 15477 15479
15480 15481 15482
15480 15483 15481
15483 15484 15481
15483 15485 15484
15485 15486 15484
15485 15487 15486
15487 15488 15486
15487 15489 15488
15490 15491 15492
15492 15493 15490
15492 15494 15493
15493 15494 15495
15493 15495 15496
15497 15496 15495
15497 15495 15498
15499 15500 15501
15499 15501 15502
15503 15499 15502
15503 15502 15504
15505 15506 15507
15505 15508 15506
15508 15509 15506
15508 15510 15509
15511 15512 15513
15511 15513 15514
15515 15516 15517
15515 15517 15518
15519 15520 15521
15519 15522 15520
15523 15522 15519
15524 15525 15526
15527 15525 15524
15527 15524 15528
15529 15525 15527
15529 15527 15530
15529 15530 15531
15532 15533 15534
15532 15534 15535
15536 15532 15535
15535 15534 15537
15536 15535 15538
15539 15536 15538
15535 15537 15540
15541 15540 15537
15535 15540 15542
15535 15542 15538
15541 15543 15540
15542 15540 15543
15544 15543 15541
15539 15538 15545
15546 15539 15545
15544 15547 15543
15548 15547 15544
15538 15549 15545
15538 15542 15549
15546 15545 15550
15550 15545 15549
15550 15551 15546
15542 15543 15552
15552 15543 15547
15548 15553 15547
15553 15548 15554
15555 15549 15542
15555 15542 15552
15550 15556 15551
15556 15557 15551
15550 15549 15558
15558 15549 15555
15558 15556 15550
15552 15547 15559
15559 15547 15553
15553 15554 15560
15560 15554 15561
15556 15562 15557
15562 15563 15557
15562 15564 15563
15565 15555 15552
15565 15552 15559
15559 15553 15566
15566 15553 15560
15567 15562 15556
15558 15567 15556
15564 15562 15568
15567 15568 15562
15564 15568 15569
15558 15555 15570
15570 15555 15565
15558 15571 15567
15571 15568 15567
15558 15570 15571
15569 15568 15572
15571 15572 15568
15569 15572 15573
15570 15565 15574
15574 15571 15570
15575 15572 15571
15574 15575 15571
15573 15572 15576
15575 15576 15572
15573 15576 15577
15574 15565 15578
15578 15565 15559
15578 15559 15566
15579 15575 15574
15574 15578 15579
15580 15576 15575
15579 15580 15575
15577 15576 15581
15580 15581 15576
15577 15581 15582
15578 15566 15583
15566 15560 15583
15579 15578 15584
15578 15583 15584
15580 15579 15585
15579 15584 15585
15581 15580 15586
15580 15585 15586
15582 15581 15587
15581 15586 15587
15582 15587 15588
15587 15589 15588
15584 15590 15585
15585 15590 15586
15583 15591 15584
15584 15591 15590
15560 15592 15583
15583 15592 15591
15586 15593 15587
15587 15593 15589
15589 15593 15594
15589 15594 15595
15593 15596 15594
15586 15597 15593
15593 15597 15596
15590 15597 15586
15597 15598 15596
15597 15590 15598
15590 15599 15598
15590 15591 15599
15591 15600 15599
15591 15592 15600
15592 15601 15600
15592 15602 15601
15560 15602 15592
15601 15602 15603
15560 15561 15602
15561 15603 15602
15604 15603 15561
15605 15606 15607
15605 15607 15608
15609 15605 15608
15609 15610 15605
15611 15610 15609
15612 15611 15609
15613 15612 15609
15614 15612 15613
15614 15613 15615
15616 15614 15615
15616 15617 15614
15618 15617 15616
15618 15616 15619
15620 15618 15619
15620 15619 15621
15620 15621 15622
15620 15622 15623
15624 15625 15626
15624 15627 15625
15627 15628 15625
15627 15629 15628
15630 15629 15627
15630 15627 15631
15632 15630 15631
15631 15633 15632
15627 15633 15631
15627 15634 15633
15635 15636 15637
15635 15637 15638
15639 15635 15638
15640 15638 15637
15640 15641 15638
15639 15638 15641
15641 15640 15642
15643 15642 15640
15643 15644 15642
15644 15645 15642
15644 15646 15645
15646 15647 15645
15646 15648 15647
15649 15647 15648
15649 15648 15650
15650 15651 15649
15650 15652 15651
15652 15653 15651
15652 15654 15653
15654 15655 15653
15654 15656 15655
15653 15655 15657
15653 15657 15658
15651 15653 15658
15659 15658 15657
15649 15651 15660
15651 15658 15660
15661 15647 15649
15649 15660 15661
15659 15662 15658
15660 15658 15662
15661 15663 15647
15645 15647 15663
15661 15660 15664
15660 15662 15664
15659 15665 15662
15659 15666 15665
15645 15663 15667
15642 15645 15667
15661 15668 15663
15661 15664 15668
15669 15664 15662
15669 15662 15665
15670 15665 15666
15670 15666 15671
15642 15667 15672
15642 15672 15641
15673 15641 15672
15673 15672 15667
15639 15641 15673
15663 15674 15667
15668 15674 15663
15675 15673 15667
15675 15639 15673
15674 15675 15667
15676 15669 15665
15676 15665 15670
15677 15670 15671
15677 15671 15678
15679 15676 15670
15679 15670 15677
15680 15677 15678
15680 15678 15681
15682 15679 15677
15682 15677 15680
15681 15683 15680
15681 15684 15683
15685 15682 15680
15685 15680 15683
15684 15686 15683
15684 15687 15686
15688 15685 15683
15688 15683 15686
15689 15682 15685
15689 15685 15688
15690 15679 15682
15689 15690 15682
15691 15676 15679
15690 15691 15679
15687 15692 15686
15687 15693 15692
15694 15688 15686
15694 15686 15692
15693 15695 15692
15693 15696 15695
15691 15697 15676
15697 15669 15676
15698 15694 15692
15698 15692 15695
15696 15699 15695
15696 15700 15699
15697 15701 15669
15701 15664 15669
15701 15668 15664
15668 15701 15702
15674 15668 15702
15701 15697 15703
15701 15703 15702
15702 15704 15674
15704 15675 15674
15695 15705 15698
15695 15699 15705
15700 15706 15699
15700 15707 15706
15707 15708 15706
15707 15709 15708
15706 15708 15710
15699 15706 15711
15706 15710 15711
15699 15711 15705
15711 15710 15712
15711 15712 15713
15705 15711 15713
15713 15712 15714
15698 15705 15715
15705 15713 15715
15713 15714 15716
15715 15713 15716
15716 15714 15717
15698 15715 15718
15718 15694 15698
15716 15717 15719
15719 15717 15720
15715 15716 15721
15718 15715 15721
15721 15716 15719
15718 15722 15694
15722 15688 15694
15719 15720 15723
15720 15724 15723
15718 15721 15725
15722 15718 15725
15721 15719 15726
15726 15719 15723
15725 15721 15726
15722 15727 15688
15689 15688 15727
15728 15723 15724
15729 15728 15724
15730 15723 15728
15726 15723 15730
15730 15728 15731
15727 15722 15732
15722 15725 15732
15689 15727 15733
15727 15732 15733
15734 15726 15730
15725 15726 15734
15735 15730 15731
15734 15730 15735
15735 15731 15736
15725 15734 15737
15725 15737 15732
15737 15734 15735
15736 15738 15735
15737 15735 15738
15736 15739 15738
15732 15737 15740
15740 15737 15738
15732 15740 15733
15739 15741 15738
15740 15738 15741
15739 15742 15741
15733 15740 15743
15743 15740 15741
15742 15744 15741
15743 15741 15744
15742 15745 15744
15746 15744 15745
15746 15743 15744
15746 15745 15747
15733 15743 15748
15689 15733 15748
15690 15689 15748
15749 15748 15743
15746 15749 15743
15690 15748 15750
15749 15750 15748
15691 15690 15750
15691 15750 15751
15751 15750 15749
15697 15691 15751
15697 15751 15703
15751 15749 15752
15752 15749 15746
15752 15703 15751
15753 15746 15747
15752 15746 15753
15753 15747 15754
15752 15755 15703
15753 15755 15752
15755 15702 15703
15755 15704 15702
15754 15756 15753
15753 15756 15755
15756 15704 15755
15754 15757 15756
15756 15758 15704
15759 15756 15757
15756 15759 15758
15704 15758 15760
15758 15759 15760
15675 15704 15760
15675 15760 15639
15759 15639 15760
15757 15761 15759
15639 15759 15761
15757 15762 15761
15639 15761 15763
15763 15761 15762
15763 15762 15764
15765 15766 15767
15768 15766 15765
15769 15768 15765
15769 15770 15768
15769 15765 15771
15772 15770 15769
15769 15771 15773
15772 15769 15774
15774 15769 15773
15774 15775 15772
15776 15774 15773
15774 15777 15775
15776 15777 15774
15777 15778 15775
15779 15777 15776
15777 15780 15778
15779 15780 15777
15778 15780 15781
15781 15780 15779
15778 15781 15782
15781 15779 15783
15784 15782 15781
15781 15783 15785
15784 15781 15786
15781 15785 15786
15786 15787 15784
15788 15786 15785
15786 15789 15787
15788 15789 15786
15790 15791 15792
15790 15793 15791
15794 15793 15790
15794 15795 15793
15796 15795 15794
15796 15797 15795
15798 15797 15796
15798 15799 15797
15798 15800 15799
15798 15801 15800
15801 15802 15800
15801 15803 15802
15804 15805 15806
15804 15807 15805
15808 15807 15804
15808 15804 15809
15808 15809 15810
15808 15810 15811
15812 15808 15811
15813 15812 15811
15813 15814 15812
15815 15814 15813
15815 15813 15816
15817 15815 15816
15817 15818 15815
15819 15818 15817
15819 15820 15818
15819 15821 15820
15819 15822 15821
15821 15822 15823
15821 15823 15824
15824 15823 15825
15824 15825 15826
15827 15824 15826
15827 15828 15824
15829 15828 15827
15828 15830 15824
15828 15829 15831
15828 15831 15830
15829 15832 15831
15832 15830 15831
15829 15833 15832
15834 15832 15833
15832 15835 15830
15835 15832 15834
15834 15833 15836
15835 15834 15837
15834 15836 15838
15839 15837 15834
15834 15838 15840
15839 15834 15840
15838 15841 15840
15841 15839 15840
15838 15842 15841
15841 15843 15839
15842 15844 15841
15844 15843 15841
15842 15845 15844
15844 15846 15843
15844 15845 15847
15846 15844 15847
15847 15845 15848
15846 15847 15849
15847 15850 15849
15847 15848 15851
15847 15851 15850
15850 15851 15852
15851 15853 15852
15854 15855 15856
15854 15856 15857
15858 15854 15857
15858 15857 15859
15860 15858 15859
15860 15859 15861
15862 15860 15861
15862 15861 15863
15862 15863 15864
15862 15864 15865
15865 15864 15866
15865 15866 15867
15868 15869 15870
15868 15870 15871
15871 15870 15872
15873 15868 15871
15871 15872 15874
15875 15874 15872
15873 15871 15876
15876 15871 15874
15875 15877 15874
15878 15877 15875
15873 15876 15879
15873 15879 15880
15881 15880 15879
15876 15874 15882
15877 15882 15874
15878 15883 15877
15883 15878 15884
15881 15879 15885
15886 15881 15885
15876 15887 15879
15876 15882 15887
15885 15879 15887
15877 15888 15882
15883 15888 15877
15883 15884 15889
15888 15883 15889
15890 15889 15884
15886 15885 15891
15892 15886 15891
15882 15893 15887
15882 15888 15893
15885 15887 15894
15891 15885 15894
15894 15887 15893
15890 15895 15889
15895 15890 15896
15892 15891 15897
15898 15892 15897
15899 15898 15897
15898 15899 15900
15899 15901 15900
15899 15902 15901
15899 15903 15902
15891 15894 15904
15897 15891 15904
15894 15893 15905
15904 15894 15905
15895 15896 15906
15906 15896 15907
15899 15897 15908
15897 15904 15908
15899 15909 15903
15899 15908 15909
15908 15904 15910
15904 15905 15910
15911 15905 15893
15888 15911 15893
15903 15909 15912
15903 15912 15913
15914 15909 15908
15908 15910 15914
15914 15912 15909
15915 15910 15905
15911 15915 15905
15888 15916 15911
15888 15889 15916
15895 15916 15889
15916 15895 15906
15913 15912 15917
15913 15917 15918
15919 15912 15914
15919 15917 15912
15920 15914 15910
15915 15920 15910
15920 15919 15914
15918 15917 15921
15921 15917 15919
15918 15921 15922
15921 15923 15922
15921 15924 15923
15925 15924 15921
15921 15919 15925
15925 15926 15924
15925 15927 15926
15928 15925 15919
15925 15928 15927
15928 15919 15920
15928 15929 15927
15930 15928 15920
15928 15930 15929
15930 15920 15915
15930 15931 15929
15930 15915 15932
15915 15911 15932
15932 15911 15916
15930 15933 15931
15933 15930 15932
15932 15916 15934
15933 15932 15934
15934 15916 15906
15935 15931 15933
15933 15934 15935
15935 15934 15906
15935 15936 15931
15935 15937 15936
15935 15906 15938
15935 15938 15937
15906 15907 15938
15938 15907 15939
15938 15939 15937
15939 15940 15937
15939 15941 15940
15940 15942 15937
15943 15944 15945
15943 15946 15944
15946 15947 15944
15946 15948 15947
15949 15948 15946
15950 15949 15946
15950 15951 15949
15949 15951 15952
15949 15952 15953
15954 15953 15952
15947 15948 15955
15947 15955 15956
15949 15957 15948
15957 15949 15953
15954 15958 15953
15958 15954 15959
15956 15955 15960
15956 15960 15961
15948 15962 15955
15948 15957 15962
15960 15955 15962
15957 15953 15963
15958 15963 15953
15962 15957 15963
15958 15959 15964
15964 15959 15965
15961 15960 15966
15961 15966 15967
15960 15962 15968
15966 15960 15968
15969 15958 15964
15969 15963 15958
15964 15965 15970
15969 15964 15970
15970 15965 15971
15970 15971 15972
15973 15970 15972
15969 15970 15973
15969 15973 15974
15967 15966 15975
15967 15975 15976
15975 15977 15976
15963 15969 15978
15969 15974 15978
15975 15966 15979
15966 15968 15979
15975 15980 15977
15980 15981 15977
15980 15982 15981
15983 15980 15975
15975 15979 15983
15984 15982 15980
15983 15984 15980
15984 15985 15982
15986 15985 15984
15986 15987 15985
15986 15988 15987
15989 15984 15983
15989 15986 15984
15986 15990 15988
15990 15986 15989
15990 15991 15988
15990 15992 15991
15990 15993 15992
15994 15993 15990
15990 15989 15994
15994 15995 15993
15994 15996 15995
15994 15997 15996
15989 15997 15994
15997 15998 15996
15983 15999 15989
15989 15999 15997
15983 15979 15999
15997 16000 15998
15999 16000 15997
16000 15974 15998
16000 15978 15974
15979 16001 15999
15999 16001 16000
16001 15978 16000
15979 15968 16001
16001 16002 15978
15968 16002 16001
15963 15978 16002
15968 15962 16002
15962 15963 16002
16003 16004 16005
16003 16005 16006
16006 16005 16007
16006 16007 16008
16008 16007 16009
16008 16009 16010
16010 16009 16011
16010 16011 16012
16012 16011 16013
16012 16013 16014
16014 16013 16015
16014 16015 16016
16016 16015 16017
16016 16017 16018
16017 16019 16018
16017 16020 16019
16021 16022 16023
16021 16024 16022
16025 16024 16021
16025 16026 16024
16027 16026 16025
16027 16028 16026
16029 16028 16027
16029 16030 16028
16031 16030 16029
16031 16032 16030
16033 16032 16031
16033 16031 16034
16035 16033 16034
16035 16036 16033
16037 16036 16035
16037 16038 16036
16039 16038 16037
16039 16040 16038
16041 16040 16039
16041 16042 16040
16043 16042 16041
16043 16044 16042
16045 16044 16043
16045 16046 16044
16047 16046 16045
16047 16048 16046
16049 16048 16047
16049 16050 16048
16051 16050 16049
16051 16052 16050
16053 16052 16051
16053 16054 16052
16055 16054 16053
16055 16056 16054
16057 16056 16055
16057 16055 16058
16059 16057 16058
16059 16060 16057
16061 16060 16059
16061 16062 16060
16063 16062 16061
16063 16064 16062
16065 16064 16063
16065 16066 16064
16067 16066 16065
16067 16068 16066
16069 16068 16067
16069 16070 16068
16071 16070 16069
16071 16072 16070
16073 16072 16071
16073 16074 16072
16075 16074 16073
16075 16076 16074
16077 16076 16075
16077 16078 16076
16079 16078 16077
16079 16080 16078
16081 16080 16079
16081 16079 16082
16083 16081 16082
16083 16084 16081
16085 16084 16083
16085 16086 16084
16087 16086 16085
16087 16088 16086
16089 16088 16087
16089 16090 16088
16091 16090 16089
16091 16092 16090
16093 16092 16091
16093 16094 16092
16095 16094 16093
16095 16096 16094
16097 16098 16099
16097 16099 16100
16101 16102 16103
16101 16103 16104
16103 16105 16104
16103 16106 16105
16106 16107 16105
16106 16108 16107
16108 16109 16107
16108 16110 16109
16105 16107 16111
16109 16111 16107
16104 16105 16112
16105 16111 16112
16110 16113 16109
16110 16114 16113
16104 16112 16115
16116 16104 16115
16116 16115 16117
16118 16117 16115
16112 16118 16115
16118 16119 16117
16120 16119 16118
16112 16121 16118
16111 16121 16112
16109 16122 16111
16113 16122 16109
16114 16123 16113
16114 16124 16123
16123 16124 16125
16120 16118 16126
16118 16121 16126
16127 16120 16126
16127 16128 16120
16129 16127 16126
16129 16126 16121
16130 16128 16127
16129 16130 16127
16130 16131 16128
16132 16131 16130
16132 16133 16131
16134 16132 16130
16129 16134 16130
16129 16135 16134
16121 16136 16129
16129 16136 16135
16121 16137 16136
16111 16137 16121
16122 16137 16111
16138 16135 16136
16138 16139 16135
16140 16136 16137
16122 16140 16137
16140 16138 16136
16141 16139 16138
16141 16142 16139
16143 16140 16122
16113 16143 16122
16123 16143 16113
16144 16138 16140
16143 16144 16140
16144 16141 16138
16145 16142 16141
16145 16146 16142
16145 16147 16146
16123 16148 16143
16148 16144 16143
16149 16141 16144
16149 16145 16141
16148 16149 16144
16145 16150 16147
16150 16145 16149
16150 16151 16147
16150 16152 16151
16150 16153 16152
16154 16153 16150
16150 16149 16154
16154 16155 16153
16154 16156 16155
16149 16157 16154
16154 16157 16156
16149 16148 16157
16157 16158 16156
16148 16159 16157
16157 16159 16158
16148 16123 16159
16159 16160 16158
16123 16125 16159
16159 16125 16160
16161 16162 16163
16161 16164 16162
16164 16165 16162
16164 16166 16165
16166 16167 16165
16166 16168 16167
16168 16169 16167
16168 16170 16169
16170 16171 16169
16170 16172 16171
16172 16173 16171
16172 16174 16173
16174 16175 16173
16174 16176 16175
16177 16178 16175
16177 16179 16178
16180 16181 16182
16180 16182 16183
16184 16180 16183
16184 16183 16185
16186 16184 16185
16186 16185 16187
16188 16186 16187
16188 16187 16189
16190 16188 16189
16190 16189 16191
16192 16190 16193
16192 16193 16194
16195 16192 16194
16195 16194 16196
16197 16195 16196
16197 16196 16198
16199 16197 16198
16199 16198 16200
16201 16199 16200
16201 16200 16202
16203 16201 16202
16203 16202 16204
16205 16203 16204
16205 16204 16206
16207 16205 16206
16207 16206 16208
16209 16207 16208
16209 16208 16210
16211 16209 16210
16211 16210 16212
16213 16211 16212
16213 16212 16214
16215 16213 16214
16215 16214 16216
16217 16218 16216
16217 16216 16219
16220 16217 16219
16220 16219 16221
16222 16220 16221
16222 16221 16223
16224 16222 16223
16224 16223 16225
16226 16224 16225
16226 16225 16227
16228 16226 16227
16228 16227 16229
16230 16231 16229
16230 16229 16232
16233 16230 16232
16233 16232 16234
16235 16233 16234
16235 16234 16236
16237 16235 16236
16237 16236 16238
16239 16237 16238
16239 16238 16240
16241 16239 16240
16241 16240 16242
16243 16241 16242
16243 16242 16244
16245 16243 16246
16245 16246 16247
16248 16245 16247
16248 16247 16249
16250 16248 16249
16250 16249 16251
16252 16250 16251
16252 16251 16253
16254 16252 16253
16254 16253 16255
16256 16254 16255
16256 16255 16257
16258 16256 16257
16258 16257 16259
16260 16261 16262
16260 16262 16263
16264 16265 16266
16264 16266 16267
16268 16267 16266
16269 16264 16267
16270 16267 16268
16268 16266 16271
16272 16268 16271
16268 16272 16273
16274 16268 16273
16275 16274 16273
16276 16274 16275
16276 16277 16274
16278 16277 16276
16278 16279 16277
16274 16280 16268
16268 16280 16281
16282 16270 16280
16274 16282 16280
16279 16278 16283
16278 16284 16283
16278 16285 16284
16286 16279 16283
16286 16287 16279
16288 16287 16286
16288 16286 16289
16290 16288 16289
16290 16289 16291
16292 16290 16291
16292 16291 16293
16294 16292 16293
16285 16295 16284
16295 16294 16293
16285 16296 16295
16295 16296 16294
16297 16298 16299
16297 16299 16300
16300 16299 16301
16300 16301 16302
16301 16303 16302
16301 16304 16303
16305 16306 16307
16305 16307 16308
16308 16307 16309
16308 16309 16310
16311 16312 16313
16311 16313 16314
16315 16316 16314
16315 16314 16317
16318 16319 16320
16319 16321 16320
16321 16322 16320
16322 16323 16320
16323 16324 16320
16324 16325 16320
16325 16326 16320
16327 16328 16329
16329 16328 16330
16330 16328 16331
16331 16328 16332
16332 16328 16333
16333 16328 16334
16334 16328 16335
16336 16337 16338
16336 16338 16339
16339 16340 16336
16338 16341 16339
16338 16342 16341
16341 16342 16343
16339 16344 16340
16344 16345 16340
16346 16339 16341
16346 16344 16339
16341 16343 16347
16347 16346 16341
16344 16348 16345
16349 16345 16348
16350 16344 16346
16350 16348 16344
16348 16350 16351
16349 16348 16352
16348 16351 16352
16353 16349 16352
16351 16353 16352
16353 16354 16349
16355 16354 16353
16356 16350 16346
16347 16356 16346
16357 16347 16343
16357 16343 16358
16351 16350 16359
16356 16359 16350
16360 16356 16347
16360 16347 16357
16361 16357 16358
16361 16358 16362
16363 16357 16361
16363 16360 16357
16362 16364 16361
16364 16363 16361
16362 16365 16364
16364 16365 16366
16367 16356 16360
16367 16359 16356
16368 16360 16363
16368 16367 16360
16364 16366 16369
16369 16366 16370
16364 16371 16363
16371 16368 16363
16369 16371 16364
16369 16370 16372
16372 16370 16373
16369 16374 16371
16372 16374 16369
16371 16375 16368
16374 16375 16371
16376 16367 16368
16376 16368 16375
16377 16359 16367
16376 16377 16367
16377 16378 16359
16351 16359 16378
16372 16373 16379
16372 16380 16374
16379 16380 16372
16374 16381 16375
16380 16381 16374
16376 16375 16382
16382 16375 16381
16373 16383 16379
16373 16384 16383
16383 16384 16385
16386 16383 16385
16385 16387 16386
16379 16383 16388
16383 16386 16388
16389 16379 16388
16386 16390 16388
16389 16391 16379
16392 16391 16389
16379 16391 16380
16380 16393 16381
16391 16393 16380
16392 16394 16391
16391 16394 16393
16394 16392 16395
16396 16381 16393
16382 16381 16396
16397 16393 16394
16396 16393 16397
16394 16395 16398
16397 16394 16398
16399 16382 16396
16399 16396 16397
16395 16400 16398
16395 16401 16400
16400 16401 16402
16403 16397 16398
16400 16403 16398
16403 16404 16397
16404 16399 16397
16405 16403 16400
16404 16403 16405
16402 16406 16400
16405 16400 16406
16402 16407 16406
16407 16405 16406
16402 16408 16407
16407 16409 16405
16410 16405 16409
16404 16405 16410
16410 16409 16411
16410 16411 16412
16413 16404 16410
16413 16399 16404
16413 16410 16412
16414 16399 16413
16413 16412 16414
16414 16412 16415
16412 16416 16415
16417 16414 16415
16414 16418 16399
16399 16418 16382
16418 16376 16382
16418 16419 16376
16419 16418 16414
16419 16377 16376
16419 16414 16420
16417 16420 16414
16419 16421 16377
16421 16419 16420
16421 16378 16377
16422 16420 16417
16421 16420 16422
16421 16423 16378
16423 16351 16378
16422 16417 16424
16417 16425 16424
16426 16421 16422
16426 16422 16424
16426 16423 16421
16427 16423 16426
16428 16426 16424
16428 16427 16426
16423 16429 16351
16427 16429 16423
16351 16429 16353
16353 16429 16427
16428 16430 16427
16430 16428 16431
16432 16427 16430
16353 16427 16433
16432 16433 16427
16355 16353 16433
16355 16433 16432
16355 16432 16434
16432 16435 16434
16436 16437 16438
16436 16439 16437
16439 16436 16440
16437 16439 16441
16437 16441 16442
16443 16442 16441
16439 16440 16444
16441 16439 16444
16444 16440 16445
16443 16441 16446
16446 16447 16443
16441 16444 16448
16446 16441 16448
16444 16445 16449
16448 16444 16449
16446 16450 16447
16450 16451 16447
16452 16449 16445
16452 16445 16453
16446 16448 16454
16450 16446 16454
16450 16455 16451
16455 16456 16451
16450 16454 16457
16455 16450 16457
16448 16458 16454
16457 16454 16458
16448 16449 16459
16448 16459 16458
16459 16460 16458
16449 16461 16459
16449 16452 16461
16459 16461 16460
16462 16452 16453
16462 16453 16463
16464 16462 16463
16452 16465 16461
16460 16461 16465
16452 16462 16465
16457 16458 16466
16466 16458 16460
16467 16457 16466
16455 16457 16467
16468 16455 16467
16455 16468 16456
16469 16456 16468
16469 16470 16456
16471 16470 16469
16468 16467 16472
16469 16468 16472
16471 16469 16473
16473 16474 16471
16467 16466 16475
16472 16467 16475
16469 16472 16476
16473 16469 16476
16472 16475 16477
16476 16472 16477
16473 16478 16474
16474 16478 16479
16474 16479 16480
16481 16480 16479
16473 16476 16482
16478 16473 16482
16476 16477 16483
16482 16476 16483
16484 16477 16475
16483 16477 16484
16485 16475 16466
16484 16475 16485
16478 16482 16486
16479 16478 16486
16482 16483 16487
16486 16482 16487
16485 16466 16488
16466 16460 16488
16489 16483 16484
16489 16487 16483
16486 16487 16490
16479 16486 16491
16491 16486 16490
16492 16487 16489
16492 16490 16487
16493 16485 16488
16460 16494 16488
16493 16488 16494
16495 16484 16485
16495 16485 16493
16496 16489 16484
16496 16484 16495
16497 16492 16489
16497 16489 16496
16460 16498 16494
16499 16494 16498
16460 16465 16498
16499 16498 16465
16500 16493 16494
16499 16500 16494
16501 16495 16493
16500 16501 16493
16502 16496 16495
16501 16502 16495
16503 16497 16496
16502 16503 16496
16499 16465 16504
16462 16504 16465
16462 16505 16504
16464 16505 16462
16506 16504 16505
16506 16499 16504
16464 16507 16505
16505 16507 16506
16464 16508 16507
16507 16509 16506
16506 16510 16499
16511 16499 16510
16512 16511 16510
16511 16500 16499
16511 16501 16500
16511 16513 16501
16514 16501 16513
16514 16513 16515
16514 16502 16501
16502 16514 16516
16502 16516 16503
16503 16516 16517
16516 16518 16517
16503 16517 16519
16503 16519 16497
16518 16520 16517
16519 16517 16520
16518 16521 16520
16497 16519 16522
16519 16520 16522
16497 16522 16523
16492 16497 16523
16520 16524 16522
16520 16525 16524
16492 16523 16526
16490 16492 16526
16522 16527 16523
16526 16523 16527
16522 16524 16527
16524 16525 16528
16525 16529 16528
16490 16526 16530
16526 16527 16530
16524 16528 16531
16527 16524 16531
16529 16532 16528
16532 16531 16528
16529 16533 16532
16490 16530 16534
16534 16491 16490
16530 16527 16535
16527 16531 16535
16532 16536 16531
16532 16537 16536
16538 16531 16536
16538 16535 16531
16530 16535 16539
16534 16530 16539
16534 16539 16540
16534 16541 16491
16541 16534 16540
16541 16479 16491
16535 16542 16539
16535 16538 16542
16542 16540 16539
16537 16543 16536
16543 16538 16536
16541 16544 16479
16481 16479 16544
16542 16538 16545
16543 16545 16538
16543 16537 16546
16537 16547 16546
16544 16541 16548
16541 16540 16548
16549 16481 16544
16544 16548 16549
16550 16549 16548
16549 16551 16481
16551 16549 16550
16551 16550 16552
16550 16553 16552
16543 16546 16554
16554 16545 16543
16547 16555 16546
16554 16546 16555
16547 16556 16555
16557 16548 16540
16550 16548 16557
16550 16558 16553
16553 16558 16559
16553 16559 16560
16561 16560 16559
16562 16558 16550
16562 16550 16557
16559 16558 16562
16563 16557 16540
16563 16562 16557
16561 16559 16564
16387 16561 16564
16559 16562 16565
16565 16562 16563
16387 16564 16566
16387 16566 16386
16559 16567 16564
16559 16565 16567
16567 16566 16564
16568 16386 16566
16386 16568 16390
16567 16569 16566
16569 16568 16566
16565 16570 16567
16570 16569 16567
16390 16568 16571
16390 16571 16572
16573 16568 16569
16570 16573 16569
16573 16571 16568
16573 16570 16574
16565 16575 16570
16574 16570 16575
16565 16563 16575
16572 16571 16576
16572 16576 16577
16576 16578 16577
16571 16573 16579
16571 16579 16576
16576 16580 16578
16579 16580 16576
16581 16578 16580
16581 16582 16578
16581 16583 16582
16581 16584 16583
16581 16585 16584
16573 16586 16579
16573 16574 16586
16579 16587 16580
16580 16587 16581
16586 16587 16579
16588 16585 16581
16587 16588 16581
16588 16589 16585
16586 16590 16587
16574 16590 16586
16587 16591 16588
16591 16589 16588
16587 16590 16591
16591 16592 16589
16590 16593 16591
16593 16592 16591
16594 16589 16592
16594 16595 16589
16596 16594 16592
16593 16596 16592
16555 16596 16593
16590 16597 16593
16574 16597 16590
16555 16593 16598
16598 16593 16597
16554 16555 16598
16599 16597 16574
16598 16597 16599
16600 16554 16598
16600 16598 16599
16554 16600 16545
16599 16574 16601
16600 16599 16601
16574 16575 16601
16601 16575 16602
16600 16601 16602
16563 16602 16575
16603 16545 16600
16603 16600 16602
16563 16603 16602
16542 16545 16603
16540 16603 16563
16540 16542 16603
16604 16605 16606
16604 16606 16607
16606 16608 16607
16606 16609 16608
16609 16610 16608
16608 16610 16611
16608 16611 16612
16611 16613 16612
16613 16614 16612
16614 16613 16615
16614 16615 16616
16616 16615 16617
16615 16618 16617
16619 16618 16615
16619 16615 16613
16611 16619 16613
16619 16611 16620
16611 16610 16620
16610 16621 16620
16621 16610 16622
16621 16622 16623
16621 16623 16624
16623 16625 16624
16626 16627 16628
16626 16629 16627
16629 16630 16627
16631 16629 16626
16629 16632 16630
16631 16632 16629
16630 16632 16633
16630 16633 16634
16632 16635 16633
16632 16636 16635
16631 16636 16632
16636 16637 16635
16636 16638 16637
16638 16639 16637
16638 16640 16639
16631 16626 16641
16626 16642 16641
16642 16643 16641
16643 16631 16641
16642 16644 16643
16644 16645 16643
16646 16636 16631
16643 16646 16631
16646 16638 16636
16645 16647 16643
16647 16646 16643
16645 16648 16647
16648 16649 16647
16649 16646 16647
16648 16650 16649
16649 16650 16651
16652 16638 16646
16652 16646 16649
16649 16651 16653
16652 16649 16653
16653 16651 16654
16652 16653 16654
16652 16655 16638
16654 16655 16652
16638 16655 16640
16654 16656 16655
16655 16657 16640
16655 16656 16657
16658 16659 16660
16658 16660 16661
16661 16660 16662
16661 16662 16663
16664 16663 16662
16664 16665 16663
16665 16664 16666
16665 16666 16667
16667 16666 16668
16667 16668 16669
16669 16668 16670
16669 16670 16671
16671 16670 16672
16671 16672 16673
16673 16672 16674
16673 16674 16675
16675 16674 16676
16675 16676 16677
16678 16677 16676
16678 16676 16679
16678 16679 16680
16678 16680 16681
16681 16680 16682
16681 16682 16683
16683 16682 16684
16683 16684 16685
16685 16684 16686
16685 16686 16687
16687 16686 16688
16687 16688 16689
16686 16690 16688
16686 16691 16690
16692 16690 16691
16692 16691 16693
16692 16693 16694
16692 16694 16695
16693 16696 16694
16694 16696 16697
16696 16698 16697
16696 16699 16698
16698 16699 16700
16699 16701 16700
16699 16702 16701
16701 16702 16703
16701 16703 16704
16704 16703 16705
16704 16705 16706
16706 16705 16707
16706 16707 16708
16708 16707 16709
16708 16709 16710
16710 16709 16711
16710 16711 16712
16711 16713 16712
16711 16714 16713
16714 16715 16713
16714 16716 16715
16715 16716 16717
16715 16717 16718
16718 16717 16719
16718 16719 16720
16720 16719 16721
16720 16721 16722
16723 16724 16725
16723 16725 16726
16726 16725 16727
16726 16727 16728
16728 16727 16729
16728 16729 16730
16730 16729 16731
16730 16731 16732
16732 16731 16733
16732 16733 16734
16734 16733 16735
16734 16735 16736
16736 16735 16737
16736 16737 16738
16738 16737 16739
16738 16739 16740
16740 16739 16741
16740 16741 16742
16742 16741 16743
16742 16743 16744
16744 16743 16745
16744 16745 16746
16746 16745 16747
16746 16747 16748
16748 16747 16749
16748 16749 16750
16750 16749 16751
16750 16751 16752
16752 16751 16753
16753 16751 16754
16754 16751 16755
16754 16755 16756
16756 16755 16757
16756 16757 16758
16758 16757 16759
16758 16759 16760
16760 16759 16761
16760 16761 16762
16762 16761 16763
16762 16763 16764
16764 16763 16765
16764 16765 16766
16766 16765 16767
16766 16767 16768
16767 16769 16768
16767 16770 16769
16769 16770 16771
16769 16771 16772
16772 16771 16773
16772 16773 16774
16773 16775 16774
16773 16776 16775
16775 16776 16777
16775 16777 16778
16778 16777 16779
16778 16779 16780
16780 16779 16781
16780 16781 16782
16782 16781 16783
16782 16783 16784
16784 16783 16785
16784 16785 16786
16786 16785 16787
16786 16787 16788
16788 16787 16789
16788 16789 16790
16790 16789 16791
16790 16791 16792
16792 16791 16793
16792 16793 16794
16794 16793 16795
16794 16795 16796
16796 16795 16797
16796 16797 16798
16799 16798 16797
16799 16800 16798
16800 16799 16801
16800 16801 16802
16802 16801 16803
16802 16803 16804
16804 16803 16805
16804 16805 16806
16806 16805 16807
16806 16807 16808
16808 16807 16809
16808 16809 16810
16810 16809 16811
16810 16811 16812
16812 16811 16813
16812 16813 16814
16814 16813 16815
16814 16815 16816
16816 16815 16817
16816 16817 16818
16818 16817 16819
16818 16819 16820
16820 16819 16821
16820 16821 16822
16823 16824 16825
16823 16825 16826
16826 16825 16827
16826 16827 16828
6975 6979 6976
6975 16829 6979
16830 16829 6975
16830 6975 6974
16830 6974 16831
16832 16830 16831
16832 16833 16830
16833 16829 16830
6979 16829 16834
6980 6979 16834
6980 16834 16835
16836 16833 16832
16836 16832 16837
16837 16838 16836
16837 16839 16838
16840 16838 16839
16833 16841 16829
16834 16829 16841
16841 16833 16836
16835 16834 16842
16834 16841 16842
16835 16842 16843
16844 16841 16836
16842 16841 16844
16844 16836 16838
16843 16842 16845
16842 16844 16845
16843 16845 16846
16845 16847 16846
16845 16844 16848
16848 16844 16838
16845 16849 16847
16845 16848 16849
16849 16850 16847
16848 16851 16849
16849 16851 16850
16852 16850 16851
16852 16853 16850
16854 16853 16852
16848 16855 16851
16855 16848 16838
16851 16855 16852
16856 16855 16838
16840 16856 16838
16856 16840 16857
16856 16857 16858
16859 16856 16858
16860 16855 16856
16859 16860 16856
16852 16855 16861
16860 16861 16855
16862 16860 16859
16862 16859 16863
16864 16861 16860
16852 16861 16864
16864 16860 16862
16865 16864 16862
16863 16866 16862
16865 16862 16866
16867 16865 16866
16863 16868 16866
16868 16867 16866
16868 16869 16867
16867 16869 16870
16852 16864 16871
16871 16864 16865
16854 16852 16871
16872 16854 16871
16871 16865 16872
16872 16873 16854
16872 16874 16873
16872 16875 16874
16865 16875 16872
16875 16876 16874
16867 16877 16865
16865 16877 16875
16875 16878 16876
16878 16879 16876
16875 16877 16880
16880 16877 16867
16875 16880 16878
16878 16881 16879
16880 16881 16878
16881 16882 16879
16880 16867 16883
16867 16870 16883
16881 16884 16882
16885 16882 16884
16880 16886 16881
16883 16886 16880
16886 16884 16881
16870 16887 16883
16883 16887 16886
16870 16888 16887
16886 16889 16884
16884 16889 16885
16887 16889 16886
16888 16890 16887
16887 16890 16889
16885 16889 16890
16888 16891 16890
16885 16890 16891
16892 16893 16894
16892 16894 16895
16896 16892 16895
16896 16895 16897
16898 16899 16900
16898 16900 16901
16902 16903 16904
16902 16904 16905
16906 16907 16908
16906 16909 16907
16910 16911 16912
16910 16912 16913
16914 16915 16916
16914 16916 16917
16918 16919 16920
16918 16920 16921
16922 16923 16924
16922 16924 16925
16926 16927 16928
16926 16928 16929
16930 16931 16932
16930 16932 16933
16934 16935 16936
16934 16936 16937
16938 16939 16940
16938 16940 16941
16942 16943 16944
16942 16944 16945
16946 16947 16948
16946 16948 16949
16950 16951 16952
16950 16952 16953
16954 16955 16956
16954 16956 16957
16958 16959 16960
16958 16960 16961
16962 16963 16964
16962 16964 16965
16966 16967 16968
16966 16968 16969
16970 16971 16972
16970 16972 16973
16974 16975 16976
16974 16976 16977
16978 16979 16980
16978 16980 16981
16982 16983 16984
16982 16984 16985
16986 16987 16988
16986 16988 16989
16990 16991 16992
16990 16992 16993
16994 16995 16996
16994 16996 16997
16998 16999 17000
16998 17000 17001
17002 17003 17004
17002 17004 17005
17006 17002 17005
17006 17007 17002
17008 17007 17006
17005 17004 17009
17010 17009 17004
17010 17011 17009
17006 17005 17012
17005 17009 17012
17011 17013 17009
17009 17013 17012
17011 17014 17013
17008 17006 17015
17015 17006 17012
17014 17016 17013
17014 17017 17016
17013 17018 17012
17015 17012 17018
17013 17016 17018
17019 17008 17015
17019 17015 17018
17019 17020 17008
17020 17019 17021
17020 17021 17022
17023 17022 17021
17024 17019 17018
17016 17024 17018
17021 17019 17024
17017 17025 17016
17016 17025 17024
17017 17026 17025
17025 17026 17027
17025 17028 17024
17028 17021 17024
17025 17027 17029
17025 17029 17028
17029 17027 17030
17023 17021 17031
17031 17032 17023
17031 17033 17032
17034 17033 17031
17028 17029 17035
17029 17030 17035
17036 17035 17030
17036 17030 17037
17038 17036 17037
17021 17028 17039
17028 17035 17039
17031 17021 17039
17035 17036 17039
17034 17031 17040
17040 17031 17039
17036 17041 17039
17040 17039 17041
17042 17034 17040
17042 17043 17034
17044 17040 17041
17036 17044 17041
17044 17042 17040
17045 17042 17044
17043 17042 17046
17045 17046 17042
17047 17046 17045
17043 17046 17048
17048 17046 17047
17048 17047 17049
17047 17050 17049
17036 17051 17044
17051 17045 17044
17038 17051 17036
17052 17051 17038
17051 17052 17045
17052 17038 17053
17052 17053 17054
17052 17054 17055
17045 17052 17055
17055 17054 17056
17047 17045 17057
17045 17055 17057
17055 17056 17058
17058 17056 17059
17055 17060 17057
17060 17047 17057
17055 17058 17060
17058 17059 17061
17060 17058 17061
17061 17059 17062
17060 17063 17047
17047 17063 17050
17061 17062 17064
17065 17064 17062
17060 17061 17066
17063 17060 17066
17066 17061 17064
17050 17063 17067
17063 17066 17067
17050 17067 17068
17066 17064 17069
17064 17065 17069
17067 17066 17069
17068 17067 17070
17067 17069 17070
17065 17070 17069
17068 17070 17071
17065 17071 17070
17072 17073 17074
17072 17074 17075
17074 17076 17075
17074 17077 17076
17078 17079 17080
17078 17080 17081
17082 17083 17084
17082 17084 17085
17086 17087 17088
17086 17088 17089
17090 17091 17092
17090 17092 17093
17094 17095 17096
17094 17096 17097
17098 17099 17100
17098 17100 17101
17102 17103 17104
17102 17104 17105
17106 17107 17108
17106 17108 17109
17110 17111 17112
17110 17112 17113
17114 17115 17116
17114 17116 17117
17118 17119 17120
17118 17120 17121
17122 17123 17124
17122 17124 17125
17126 17127 17128
17126 17128 17129
17130 17131 17132
17130 17132 17133
17134 17135 17136
17134 17136 17137
17138 17139 17140
17138 17140 17141
17142 17143 17144
17142 17144 17145
17146 17147 17148
17146 17148 17149
17150 17151 17152
17150 17152 17153
17154 17155 17156
17154 17156 17157
17158 17159 17160
17158 17160 17161
17162 17163 17164
17162 17164 17165
17166 17167 17168
17166 17168 17169
17170 17171 17172
17170 17172 17173
17174 17175 17176
17174 17176 17177
17178 17179 17180
17178 17180 17181
17182 17183 17184
17182 17185 17183
17185 17186 17183
17185 17187 17186
17185 17182 17188
17189 17187 17185
17185 17188 17190
17189 17185 17190
17190 17188 17191
17189 17190 17192
17190 17191 17192
17189 17192 17193
17192 17191 17194
17193 17192 17195
17192 17194 17195
17193 17195 17196
17197 17196 17195
17195 17194 17198
17197 17195 17198
17199 17197 17198
17199 17198 17200
17199 17200 17201
17202 17203 17204
17202 17204 17205
17206 17202 17205
17205 17204 17207
17206 17205 17208
17209 17206 17208
17205 17207 17210
17208 17205 17210
17210 17207 17211
17212 17209 17208
17212 17213 17209
17214 17212 17208
17214 17208 17210
17210 17211 17215
17214 17210 17215
17215 17211 17216
17214 17215 17217
17215 17216 17218
17217 17215 17218
17217 17218 17219
17220 17219 17218
17218 17216 17221
17220 17218 17222
17218 17221 17222
17223 17220 17222
17221 17224 17222
17223 17222 17224
17221 17225 17224
17226 17223 17224
17226 17224 17225
17227 17228 17229
17227 17229 17230
17231 17230 17229
17232 17227 17230
17231 17233 17230
17233 17231 17234
17235 17232 17230
17233 17235 17230
17236 17232 17235
17236 17237 17232
17233 17238 17235
17236 17235 17238
17239 17237 17236
17239 17240 17237
17236 17238 17241
17239 17236 17241
17238 17233 17242
17241 17238 17242
17233 17234 17243
17233 17243 17242
17244 17240 17239
17244 17245 17240
17246 17244 17239
17239 17241 17246
17246 17247 17244
17246 17248 17247
17246 17249 17248
17241 17249 17246
17249 17250 17248
17251 17243 17234
17251 17234 17252
17253 17251 17252
17241 17254 17249
17241 17242 17254
17249 17255 17250
17254 17255 17249
17256 17250 17255
17243 17257 17242
17243 17251 17257
17242 17258 17254
17254 17258 17255
17242 17257 17258
17253 17259 17251
17259 17253 17260
17255 17258 17261
17257 17261 17258
17257 17251 17262
17262 17251 17259
17257 17262 17261
17263 17259 17260
17262 17259 17263
17261 17262 17263
17263 17260 17264
17256 17255 17265
17255 17261 17265
17261 17263 17266
17261 17266 17265
17266 17256 17265
17266 17263 17264
17266 17267 17256
17267 17266 17264
17267 17264 17268
17269 17270 17271
17269 17271 17272
17273 17274 17275
17273 17275 17276
17277 17278 17279
17277 17279 17280
17281 17282 17283
17281 17283 17284
17285 17286 17287
17285 17287 17288
17289 17290 17291
17289 17291 17292
17293 17294 17295
17293 17295 17296
17297 17298 17299
17297 17299 17300
17301 17302 17303
17301 17303 17304
17305 17306 17307
17305 17307 17308
17309 17310 17311
17309 17311 17312
17313 17314 17315
17313 17315 17316
17317 17318 17319
17317 17319 17320
17321 17322 17323
17321 17323 17324
17325 17326 17327
17325 17327 17328
17329 17330 17331
17329 17331 17332
17333 17334 17335
17333 17335 17336
17337 17338 17339
17337 17339 17340
17341 17342 17343
17341 17343 17344
17345 17346 17347
17345 17347 17348
17349 17350 17351
17349 17351 17352
17353 17354 17355
17353 17355 17356
17357 17358 17359
17357 17359 17360
17361 17362 17363
17361 17363 17364
17365 17366 17367
17365 17367 17368
17369 17370 17371
17369 17371 17372
17373 17374 17375
17373 17375 17376
17376 17375 17377
17376 17377 17378
17376 17379 17373
17380 17376 17378
17376 17381 17379
17380 17381 17376
17381 17382 17379
17380 17383 17381
17381 17383 17382
17380 17384 17383
17383 17385 17382
17384 17386 17383
17383 17386 17385
17384 17387 17386
17388 17386 17387
17386 17389 17385
17388 17389 17386
17390 17389 17388
17390 17391 17389
17390 17392 17391
17393 17394 17395
17393 17396 17394
17397 17396 17393
17396 17398 17394
17397 17399 17396
17400 17399 17397
17396 17401 17398
17399 17401 17396
17401 17402 17398
17403 17399 17400
17403 17400 17404
17405 17399 17403
17405 17401 17399
17401 17406 17402
17405 17406 17401
17406 17407 17402
17405 17408 17406
17406 17409 17407
17408 17409 17406
17408 17410 17409
17411 17409 17410
17409 17412 17407
17411 17413 17409
17409 17413 17412
17414 17413 17411
17412 17413 17415
17414 17415 17413
17412 17415 17416
17417 17415 17414
17417 17416 17415
17418 17419 17420
17418 17421 17419
17422 17419 17421
17423 17421 17418
17422 17421 17424
17424 17425 17422
17426 17421 17423
17424 17421 17426
17427 17426 17423
17427 17423 17428
17424 17426 17429
17427 17429 17426
17430 17427 17428
17430 17428 17431
17427 17432 17429
17430 17432 17427
17429 17433 17424
17432 17433 17429
17424 17434 17425
17424 17433 17434
17435 17430 17431
17435 17431 17436
17437 17430 17435
17430 17437 17432
17437 17435 17438
17437 17438 17439
17437 17439 17440
17432 17437 17440
17440 17439 17441
17442 17425 17434
17442 17443 17425
17444 17443 17442
17432 17440 17445
17432 17445 17433
17440 17441 17446
17445 17440 17446
17447 17446 17441
17434 17433 17448
17434 17448 17442
17433 17445 17449
17445 17446 17449
17433 17449 17448
17444 17442 17450
17450 17451 17444
17446 17452 17449
17448 17449 17452
17448 17453 17442
17453 17450 17442
17448 17452 17453
17454 17451 17450
17453 17454 17450
17452 17454 17453
17454 17455 17451
17447 17456 17446
17446 17456 17452
17452 17457 17454
17452 17456 17457
17457 17456 17447
17457 17455 17454
17457 17447 17458
17458 17455 17457
17458 17459 17455
17460 17461 17462
17460 17462 17463
17464 17465 17466
17464 17466 17467
17468 17469 17470
17468 17470 17471
17472 17473 17474
17472 17474 17475
17476 17477 17478
17476 17478 17479
17480 17481 17482
17480 17482 17483
17484 17485 17486
17484 17486 17487
17488 17489 17490
17488 17490 17491
17492 17493 17494
17492 17494 17495
17496 17497 17498
17496 17498 17499
17500 17501 17502
17500 17502 17503
17504 17505 17506
17504 17506 17507
17508 17509 17510
17508 17510 17511
17512 17513 17514
17512 17514 17515
17516 17517 17518
17516 17518 17519
17520 17521 17522
17520 17522 17523
17524 17525 17526
17524 17526 17527
17528 17529 17530
17528 17530 17531
17532 17533 17534
17532 17534 17535
17536 17537 17538
17536 17538 17539
17540 17541 17542
17540 17542 17543
17544 17545 17546
17544 17546 17547
17548 17549 17550
17548 17550 17551
17552 17553 17554
17552 17554 17555
17556 17557 17558
17556 17558 17559
17560 17561 17562
17560 17562 17563
17564 17565 17566
17564 17566 17567
17568 17564 17567
17568 17569 17564
17570 17569 17568
17567 17566 17571
17572 17571 17566
17572 17573 17571
17568 17567 17574
17567 17571 17574
17573 17575 17571
17571 17575 17574
17573 17576 17575
17570 17568 17577
17577 17568 17574
17576 17578 17575
17576 17579 17578
17575 17580 17574
17577 17574 17580
17575 17578 17580
17581 17570 17577
17581 17582 17570
17583 17577 17580
17578 17583 17580
17583 17581 17577
17584 17581 17583
17579 17585 17578
17578 17585 17583
17585 17584 17583
17579 17586 17585
17585 17586 17587
17582 17581 17588
17584 17588 17581
17582 17588 17589
17590 17589 17588
17585 17587 17591
17585 17591 17584
17591 17587 17592
17590 17588 17593
17593 17588 17584
17593 17594 17590
17595 17594 17593
17584 17591 17596
17591 17592 17596
17597 17596 17592
17597 17592 17598
17599 17597 17598
17584 17596 17600
17593 17584 17600
17596 17597 17600
17595 17593 17601
17601 17593 17600
17597 17602 17600
17601 17600 17602
17603 17595 17601
17603 17604 17595
17605 17601 17602
17597 17605 17602
17605 17603 17601
17606 17603 17605
17604 17603 17607
17606 17607 17603
17608 17607 17606
17604 17607 17609
17609 17607 17608
17609 17608 17610
17608 17611 17610
17597 17612 17605
17612 17606 17605
17599 17612 17597
17613 17612 17599
17612 17613 17606
17613 17599 17614
17613 17614 17615
17613 17615 17616
17606 17613 17616
17616 17615 17617
17608 17606 17618
17606 17616 17618
17616 17617 17619
17619 17617 17620
17616 17621 17618
17621 17608 17618
17616 17619 17621
17619 17620 17622
17621 17619 17622
17622 17620 17623
17621 17624 17608
17608 17624 17611
17622 17623 17625
17626 17625 17623
17621 17622 17627
17624 17621 17627
17627 17622 17625
17611 17624 17628
17624 17627 17628
17611 17628 17629
17627 17625 17630
17625 17626 17630
17628 17627 17630
17629 17628 17631
17628 17630 17631
17626 17631 17630
17629 17631 17632
17626 17632 17631
17633 17634 17635
17633 17635 17636
17637 17638 17639
17637 17639 17640
17641 17642 17643
17641 17643 17644
17645 17646 17647
17645 17647 17648
17649 17650 17651
17649 17651 17652
17653 17654 17655
17653 17655 17656
17657 17658 17659
17657 17659 17660
17661 17662 17663
17661 17663 17664
17665 17666 17667
17665 17667 17668
17669 17670 17671
17669 17671 17672
17673 17674 17675
17673 17675 17676
17677 17678 17679
17677 17679 17680
17681 17682 17683
17681 17683 17684
17685 17686 17687
17685 17687 17688
17689 17690 17691
17689 17691 17692
17693 17694 17695
17693 17695 17696
17697 17698 17699
17697 17699 17700
17701 17702 17703
17701 17703 17704
17705 17706 17707
17705 17707 17708
17709 17710 17711
17709 17711 17712
17713 17714 17715
17713 17715 17716
17717 17718 17719
17717 17719 17720
17721 17722 17723
17721 17723 17724
17725 17726 17727
17725 17727 17728
17729 17730 17731
17729 17731 17732
17733 17734 17735
17733 17735 17736
17737 17738 17739
17737 17739 17740
17741 17742 17743
17741 17744 17742
17745 17744 17741
17745 17741 17746
17747 17745 17746
17744 17748 17742
17749 17742 17748
17749 17748 17750
17745 17751 17744
17744 17751 17748
17750 17748 17752
17748 17751 17752
17750 17752 17753
17747 17754 17745
17754 17751 17745
17753 17752 17755
17753 17755 17756
17752 17751 17757
17754 17757 17751
17752 17757 17755
17758 17754 17747
17758 17747 17759
17760 17757 17754
17755 17757 17760
17760 17754 17758
17761 17760 17758
17756 17755 17762
17755 17760 17762
17762 17760 17761
17756 17762 17763
17762 17764 17763
17759 17765 17758
17761 17758 17765
17759 17766 17765
17767 17765 17766
17762 17768 17764
17762 17761 17768
17768 17769 17764
17767 17770 17765
17770 17761 17765
17770 17767 17771
17772 17770 17771
17761 17773 17768
17768 17773 17769
17774 17769 17773
17774 17775 17769
17776 17775 17774
17761 17777 17773
17770 17777 17761
17773 17777 17774
17772 17778 17770
17778 17777 17770
17774 17777 17779
17778 17779 17777
17780 17778 17772
17780 17772 17781
17782 17779 17778
17774 17779 17782
17782 17778 17780
17783 17782 17780
17781 17784 17780
17783 17780 17784
17785 17783 17784
17781 17786 17784
17786 17785 17784
17786 17787 17785
17785 17787 17788
17774 17782 17789
17789 17782 17783
17776 17774 17789
17790 17776 17789
17789 17783 17790
17790 17791 17776
17790 17792 17791
17790 17793 17792
17783 17793 17790
17793 17794 17792
17785 17795 17783
17783 17795 17793
17793 17796 17794
17796 17797 17794
17793 17795 17798
17798 17795 17785
17793 17798 17796
17796 17799 17797
17798 17799 17796
17799 17800 17797
17798 17785 17801
17785 17788 17801
17799 17802 17800
17803 17800 17802
17798 17804 17799
17801 17804 17798
17804 17802 17799
17788 17805 17801
17801 17805 17804
17788 17806 17805
17804 17807 17802
17802 17807 17803
17805 17807 17804
17806 17808 17805
17805 17808 17807
17803 17807 17808
17806 17809 17808
17803 17808 17809
17810 17811 17812
17810 17812 17813
17814 17815 17816
17814 17816 17817
17818 17819 17820
17818 17820 17821
17822 17823 17824
17822 17824 17825
17826 17827 17828
17826 17828 17829
17830 17831 17832
17830 17832 17833
17834 17835 17836
17834 17836 17837
17838 17839 17840
17838 17840 17841
17842 17843 17844
17842 17844 17845
17846 17847 17848
17846 17848 17849
17850 17851 17852
17850 17852 17853
17854 17855 17856
17854 17856 17857
17858 17859 17860
17858 17860 17861
17862 17863 17864
17862 17864 17865
17866 17867 17868
17866 17868 17869
17870 17871 17872
17870 17872 17873
17874 17875 17876
17874 17876 17877
17878 17879 17880
17878 17880 17881
17882 17883 17884
17882 17884 17885
17886 17887 17888
17886 17888 17889
17890 17891 17892
17890 17892 17893
17894 17895 17896
17894 17896 17897
17898 17899 17900
17898 17900 17901
17902 17903 17904
17902 17904 17905
17906 17907 17908
17906 17908 17909
17910 17911 17912
17910 17912 17913
17914 17915 17916
17914 17916 17917
17918 17919 17920
17918 17920 17921
17921 17920 17922
17921 17922 17923
17921 17924 17918
17925 17921 17923
17921 17926 17924
17925 17926 17921
17926 17927 17924
17925 17928 17926
17926 17928 17927
17925 17929 17928
17928 17930 17927
17929 17931 17928
17928 17931 17930
17929 17932 17931
17933 17931 17932
17931 17934 17930
17933 17934 17931
17935 17934 17933
17935 17936 17934
17935 17937 17936
17938 17939 17940
17938 17941 17939
17942 17941 17938
17941 17943 17939
17942 17944 17941
17945 17944 17942
17941 17946 17943
17944 17946 17941
17946 17947 17943
17948 17944 17945
17948 17945 17949
17950 17944 17948
17950 17946 17944
17946 17951 17947
17950 17951 17946
17951 17952 17947
17950 17953 17951
17951 17954 17952
17953 17954 17951
17953 17955 17954
17956 17954 17955
17954 17957 17952
17956 17958 17954
17954 17958 17957
17959 17958 17956
17957 17958 17960
17959 17960 17958
17957 17960 17961
17962 17960 17959
17962 17961 17960
17963 17964 17965
17963 17966 17964
17967 17964 17966
17968 17966 17963
17967 17966 17969
17969 17970 17967
17971 17966 17968
17969 17966 17971
17972 17971 17968
17972 17968 17973
17969 17971 17974
17972 17974 17971
17975 17972 17973
17975 17973 17976
17972 17977 17974
17975 17977 17972
17974 17978 17969
17977 17978 17974
17969 17979 17970
17969 17978 17979
17980 17975 17976
17980 17976 17981
17982 17975 17980
17975 17982 17977
17982 17980 17983
17982 17983 17984
17982 17984 17985
17977 17982 17985
17985 17984 17986
17987 17970 17979
17987 17988 17970
17989 17988 17987
17977 17985 17990
17977 17990 17978
17985 17986 17991
17990 17985 17991
17992 17991 17986
17979 17978 17993
17979 17993 17987
17978 17990 17994
17990 17991 17994
17978 17994 17993
17989 17987 17995
17995 17996 17989
17991 17997 17994
17993 17994 17997
17993 17998 17987
17998 17995 17987
17993 17997 17998
17999 17996 17995
17998 17999 17995
17997 17999 17998
17999 18000 17996
18001 18000 17999
17997 18001 17999
18002 18000 18001
18001 17992 18002
17991 18003 17997
17997 18003 18001
17992 18003 17991
18001 18003 17992
18004 18005 18006
18004 18006 18007
18008 18009 18010
18008 18010 18011
18012 18013 18014
18012 18014 18015
18016 18017 18018
18016 18018 18019
18020 18021 18022
18020 18022 18023
18024 18025 18026
18024 18026 18027
18028 18029 18030
18028 18030 18031
18032 18033 18034
18032 18034 18035
18036 18037 18038
18036 18038 18039
18040 18041 18042
18040 18042 18043
18044 18045 18046
18044 18046 18047
18048 18049 18050
18048 18050 18051
18052 18053 18054
18052 18054 18055
18056 18057 18058
18056 18058 18059
18060 18061 18062
18060 18062 18063
18064 18065 18066
18064 18066 18067
18068 18069 18070
18068 18070 18071
18072 18073 18074
18072 18074 18075
18076 18077 18078
18076 18078 18079
18080 18081 18082
18080 18082 18083
18084 18085 18086
18084 18086 18087
18088 18089 18090
18088 18090 18091
18092 18093 18094
18092 18094 18095
18096 18097 18098
18096 18098 18099
18100 18101 18102
18100 18103 18101
18103 18104 18101
18103 18105 18104
18103 18100 18106
18107 18105 18103
18103 18106 18108
18107 18103 18108
18108 18106 18109
18107 18108 18110
18108 18109 18110
18107 18110 18111
18110 18109 18112
18111 18110 18113
18110 18112 18113
18111 18113 18114
18115 18114 18113
18113 18112 18116
18115 18113 18116
18117 18115 18116
18117 18116 18118
18117 18118 18119
18120 18121 18122
18120 18122 18123
18124 18120 18123
18123 18122 18125
18124 18123 18126
18127 18124 18126
18123 18125 18128
18126 18123 18128
18128 18125 18129
18130 18127 18126
18130 18131 18127
18132 18130 18126
18132 18126 18128
18128 18129 18133
18132 18128 18133
18133 18129 18134
18132 18133 18135
18133 18134 18136
18135 18133 18136
18135 18136 18137
18138 18137 18136
18136 18134 18139
18138 18136 18140
18136 18139 18140
18141 18138 18140
18139 18142 18140
18141 18140 18142
18139 18143 18142
18144 18141 18142
18144 18142 18143
18145 18146 18147
18145 18147 18148
18149 18148 18147
18150 18145 18148
18149 18151 18148
18151 18149 18152
18153 18150 18148
18151 18153 18148
18154 18150 18153
18154 18155 18150
18151 18156 18153
18154 18153 18156
18157 18155 18154
18157 18158 18155
18154 18156 18159
18157 18154 18159
18156 18151 18160
18159 18156 18160
18151 18152 18161
18151 18161 18160
18162 18158 18157
18162 18163 18158
18164 18162 18157
18157 18159 18164
18164 18165 18162
18164 18166 18165
18164 18167 18166
18159 18167 18164
18167 18168 18166
18169 18161 18152
18169 18152 18170
18171 18169 18170
18159 18172 18167
18159 18160 18172
18167 18173 18168
18172 18173 18167
18174 18168 18173
18161 18175 18160
18161 18169 18175
18160 18176 18172
18172 18176 18173
18160 18175 18176
18171 18177 18169
18177 18171 18178
18173 18176 18179
18175 18179 18176
18175 18169 18180
18180 18169 18177
18175 18180 18179
18181 18177 18178
18180 18177 18181
18179 18180 18181
18181 18178 18182
18183 18181 18182
18179 18181 18183
18184 18183 18182
18183 18184 18174
18173 18179 18185
18179 18183 18185
18174 18173 18185
18183 18174 18185
18186 18187 18188
18186 18188 18189
18190 18191 18192
18190 18192 18193
18194 18195 18196
18194 18196 18197
18198 18199 18200
18198 18200 18201
18202 18203 18204
18202 18204 18205
18206 18207 18208
18206 18208 18209
18210 18211 18212
18210 18212 18213
18214 18215 18216
18214 18216 18217
18218 18219 18220
18218 18220 18221
18222 18223 18224
18222 18224 18225
18226 18227 18228
18226 18228 18229
18230 18231 18232
18230 18232 18233
18234 18235 18236
18234 18236 18237
18238 18239 18240
18238 18240 18241
18242 18243 18244
18242 18244 18245
18246 18247 18248
18246 18248 18249
18250 18251 18252
18250 18252 18253
18254 18255 18256
18254 18256 18257
18258 18259 18260
18258 18260 18261
18262 18263 18264
18262 18264 18265
18266 18267 18268
18266 18268 18269
18270 18271 18272
18270 18272 18273
18274 18275 18276
18274 18276 18277
18278 18279 18280
18278 18280 18281
18282 18283 18284
18282 18284 18285
18285 18284 18286
18287 18282 18285
18285 18286 18288
18287 18285 18289
18289 18285 18288
18290 18287 18289
18289 18288 18291
18292 18290 18289
18293 18289 18291
18292 18289 18293
18293 18291 18294
18295 18292 18293
18296 18293 18294
18295 18293 18296
18296 18294 18297
18296 18298 18295
18299 18296 18297
18296 18300 18298
18299 18300 18296
18301 18300 18299
18300 18302 18298
18301 18303 18300
18300 18303 18302
18304 18303 18301
18303 18305 18302
18304 18305 18303
18302 18305 18306
18302 18306 18307
18304 18308 18305
18306 18305 18308
18306 18308 18309
18309 18308 18310
18308 18304 18311
18310 18308 18311
18312 18310 18311
18313 18312 18311
18311 18314 18313
18315 18316 18317
18315 18318 18316
18318 18319 18316
18320 18318 18315
18318 18321 18319
18320 18322 18318
18322 18321 18318
18323 18322 18320
18322 18324 18321
18325 18322 18323
18326 18324 18322
18325 18326 18322
18326 18327 18324
18328 18326 18325
18329 18327 18326
18328 18329 18326
18329 18330 18327
18329 18328 18331
18332 18330 18329
18329 18331 18333
18332 18329 18333
18334 18332 18333
18333 18331 18335
18334 18333 18336
18333 18335 18336
18337 18334 18336
18336 18335 18338
18337 18336 18338
18335 18339 18338
18335 18340 18339
18337 18338 18341
18339 18341 18338
18339 18342 18341
18341 18343 18337
18342 18344 18341
18343 18341 18344
18344 18345 18343
18344 18346 18345
18344 18347 18346
18348 18349 18350
18349 18348 18351
18348 18350 18352
18352 18350 18353
18348 18354 18351
18354 18348 18352
18354 18355 18351
18352 18353 18356
18356 18353 18357
18354 18352 18358
18358 18352 18356
18354 18359 18355
18358 18359 18354
18360 18355 18359
18359 18361 18360
18356 18357 18362
18358 18356 18362
18362 18357 18363
18364 18362 18363
18359 18365 18361
18358 18365 18359
18365 18366 18361
18365 18367 18366
18364 18368 18362
18368 18364 18369
18370 18358 18362
18368 18370 18362
18370 18365 18358
18370 18368 18369
18365 18371 18367
18370 18371 18365
18371 18372 18367
18370 18369 18373
18373 18371 18370
18374 18373 18369
18374 18375 18373
18371 18376 18372
18373 18376 18371
18375 18376 18373
18376 18377 18372
18375 18378 18376
18376 18379 18377
18376 18378 18379
