byte offset: 0
first index: 0
index count: 3828
topology: trianglelist
format: DXGI_FORMAT_R16_UINT

0 1 2
0 3 1
0 4 3
0 5 4
6 4 5
1 3 7
1 7 8
7 9 8
3 10 7
3 4 10
6 11 4
12 11 6
7 13 9
13 7 10
4 14 10
4 11 14
12 15 11
16 15 12
9 13 17
9 17 18
17 19 18
13 10 20
14 20 10
11 15 21
11 21 14
13 22 17
13 20 22
23 17 22
17 24 19
23 24 17
25 19 24
25 24 23
25 26 19
27 26 25
28 22 20
23 22 28
14 29 20
28 20 29
27 25 30
31 27 30
32 29 14
32 14 21
33 28 29
33 29 32
25 23 34
30 25 34
23 28 35
33 35 28
31 30 36
36 37 31
38 34 23
38 23 35
39 32 21
40 33 32
40 32 39
33 41 35
41 33 40
42 35 41
42 38 35
41 40 43
42 41 43
39 21 44
15 44 21
45 40 39
43 40 45
15 46 44
16 46 15
44 47 39
45 39 47
16 48 46
16 49 48
50 48 49
46 51 44
44 51 47
46 48 51
48 52 51
52 47 51
50 53 48
48 53 52
54 52 53
55 53 50
54 53 55
55 50 56
57 55 56
54 55 57
57 56 58
52 59 47
59 52 54
60 57 58
60 58 61
47 59 62
47 62 45
54 57 63
63 57 60
64 60 61
64 61 65
66 64 65
66 65 67
68 64 66
68 60 64
68 66 69
68 70 60
63 60 70
71 68 69
71 70 68
71 69 72
71 72 73
74 63 70
71 74 70
75 54 63
74 75 63
71 73 76
74 71 76
77 76 73
77 73 78
77 78 79
74 76 80
75 74 80
80 76 77
75 81 54
59 54 81
77 79 82
82 79 83
84 81 75
75 80 84
85 59 81
84 85 81
85 62 59
80 77 86
86 77 82
80 87 84
87 85 84
80 86 87
88 62 85
87 88 85
86 82 89
87 86 89
82 83 90
89 82 90
87 89 91
91 88 87
88 92 62
92 45 62
83 93 90
83 94 93
93 94 95
96 89 90
91 89 96
92 97 45
43 45 97
92 98 97
98 43 97
88 99 92
92 99 98
93 95 100
100 95 101
102 90 93
102 96 90
91 103 88
88 103 99
98 104 43
42 43 104
105 42 104
38 42 105
106 104 98
105 104 106
107 98 99
106 98 107
103 108 99
107 99 108
109 103 91
103 109 108
110 91 96
109 91 110
111 110 96
111 109 110
111 96 102
38 105 112
34 38 112
34 112 113
30 34 113
30 113 114
112 114 113
36 30 114
105 115 112
112 115 114
105 116 115
116 105 106
117 114 115
117 115 116
36 114 118
117 118 114
116 106 119
119 106 107
36 118 120
36 120 37
120 118 121
117 121 118
122 37 120
120 121 122
122 123 37
117 116 124
119 124 116
119 107 125
125 107 108
123 122 126
123 126 127
117 128 121
124 128 117
121 128 129
122 121 130
122 130 126
121 129 130
119 131 124
131 119 125
124 132 128
129 128 132
131 132 124
133 127 126
133 134 127
126 130 135
129 135 130
126 135 133
134 133 136
137 136 133
134 136 138
136 139 138
136 140 139
137 140 136
140 141 139
133 135 142
137 133 142
140 143 141
143 144 141
145 142 135
129 145 135
145 146 142
146 137 142
147 145 129
146 145 147
148 143 140
137 148 140
147 129 149
150 147 149
129 132 149
132 150 149
132 151 150
131 151 132
131 152 151
150 151 152
131 153 152
131 125 153
125 154 153
155 152 153
155 153 154
125 156 154
125 108 156
109 156 108
109 157 156
154 156 157
111 157 109
154 157 158
111 158 157
158 155 154
159 158 111
102 159 111
158 160 155
159 160 158
152 155 161
160 161 155
102 162 159
93 162 102
93 100 162
159 162 163
163 162 100
152 161 164
150 152 164
159 165 160
159 163 165
166 160 165
163 166 165
163 100 167
100 101 167
167 101 168
167 169 163
163 169 166
167 168 170
167 170 169
170 168 171
160 172 161
166 172 160
161 172 173
173 172 166
164 161 174
161 173 174
166 169 175
176 169 170
176 175 169
170 171 177
170 177 176
178 177 171
178 176 177
178 171 179
178 179 180
178 181 176
181 175 176
178 180 182
181 178 182
183 182 180
182 183 184
173 166 185
166 175 185
186 173 185
186 185 175
181 187 175
186 175 187
188 187 181
186 187 188
181 182 189
188 181 189
189 190 188
182 184 191
191 189 182
186 192 173
174 173 192
186 188 193
193 188 190
193 192 186
194 191 184
194 184 195
196 194 195
191 197 189
189 197 190
198 197 191
198 191 194
198 190 197
196 199 194
199 198 194
199 196 200
193 201 192
202 192 201
174 192 202
203 174 202
202 201 204
203 202 204
203 205 174
164 174 205
164 205 206
206 205 203
164 206 150
207 150 206
147 150 207
208 147 207
146 147 208
206 209 207
209 208 207
210 146 208
209 210 208
206 203 211
206 211 209
210 212 146
146 212 137
213 137 212
210 213 212
213 148 137
214 210 209
210 214 213
215 209 211
214 209 215
216 211 203
215 211 216
213 214 217
217 214 215
148 213 218
213 217 218
216 203 219
203 204 219
215 216 220
220 216 219
217 215 221
215 220 221
222 219 204
222 220 219
148 218 223
148 223 143
224 143 223
143 224 144
218 217 225
221 225 217
226 221 220
222 226 220
218 227 223
224 223 227
228 144 224
228 229 144
224 230 228
224 227 230
229 228 231
230 231 228
229 231 232
233 232 231
218 234 227
218 225 234
234 225 235
236 227 234
236 230 227
234 235 236
233 231 237
238 233 237
230 239 231
237 231 239
230 236 240
230 240 239
235 240 236
238 237 241
242 238 241
242 241 243
237 239 244
241 237 244
244 239 240
243 241 245
241 244 245
243 245 246
244 240 247
245 244 247
246 245 248
245 247 248
246 248 249
247 240 250
235 250 240
248 247 251
247 250 251
249 248 252
248 251 252
249 252 253
250 254 251
254 252 251
255 253 252
254 255 252
255 256 253
256 255 257
256 257 258
259 250 235
250 259 254
255 254 260
255 260 257
261 258 257
261 262 258
254 259 263
254 263 260
259 235 264
264 263 259
265 257 260
265 261 257
266 262 261
266 267 262
235 268 264
235 225 268
221 268 225
226 268 221
264 268 226
264 226 269
264 269 263
270 269 226
263 269 270
270 226 222
271 261 265
271 266 261
272 267 266
272 273 267
263 270 274
274 260 263
274 265 260
275 265 274
270 275 274
275 271 265
270 222 276
270 276 275
277 266 271
277 272 266
278 271 275
276 278 275
278 277 271
279 273 272
279 280 273
281 280 279
222 282 276
222 204 282
282 204 201
283 272 277
283 279 272
281 279 284
284 279 283
285 283 277
285 277 278
276 286 278
276 282 286
278 286 287
287 286 282
278 287 285
282 201 288
287 282 288
288 201 193
289 287 288
289 285 287
289 288 290
288 193 290
193 190 290
289 290 190
285 291 283
284 283 291
285 292 291
289 292 285
293 284 291
292 293 291
289 190 294
198 294 190
295 294 198
199 295 198
293 296 284
296 281 284
296 297 281
298 297 296
298 296 299
299 296 293
292 300 293
289 300 292
301 289 294
295 301 294
300 302 293
299 293 302
303 300 289
301 303 289
300 303 302
303 301 304
303 304 302
304 301 295
304 299 302
305 298 299
304 305 299
305 306 298
304 295 307
305 304 307
199 307 295
306 305 308
305 307 308
306 308 309
199 310 307
310 308 307
199 200 310
311 309 308
310 311 308
200 311 310
311 312 309
200 313 311
313 312 311
313 314 312
315 316 317
315 317 318
318 317 319
318 319 320
320 319 321
320 321 322
322 321 323
322 323 324
325 324 323
325 326 324
326 325 327
326 327 328
329 328 327
329 330 328
331 330 329
331 332 330
333 332 331
333 334 332
335 334 333
335 336 334
337 336 335
337 335 338
339 337 338
339 340 337
341 340 339
341 339 342
343 341 342
343 344 341
344 343 345
344 345 346
347 346 345
347 348 346
349 348 347
349 350 348
351 352 353
351 353 354
355 351 354
355 354 356
354 353 357
358 356 354
354 357 359
358 354 359
359 357 360
358 359 361
359 360 361
358 361 362
361 360 363
362 361 364
361 363 364
362 364 365
366 364 363
367 365 364
366 367 364
367 368 365
367 366 369
368 367 370
367 369 370
368 370 371
372 370 369
373 371 370
372 373 370
373 374 371
375 373 372
376 374 373
375 376 373
376 377 374
378 376 375
379 377 376
378 379 376
379 380 377
381 379 378
382 380 379
381 382 379
382 383 380
384 383 382
385 382 381
384 382 385
385 381 386
387 385 386
388 384 385
387 388 385
388 389 384
390 389 388
391 388 387
390 388 391
391 387 392
393 391 392
394 390 391
393 394 391
394 395 390
394 393 396
395 394 397
394 396 397
395 397 398
399 397 396
400 398 397
399 400 397
401 400 399
400 402 398
401 403 400
403 402 400
403 404 402
405 406 407
405 407 408
409 405 408
409 410 405
411 408 407
409 408 411
411 407 412
410 409 413
410 413 414
415 414 413
409 411 416
413 409 416
417 413 416
418 411 412
418 412 419
420 418 419
421 416 411
421 411 418
421 417 416
420 422 418
422 421 418
422 420 423
415 413 424
417 424 413
425 415 424
417 425 424
425 426 415
426 425 427
426 427 428
429 428 427
417 430 425
430 427 425
429 427 431
431 432 429
431 433 432
433 431 434
434 431 427
433 434 435
430 436 427
434 427 436
437 435 434
437 438 435
438 437 439
434 436 440
434 440 437
430 440 436
439 437 440
441 430 417
430 441 440
438 439 442
439 443 442
441 417 444
421 444 417
441 445 440
439 440 445
439 446 443
446 447 443
448 444 421
422 448 421
449 441 444
441 449 445
450 439 445
450 446 439
445 451 450
445 449 451
449 444 452
448 452 444
453 449 452
453 451 449
453 452 448
454 448 422
422 423 454
446 450 455
451 455 450
456 451 453
451 456 455
453 448 457
454 457 448
454 423 458
423 459 458
460 458 459
446 455 461
446 461 447
455 462 461
462 447 461
463 455 456
455 463 462
456 453 464
464 453 457
465 457 454
465 454 458
463 456 466
466 456 464
465 467 457
464 457 467
458 468 465
468 467 465
469 464 467
468 469 467
462 463 470
470 463 466
466 464 471
469 471 464
472 466 471
470 466 472
473 468 458
460 473 458
473 460 474
468 473 474
474 460 475
474 475 476
468 474 477
469 468 477
469 478 471
472 471 478
474 476 479
477 474 479
469 477 480
469 480 478
481 479 476
481 476 482
483 477 479
483 480 477
481 483 479
484 478 480
484 480 483
485 484 483
486 478 484
486 472 478
486 484 485
487 481 482
481 487 488
487 482 489
481 490 483
485 483 490
481 488 490
485 490 488
491 487 489
491 488 487
491 489 492
493 491 492
493 492 494
495 472 486
495 470 472
491 496 488
493 496 491
494 497 493
494 498 497
497 498 499
497 499 500
500 501 497
501 493 497
500 502 501
501 503 493
493 503 496
504 501 502
504 503 501
504 502 505
506 504 505
496 503 507
504 507 503
506 508 504
507 504 508
509 508 506
507 510 496
510 488 496
507 508 511
507 511 510
512 510 511
510 513 488
512 513 510
485 488 513
509 514 508
514 511 508
515 485 513
512 515 513
516 514 509
516 509 517
514 518 511
512 511 518
516 518 514
515 519 485
486 485 519
520 486 519
520 519 515
520 495 486
517 521 516
517 522 521
521 522 523
516 524 518
512 518 524
525 515 512
520 515 525
526 520 525
525 512 527
512 524 527
527 526 525
516 521 528
516 528 524
524 529 527
527 529 526
524 528 529
526 529 530
528 530 529
521 523 531
528 521 531
528 532 530
528 531 532
533 531 523
533 523 534
534 535 533
531 533 536
531 536 537
536 530 537
538 533 535
538 535 539
538 539 540
541 536 533
541 533 538
536 542 530
542 536 541
538 540 543
538 543 544
538 544 541
545 543 540
545 544 543
545 540 546
547 545 546
547 546 548
544 545 549
547 549 545
541 544 550
544 549 550
551 550 549
552 547 548
552 548 553
547 554 549
554 551 549
554 547 552
555 552 553
555 553 556
557 555 556
541 550 558
542 541 558
559 558 550
559 542 558
551 560 550
559 550 560
554 552 561
555 561 552
559 562 542
562 530 542
559 560 563
563 560 551
562 559 564
559 563 564
562 565 530
526 530 565
566 565 562
526 565 567
566 562 568
562 564 568
569 566 568
526 567 570
526 570 520
570 567 571
495 520 570
569 568 572
573 569 572
574 568 564
574 572 568
575 572 574
576 574 564
575 574 576
576 564 563
570 571 577
495 570 577
578 577 571
578 495 577
578 470 495
579 578 571
462 470 578
462 578 579
462 579 447
575 580 572
573 572 580
573 581 447
573 580 581
582 580 575
581 580 582
447 581 583
447 583 584
583 585 584
586 581 582
586 583 581
583 587 585
587 583 586
582 575 588
586 582 588
589 585 587
589 438 585
589 590 438
589 591 590
592 590 591
592 591 593
593 432 592
593 594 432
595 591 589
595 593 591
596 594 593
595 596 593
597 596 595
596 598 594
595 589 599
599 589 587
599 597 595
600 598 596
597 600 596
600 601 598
602 601 600
602 600 603
597 603 600
603 604 602
599 587 605
587 586 605
605 586 606
586 588 606
607 599 605
605 606 607
599 608 597
607 608 599
609 597 608
607 609 608
597 610 603
609 610 597
603 611 604
612 604 611
603 610 613
611 603 613
612 611 614
614 615 612
616 606 588
616 588 575
606 617 607
607 617 609
618 610 609
618 613 610
619 613 618
611 613 620
614 611 620
619 620 613
609 621 618
609 617 621
621 619 618
606 622 617
616 622 606
617 622 621
621 622 623
622 616 623
616 575 624
575 576 624
625 616 624
625 624 576
625 623 616
625 576 626
626 576 563
621 627 619
623 627 621
628 625 626
623 625 628
629 627 623
619 627 629
626 563 630
563 551 630
631 626 630
551 631 630
628 626 632
631 632 626
623 628 633
629 623 633
634 633 628
634 629 633
551 635 631
554 635 551
636 635 554
636 631 635
636 554 561
637 632 631
636 637 631
632 638 628
634 628 638
639 636 561
555 639 561
632 640 638
637 640 632
636 641 637
639 641 636
639 555 642
557 642 555
634 638 643
643 638 640
640 637 644
641 644 637
640 644 645
643 640 645
646 645 644
641 646 644
641 639 647
639 642 647
648 642 557
648 557 649
643 645 650
646 650 645
641 651 646
641 647 651
647 642 652
652 642 648
651 647 653
646 651 653
653 647 652
654 648 649
654 649 655
654 655 656
657 652 648
657 648 654
658 652 657
658 653 652
646 653 659
659 650 646
660 657 654
660 658 657
654 656 661
660 654 661
653 662 659
653 658 662
659 663 650
662 663 659
664 661 656
664 656 665
664 665 666
667 660 661
667 661 664
664 666 668
668 666 669
670 650 663
643 650 670
664 671 667
664 668 671
672 643 670
634 643 672
672 673 634
634 673 629
673 674 629
619 629 674
675 619 674
675 620 619
614 620 675
673 676 674
676 675 674
672 677 673
676 673 677
672 670 678
677 672 678
679 614 675
614 679 615
679 675 680
676 680 675
681 615 679
681 679 680
681 682 615
676 683 680
681 680 683
682 681 684
681 683 684
682 684 685
676 677 686
676 686 683
687 686 677
677 678 687
688 683 686
687 688 686
685 684 689
685 689 690
689 691 690
684 683 692
688 692 683
684 692 693
693 692 688
684 693 689
689 693 694
693 688 695
695 688 687
695 694 693
689 696 691
689 694 696
697 691 696
694 697 696
697 698 691
699 698 697
695 687 700
695 701 694
700 701 695
687 702 700
687 678 702
678 703 702
678 670 703
670 663 703
700 702 704
703 704 702
705 703 663
662 705 663
700 706 701
700 704 706
705 707 703
703 707 704
705 708 707
704 707 708
662 709 705
705 709 708
706 704 710
704 708 710
711 701 706
706 710 711
662 712 709
658 712 662
711 713 701
694 701 713
658 714 712
660 714 658
715 714 660
715 660 667
714 716 712
714 715 716
715 717 716
667 718 715
715 718 717
667 671 718
712 716 719
719 716 717
712 719 709
718 671 720
668 720 671
721 709 719
721 708 709
719 717 722
722 721 719
718 720 723
717 718 723
668 724 720
668 669 724
669 725 724
669 726 725
724 725 727
724 727 720
720 727 728
720 728 723
723 728 729
723 729 730
717 723 730
730 729 731
717 730 732
730 731 732
717 732 722
731 733 732
733 722 732
731 734 733
735 733 734
733 736 722
722 736 721
735 737 733
737 736 733
738 721 736
737 738 736
735 739 737
739 738 737
735 740 739
738 741 721
708 721 741
708 741 710
740 742 739
740 743 742
739 744 738
741 738 744
742 744 739
710 741 745
741 744 745
710 745 711
743 746 742
743 747 746
748 746 747
742 749 744
745 744 749
746 749 742
711 745 750
745 749 750
711 750 713
749 751 750
713 750 751
746 752 749
749 752 751
748 753 746
753 752 746
713 751 754
694 713 754
694 754 697
755 754 751
755 697 754
755 751 752
699 697 755
755 752 756
756 699 755
753 756 752
756 757 699
758 757 756
758 756 753
748 758 753
748 759 758
