byte offset: 0
first index: 46662
index count: 9492
topology: trianglelist
format: DXGI_FORMAT_R16_UINT

11819 11820 11821
11822 11819 11823
11822 11823 11824
11822 11824 11825
11826 11822 11825
11826 11825 11827
11826 11827 11828
11829 11830 11831
11832 11833 11834
11835 11836 11837
11838 11839 11840
11841 11842 11843
11844 11845 11846
11847 11848 11849
11850 11851 11852
11853 11854 11855
11856 11857 11858
11859 11860 11861
11862 11863 11864
11865 11866 11867
11865 11868 11866
11869 11868 11865
11869 11870 11868
11871 11870 11869
11871 11872 11870
11873 11872 11871
11873 11874 11872
11875 11876 11877
11875 11877 11878
11878 11877 11879
11880 11875 11878
11880 11881 11875
11882 11880 11878
11878 11879 11883
11882 11878 11883
11883 11879 11884
11885 11882 11883
11883 11884 11886
11885 11883 11886
11886 11884 11887
11888 11885 11886
11886 11887 11889
11888 11886 11889
11890 11891 11892
11890 11892 11893
11894 11890 11893
11894 11893 11895
11896 11894 11895
11896 11895 11897
11898 11896 11897
11898 11897 11899
11900 11901 11902
11900 11902 11903
11904 11900 11903
11904 11903 11905
11906 11904 11905
11906 11905 11907
11908 11906 11907
11908 11907 11909
11910 11911 11912
11910 11913 11911
11913 11914 11911
11915 11913 11910
11915 11910 11916
11917 11913 11915
11913 11918 11914
11917 11918 11913
11918 11919 11914
11920 11918 11917
11918 11921 11919
11920 11921 11918
11921 11922 11919
11923 11921 11920
11921 11924 11922
11923 11924 11921
11925 11926 11927
11925 11928 11926
11929 11928 11925
11929 11930 11928
11931 11930 11929
11931 11932 11930
11933 11932 11931
11933 11934 11932
11935 11936 11937
11935 11937 11938
11939 11940 11941
11939 11941 11942
11943 11944 11945
11943 11945 11946
11947 11943 11946
11945 11948 11946
11945 11949 11948
11947 11946 11950
11951 11947 11950
11946 11948 11952
11946 11952 11950
11951 11950 11953
11954 11951 11953
11950 11952 11955
11950 11955 11953
11954 11953 11956
11957 11954 11956
11953 11955 11958
11953 11958 11956
11957 11956 11959
11960 11957 11959
11956 11958 11961
11956 11961 11959
11960 11959 11962
11963 11960 11962
11959 11961 11964
11959 11964 11962
11963 11962 11965
11966 11963 11965
11966 11965 11967
11965 11968 11967
11962 11969 11965
11962 11964 11969
11965 11969 11968
11958 11955 11970
11961 11958 11971
11958 11970 11971
11964 11961 11972
11961 11971 11972
11969 11964 11973
11964 11972 11973
11968 11969 11974
11969 11973 11974
11955 11975 11970
11955 11952 11975
11952 11976 11975
11952 11948 11976
11948 11977 11976
11948 11949 11977
11976 11977 11978
11976 11978 11979
11975 11976 11979
11975 11979 11980
11970 11975 11980
11970 11980 11981
11971 11970 11981
11971 11981 11982
11972 11971 11982
11972 11982 11983
11973 11972 11983
11973 11983 11984
11974 11973 11984
11974 11984 11985
11986 11974 11985
11986 11985 11987
11968 11974 11986
11988 11989 11968
11990 11989 11988
11990 11988 11991
11988 11968 11992
11992 11968 11993
11991 11988 11994
11994 11988 11992
11991 11994 11995
11995 11994 11996
11995 11996 11997
11994 11992 11998
11996 11994 11998
11992 11993 11999
11998 11992 11999
11997 11996 12000
11997 12000 12001
11993 12002 11999
11993 12003 12002
11999 12002 12004
11999 12004 12005
11998 11999 12005
12005 12004 12006
11996 11998 12007
12007 11998 12005
12000 11996 12007
12005 12006 12008
12007 12005 12008
12008 12006 12009
12001 12000 12010
12001 12010 12011
12000 12007 12012
12012 12007 12008
12010 12000 12012
12008 12009 12013
12012 12008 12013
12013 12009 12014
12011 12010 12015
12011 12015 12016
12010 12012 12017
12017 12012 12013
12015 12010 12017
12013 12014 12018
12017 12013 12018
12018 12014 12019
12016 12015 12020
12016 12020 12021
12015 12017 12022
12022 12017 12018
12020 12015 12022
12018 12019 12023
12022 12018 12023
12023 12019 12024
12021 12020 12025
12021 12025 12026
12020 12022 12027
12025 12020 12027
12027 12022 12023
12025 12027 11949
12023 12024 12028
12027 12023 12028
11949 12027 12028
12028 12024 12029
11949 12028 12030
12028 12029 12030
12031 12032 12033
12031 12034 12032
12034 12035 12032
12036 12034 12031
12034 12037 12035
12036 12038 12034
12038 12037 12034
12039 12038 12036
12038 12040 12037
12039 12041 12038
12041 12040 12038
12042 12041 12039
12041 12043 12040
12042 12044 12041
12044 12043 12041
12045 12044 12042
12044 12046 12043
12045 12047 12044
12047 12046 12044
12047 12048 12046
12049 12050 12051
12049 12051 12052
12052 12051 12053
12052 12053 12054
12054 12053 12055
12054 12055 12056
12056 12055 12057
12056 12057 12058
12058 12057 12059
12058 12059 12060
12061 12062 12063
12061 12064 12062
12064 12065 12062
12064 12066 12065
12066 12067 12065
12066 12068 12067
12068 12069 12067
12068 12070 12069
12070 12071 12069
12070 12072 12071
12073 12074 12075
12073 12075 12076
12076 12075 12077
12078 12073 12076
12076 12077 12079
12078 12076 12080
12080 12076 12079
12081 12078 12080
12080 12079 12082
12081 12080 12083
12083 12080 12082
12084 12081 12083
12083 12082 12085
12084 12083 12086
12086 12083 12085
12087 12084 12086
12086 12085 12088
12087 12086 12089
12089 12086 12088
12089 12088 12090
12091 12092 12093
12091 12094 12092
12094 12095 12092
12094 12096 12095
12096 12097 12095
12096 12098 12097
12098 12099 12097
12098 12100 12099
12100 12101 12099
12100 12102 12101
12103 12104 12105
12103 12105 12106
12106 12105 12107
12106 12107 12108
12108 12107 12109
12108 12109 12110
12110 12109 12111
12110 12111 12112
12112 12111 12113
12112 12113 12114
12115 12116 12117
12115 12117 12118
12119 12115 12118
12119 12118 12120
12121 12119 12120
12121 12120 12122
12123 12121 12122
12123 12122 12124
12125 12126 12127
12125 12128 12126
12128 12129 12126
12130 12128 12125
12130 12125 12131
12132 12128 12130
12128 12133 12129
12132 12133 12128
12133 12134 12129
12135 12133 12132
12133 12136 12134
12135 12136 12133
12136 12137 12134
12138 12136 12135
12136 12139 12137
12138 12139 12136
12140 12141 12142
12140 12143 12141
12144 12143 12140
12144 12145 12143
12146 12145 12144
12146 12147 12145
12148 12147 12146
12148 12149 12147
12150 12151 12152
12150 12153 12151
12154 12153 12150
12154 12155 12153
12156 12155 12154
12156 12157 12155
12158 12157 12156
12158 12159 12157
12160 12161 12162
12160 12162 12163
12163 12162 12164
12165 12160 12163
12165 12166 12160
12167 12165 12163
12163 12164 12168
12167 12163 12168
12168 12164 12169
12170 12167 12168
12168 12169 12171
12170 12168 12171
12171 12169 12172
12173 12170 12171
12171 12172 12174
12173 12171 12174
12175 12176 12177
12175 12177 12178
12179 12175 12178
12179 12178 12180
12181 12179 12180
12181 12180 12182
12183 12181 12182
12183 12182 12184
12185 12186 12187
12185 12187 12188
12189 12190 12191
12189 12191 12192
12193 12194 12195
12193 12196 12194
12197 12196 12193
12194 12196 12198
12194 12198 12199
12197 12200 12196
12201 12200 12197
12196 12202 12198
12196 12200 12202
12201 12203 12200
12204 12203 12201
12200 12205 12202
12200 12203 12205
12204 12206 12203
12207 12206 12204
12203 12208 12205
12203 12206 12208
12207 12209 12206
12210 12209 12207
12206 12211 12208
12206 12209 12211
12210 12212 12209
12213 12212 12210
12209 12214 12211
12209 12212 12214
12213 12215 12212
12216 12215 12213
12216 12217 12215
12215 12217 12218
12212 12215 12219
12212 12219 12214
12215 12218 12219
12208 12220 12205
12211 12221 12208
12208 12221 12220
12214 12222 12211
12211 12222 12221
12219 12223 12214
12214 12223 12222
12218 12224 12219
12219 12224 12223
12205 12220 12225
12205 12225 12202
12202 12225 12226
12202 12226 12198
12198 12226 12227
12198 12227 12199
12226 12228 12227
12226 12229 12228
12225 12229 12226
12225 12230 12229
12220 12230 12225
12220 12231 12230
12221 12231 12220
12221 12232 12231
12222 12232 12221
12222 12233 12232
12223 12233 12222
12223 12234 12233
12224 12234 12223
12224 12235 12234
12236 12235 12224
12236 12237 12235
12218 12236 12224
12238 12218 12239
12240 12238 12239
12240 12241 12238
12238 12242 12218
12242 12243 12218
12241 12244 12238
12244 12242 12238
12241 12245 12244
12245 12246 12244
12245 12247 12246
12244 12248 12242
12246 12248 12244
12242 12249 12243
12248 12249 12242
12247 12250 12246
12247 12251 12250
12243 12249 12252
12243 12252 12253
12249 12254 12252
12249 12255 12254
12248 12255 12249
12255 12256 12254
12246 12257 12248
12257 12255 12248
12250 12257 12246
12255 12258 12256
12257 12258 12255
12258 12259 12256
12251 12260 12250
12251 12261 12260
12250 12262 12257
12262 12258 12257
12260 12262 12250
12258 12263 12259
12262 12263 12258
12263 12264 12259
12261 12265 12260
12261 12266 12265
12260 12267 12262
12267 12263 12262
12265 12267 12260
12263 12268 12264
12267 12268 12263
12268 12269 12264
12266 12270 12265
12266 12271 12270
12265 12272 12267
12272 12268 12267
12270 12272 12265
12268 12273 12269
12272 12273 12268
12273 12274 12269
12271 12275 12270
12271 12276 12275
12270 12277 12272
12275 12277 12270
12277 12273 12272
12275 12199 12277
12273 12278 12274
12277 12278 12273
12199 12278 12277
12278 12279 12274
12199 12280 12278
12278 12280 12279
12281 12282 12283
12281 12283 12284
12284 12283 12285
12286 12281 12284
12284 12285 12287
12286 12284 12288
12288 12284 12287
12289 12286 12288
12288 12287 12290
12289 12288 12291
12291 12288 12290
12292 12289 12291
12291 12290 12293
12292 12291 12294
12294 12291 12293
12295 12292 12294
12294 12293 12296
12295 12294 12297
12297 12294 12296
12297 12296 12298
12299 12300 12301
12299 12302 12300
12302 12303 12300
12302 12304 12303
12304 12305 12303
12304 12306 12305
12306 12307 12305
12306 12308 12307
12308 12309 12307
12308 12310 12309
12311 12312 12313
12311 12313 12314
12314 12313 12315
12314 12315 12316
12316 12315 12317
12316 12317 12318
12318 12317 12319
12318 12319 12320
12320 12319 12321
12320 12321 12322
12323 12324 12325
12323 12326 12324
12326 12327 12324
12328 12326 12323
12326 12329 12327
12328 12330 12326
12330 12329 12326
12331 12330 12328
12330 12332 12329
12331 12333 12330
12333 12332 12330
12334 12333 12331
12333 12335 12332
12334 12336 12333
12336 12335 12333
12337 12336 12334
12336 12338 12335
12337 12339 12336
12339 12338 12336
12339 12340 12338
12341 12342 12343
12341 12343 12344
12344 12343 12345
12344 12345 12346
12346 12345 12347
12346 12347 12348
12348 12347 12349
12348 12349 12350
12350 12349 12351
12350 12351 12352
12353 12354 12355
12353 12356 12354
12356 12357 12354
12356 12358 12357
12358 12359 12357
12358 12360 12359
12360 12361 12359
12360 12362 12361
12362 12363 12361
12362 12364 12363
12365 12366 12367
12365 12368 12366
12368 12369 12366
12368 12370 12369
12370 12371 12369
12370 12372 12371
12373 12374 12375
12373 12375 12376
12377 12378 12379
12377 12379 12380
12381 12382 12383
12381 12383 12384
12385 12386 12387
12385 12387 12388
12389 12390 12391
12389 12391 12392
12392 12393 12389
12394 12393 12392
12394 12392 12395
12396 12397 12398
12399 12397 12396
12399 12396 12400
12401 12399 12400
12401 12402 12399
12403 12402 12401
12403 12404 12402
12403 12405 12404
12403 12406 12405
12407 12405 12406
12408 12409 12410
12408 12411 12409
12408 12412 12411
12413 12411 12412
12414 12415 12416
12414 12416 12417
12418 12417 12416
12418 12416 12419
12420 12421 12422
12420 12423 12421
12424 12421 12423
12424 12425 12421
12426 12427 12428
12427 12429 12428
12429 12427 12430
12429 12430 12431
12432 12433 12434
12435 12432 12434
12435 12436 12432
12437 12436 12435
12437 12435 12438
12439 12437 12438
12439 12438 12440
12439 12440 12441
12439 12441 12442
12443 12442 12441
12444 12445 12446
12444 12446 12447
12444 12447 12448
12449 12448 12447
12450 12451 12452
12450 12453 12451
12454 12451 12453
12454 12455 12451
12456 12457 12458
12456 12458 12459
12460 12459 12458
12460 12458 12461
12462 12463 12464
12464 12463 12465
12465 12466 12464
12465 12467 12466
12468 12469 12470
12468 12471 12469
12472 12471 12468
12472 12473 12471
12474 12473 12472
12474 12475 12473
12476 12475 12474
12476 12477 12475
12478 12477 12476
12478 12479 12477
12480 12479 12478
12480 12481 12479
12482 12483 12484
12482 12484 12485
12485 12484 12486
12485 12486 12487
12487 12486 12488
12487 12488 12489
12489 12488 12490
12489 12490 12491
12491 12490 12492
12491 12492 12493
12493 12492 12494
12493 12494 12495
12496 12497 12498
12498 12497 12499
12499 12497 12500
12500 12497 12501
12501 12497 12502
12502 12497 12503
12503 12497 12504
12504 12497 12505
12505 12497 12506
12506 12497 12507
12508 12509 12510
12511 12509 12508
12512 12509 12511
12513 12509 12512
12514 12509 12513
12515 12509 12514
12516 12509 12515
12517 12509 12516
12518 12509 12517
12519 12509 12518
12520 12521 12522
12520 12522 12523
12523 12522 12524
12523 12524 12525
12525 12524 12526
12525 12526 12527
12528 12523 12525
12528 12525 12527
12528 12529 12523
12523 12529 12530
12523 12530 12520
12528 12527 12531
12532 12520 12530
12533 12531 12527
12533 12534 12531
12533 12535 12534
12527 12535 12533
12527 12536 12535
12532 12537 12520
12537 12538 12520
12537 12539 12538
12532 12540 12537
12540 12539 12537
12532 12541 12540
12540 12542 12539
12541 12543 12540
12543 12542 12540
12541 12544 12543
12543 12545 12542
12544 12546 12543
12546 12545 12543
12546 12547 12545
12548 12549 12550
12548 12551 12549
12552 12551 12548
12552 12553 12551
12554 12553 12552
12554 12555 12553
12556 12555 12554
12556 12557 12555
12558 12559 12556
12558 12560 12559
12561 12560 12558
12561 12562 12560
12563 12562 12561
12563 12564 12562
12565 12566 12567
12568 12565 12567
12568 12567 12569
12570 12568 12569
12570 12569 12571
12572 12570 12571
12572 12573 12570
12572 12574 12573
12572 12575 12574
12575 12576 12574
12575 12577 12576
12577 12578 12576
12577 12579 12578
12579 12580 12578
12581 12582 12583
12582 12584 12583
12582 12585 12584
12585 12586 12584
12585 12587 12586
12587 12588 12586
12587 12589 12588
12589 12590 12588
12589 12591 12590
12591 12592 12590
12591 12593 12592
12593 12594 12592
12593 12595 12594
12594 12596 12592
12594 12597 12596
12598 12596 12599
12598 12599 12600
12600 12599 12601
12600 12601 12602
12602 12601 12603
12602 12603 12604
12604 12603 12605
12604 12605 12606
12606 12605 12607
12606 12607 12608
12609 12608 12607
12610 12611 12612
12611 12613 12612
12611 12614 12613
12614 12615 12613
12614 12616 12615
12616 12617 12615
12616 12618 12617
12618 12619 12617
12618 12620 12619
12620 12621 12619
12620 12622 12621
12622 12623 12624
12622 12624 12625
12624 12626 12625
12624 12627 12626
12625 12626 12628
12625 12628 12629
12629 12628 12630
12629 12630 12631
12631 12630 12632
12631 12632 12633
12633 12632 12634
12633 12634 12635
12635 12634 12636
12635 12636 12637
12638 12637 12636
12639 12640 12641
12639 12642 12640
12643 12640 12642
12643 12642 12644
12645 12643 12644
12645 12644 12646
12647 12645 12646
12647 12646 12648
12649 12650 12651
12649 12651 12652
12653 12649 12652
12653 12652 12654
12655 12656 12657
12655 12658 12656
12658 12659 12656
12658 12660 12659
12661 12662 12663
12661 12664 12662
12665 12662 12664
12665 12664 12666
12667 12665 12666
12667 12666 12668
12669 12667 12668
12669 12668 12670
12671 12672 12673
12671 12674 12672
12675 12672 12674
12675 12674 12676
12677 12675 12676
12677 12676 12678
12679 12677 12678
12679 12678 12680
12681 12679 12680
12681 12680 12682
12683 12684 12685
12683 12686 12684
12686 12687 12684
12686 12688 12687
12689 12690 12691
12689 12691 12692
12693 12689 12692
12693 12692 12694
12695 12696 12697
12695 12698 12696
12699 12696 12698
12699 12698 12700
12701 12699 12700
12701 12700 12702
12703 12701 12702
12703 12702 12704
12705 12703 12704
12705 12704 12706
12707 12708 12709
12707 12709 12710
12711 12712 12713
12711 12713 12714
12715 12716 12717
12715 12717 12718
12719 12720 12721
12719 12721 12722
12723 12724 12725
12723 12726 12724
12727 12724 12726
12727 12726 12728
12729 12730 12731
12730 12732 12731
12732 12733 12731
12732 12734 12733
12732 12735 12734
12736 12737 12738
12739 12736 12738
12739 12738 12740
12741 12739 12740
12741 12742 12739
12743 12744 12745
12744 12746 12745
12746 12747 12745
12746 12748 12747
12746 12749 12748
12750 12751 12752
12753 12750 12752
12753 12752 12754
12755 12753 12754
12755 12756 12753
12757 12758 12759
12757 12759 12760
12761 12757 12760
12762 12763 12764
12762 12765 12763
12765 12766 12763
12767 12768 12769
12767 12769 12770
12771 12767 12770
12772 12773 12774
12772 12775 12773
12775 12776 12773
12777 12778 12779
12780 12779 12778
12780 12778 12781
12782 12780 12781
12781 12783 12782
12781 12784 12783
12785 12783 12784
12785 12786 12783
12787 12788 12786
12787 12789 12788
12790 12791 12792
12791 12793 12792
12791 12794 12793
12794 12795 12793
12794 12796 12795
12794 12797 12796
12798 12796 12797
12798 12799 12796
12798 12800 12799
12798 12801 12800
12802 12803 12804
12802 12805 12803
12803 12805 12806
12803 12806 12807
12806 12808 12807
12806 12809 12808
12808 12809 12810
12811 12812 12810
12812 12813 12810
12812 12814 12813
12815 12816 12817
12815 12818 12816
12816 12818 12819
12816 12819 12820
12819 12821 12820
12819 12822 12821
12821 12822 12823
12822 12824 12823
12824 12825 12823
12824 12826 12825
12827 12828 12829
12830 12827 12829
12830 12829 12831
12832 12830 12831
12832 12831 12833
12834 12832 12833
12834 12835 12832
12836 12835 12834
12836 12837 12835
12838 12837 12836
12838 12836 12839
12840 12838 12839
12840 12839 12841
12842 12840 12841
12843 12844 12845
12843 12846 12844
12843 12847 12846
12847 12848 12846
12847 12849 12848
12850 12848 12849
12850 12851 12848
12851 12850 12852
12851 12852 12853
12852 12854 12853
12852 12855 12854
12856 12854 12855
12856 12855 12857
12858 12856 12857
12859 12860 12861
12859 12862 12860
12859 12863 12862
12859 12864 12863
12863 12864 12865
12866 12863 12865
12860 12862 12867
12860 12867 12868
12867 12869 12868
12867 12870 12869
12870 12871 12869
12870 12872 12871
12872 12873 12871
12872 12874 12873
12866 12865 12875
12876 12866 12875
12876 12875 12877
12878 12876 12877
12879 12878 12877
12875 12880 12881
12875 12881 12882
12882 12881 12883
12884 12882 12883
12885 12880 12875
12885 12886 12880
12887 12886 12885
12887 12888 12886
12887 12889 12888
12889 12890 12888
12889 12891 12890
12892 12888 12890
12892 12890 12893
12894 12892 12893
12894 12893 12895
12896 12894 12895
12896 12895 12897
12898 12896 12897
12898 12899 12896
12900 12901 12902
12900 12903 12901
12901 12903 12904
12901 12904 12905
12904 12906 12905
12904 12907 12906
12907 12908 12906
12907 12909 12908
12908 12909 12910
12908 12910 12911
12912 12913 12914
12912 12915 12913
12913 12915 12916
12913 12916 12917
12916 12918 12917
12916 12919 12918
12919 12920 12918
12919 12921 12920
12921 12922 12920
12921 12923 12922
12924 12925 12926
12924 12926 12927
12924 12927 12928
12924 12928 12929
12930 12929 12928
12930 12928 12931
12932 12930 12931
12932 12931 12933
12934 12935 12936
12934 12936 12937
12938 12939 12940
12938 12940 12941
12942 12938 12941
12942 12943 12938
12944 12943 12942
12944 12945 12943
12946 12945 12944
12946 12944 12947
12948 12946 12947
12948 12947 12949
12950 12948 12949
12950 12949 12951
12952 12950 12951
12952 12953 12950
12954 12953 12952
12954 12952 12955
12956 12954 12955
12956 12957 12954
12958 12959 12960
12958 12960 12961
12960 12962 12961
12960 12963 12962
12963 12964 12962
12963 12965 12964
12966 12967 12968
12966 12968 12969
12970 12971 12972
12970 12972 12973
12974 12970 12973
12974 12973 12975
12976 12974 12975
12976 12977 12974
12977 12976 12978
12977 12978 12979
12979 12978 12980
12979 12980 12981
12979 12981 12982
12979 12982 12983
12984 12983 12982
12985 12983 12984
12985 12984 12986
12987 12985 12986
12987 12986 12988
12989 12987 12988
12989 12988 12990
12991 12989 12990
12992 12984 12982
12992 12982 12993
12992 12993 12994
12992 12994 12995
12996 12992 12995
12996 12997 12992
12998 12997 12996
12998 12996 12999
13000 12998 12999
13000 12999 13001
13002 13003 13004
13002 13005 13003
13006 13005 13002
13006 13002 13007
13008 13009 13010
13008 13010 13011
13011 13010 13012
13011 13012 13013
13014 13013 13012
13014 13012 13015
13016 13014 13015
13016 13015 13017
13018 13019 13020
13018 13020 13021
13022 13023 13024
13023 13025 13024
13026 13027 13028
13026 13028 13029
13030 13031 13032
13030 13032 13033
13034 13035 13036
13034 13036 13037
13038 13039 13040
13038 13040 13041
13042 13043 13044
13044 13043 13045
13045 13043 13046
13046 13043 13047
13047 13043 13048
13048 13043 13049
13049 13043 13050
13050 13043 13051
13052 13053 13054
13054 13053 13055
13055 13053 13056
13056 13053 13057
13057 13053 13058
13058 13053 13059
13059 13053 13060
13060 13053 13061
13062 13063 13064
13062 13064 13065
13062 13065 13066
13067 13062 13066
13066 13065 13068
13067 13066 13069
13066 13068 13069
13068 13070 13069
13069 13070 13071
13072 13067 13069
13069 13071 13073
13072 13069 13073
13073 13071 13074
13073 13074 13075
13076 13072 13073
13076 13073 13075
13075 13077 13076
13078 13077 13075
13078 13075 13079
13080 13078 13079
13080 13079 13081
13082 13080 13081
13082 13081 13083
13084 13082 13083
13085 13072 13086
13085 13086 13087
13088 13072 13085
13088 13089 13072
13085 13087 13090
13090 13087 13091
13090 13092 13085
13090 13091 13093
13092 13094 13085
13094 13088 13085
13091 13095 13093
13091 13096 13095
13096 13097 13095
13096 13098 13097
13098 13099 13097
13094 13100 13088
13100 13101 13088
13101 13102 13088
13102 13089 13088
13101 13103 13102
13104 13089 13102
13103 13104 13102
13103 13105 13104
13105 13106 13104
13107 13108 13109
13107 13110 13108
13111 13110 13107
13111 13112 13110
13113 13112 13111
13113 13114 13112
13115 13114 13113
13115 13116 13114
13117 13116 13115
13117 13118 13116
13119 13118 13117
13119 13120 13118
13121 13120 13119
13121 13122 13120
13123 13122 13121
13123 13124 13122
13125 13124 13123
13125 13126 13124
13127 13126 13125
13127 13128 13126
13129 13128 13127
13129 13130 13128
13131 13132 13133
13131 13134 13132
13135 13134 13131
13135 13136 13134
13137 13136 13135
13137 13138 13136
13139 13138 13137
13139 13140 13138
13141 13140 13139
13141 13142 13140
13143 13142 13141
13143 13144 13142
13145 13144 13143
13145 13146 13144
13147 13146 13145
13147 13148 13146
13149 13148 13147
13149 13150 13148
13151 13150 13149
13151 13152 13150
13153 13152 13151
13153 13154 13152
13155 13156 13157
13158 13155 13157
13158 13157 13159
13160 13158 13159
13160 13159 13161
13162 13160 13161
13162 13161 13163
13164 13162 13163
13164 13163 13165
13166 13164 13165
13166 13165 13167
13168 13166 13167
13168 13167 13169
13170 13168 13169
13170 13171 13168
13170 13172 13171
13170 13173 13172
13173 13174 13172
13173 13175 13174
13175 13176 13174
13177 13178 13179
13179 13178 13180
13180 13178 13181
13180 13181 13182
13181 13178 13183
13182 13181 13184
13184 13181 13185
13186 13181 13183
13185 13181 13186
13185 13186 13187
13187 13186 13188
13187 13188 13189
13189 13188 13190
13189 13190 13191
13192 13191 13190
13192 13190 13193
13192 13193 13194
13195 13196 13197
13198 13196 13195
13199 13196 13198
13199 13200 13196
13199 13198 13201
13202 13199 13201
13203 13199 13202
13199 13204 13200
13203 13204 13199
13205 13204 13203
13206 13204 13205
13206 13207 13204
13208 13207 13206
13208 13209 13207
13209 13208 13210
13209 13210 13211
13212 13211 13210
13213 13214 13215
13215 13214 13216
13216 13214 13217
13216 13217 13218
13217 13214 13219
13218 13217 13220
13220 13217 13221
13222 13217 13219
13221 13217 13222
13221 13222 13223
13223 13222 13224
13223 13224 13225
13225 13224 13226
13225 13226 13227
13228 13227 13226
13228 13226 13229
13228 13229 13230
13231 13232 13233
13234 13232 13231
13235 13232 13234
13235 13236 13232
13235 13234 13237
13238 13235 13237
13239 13235 13238
13235 13240 13236
13239 13240 13235
13241 13240 13239
13242 13240 13241
13242 13243 13240
13244 13243 13242
13244 13245 13243
13245 13244 13246
13245 13246 13247
13248 13247 13246
13249 13250 13251
13249 13252 13250
13253 13252 13249
13253 13249 13254
13255 13256 13257
13255 13258 13256
13256 13258 13259
13256 13259 13260
13261 13262 13263
13261 13264 13262
13264 13265 13262
13266 13264 13261
13266 13261 13267
13268 13264 13266
13264 13269 13265
13268 13269 13264
13269 13270 13265
13271 13269 13268
13269 13272 13270
13271 13272 13269
13272 13273 13270
13274 13272 13271
13272 13275 13273
13274 13275 13272
13275 13276 13273
13277 13275 13274
13275 13278 13276
13277 13278 13275
13278 13279 13276
13280 13278 13277
13278 13281 13279
13280 13281 13278
13282 13279 13281
13282 13281 13280
13283 13284 13285
13283 13286 13284
13287 13286 13283
13284 13286 13288
13284 13288 13289
13286 13290 13288
13287 13291 13286
13286 13291 13290
13292 13291 13287
13291 13293 13290
13292 13294 13291
13291 13294 13293
13295 13294 13292
13294 13296 13293
13295 13297 13294
13294 13297 13296
13298 13297 13295
13297 13299 13296
13298 13300 13297
13297 13300 13299
13301 13300 13298
13300 13302 13299
13301 13303 13300
13300 13303 13302
13304 13303 13301
13304 13302 13303
13305 13306 13307
13306 13308 13307
13308 13309 13307
13308 13310 13309
13309 13311 13307
13310 13312 13309
13312 13313 13309
13314 13311 13309
13313 13314 13309
13313 13315 13314
13315 13316 13314
13315 13317 13316
13317 13318 13316
13317 13319 13318
13320 13318 13319
13320 13321 13318
13320 13322 13321
13323 13324 13325
13326 13323 13325
13327 13326 13325
13327 13325 13328
13327 13329 13326
13330 13329 13327
13331 13330 13327
13327 13328 13332
13331 13327 13332
13333 13331 13332
13334 13333 13332
13334 13332 13335
13336 13334 13335
13336 13335 13337
13337 13338 13336
13337 13339 13338
13340 13338 13339
13341 13342 13343
13342 13344 13343
13344 13345 13343
13344 13346 13345
13345 13347 13343
13346 13348 13345
13348 13349 13345
13350 13347 13345
13349 13350 13345
13349 13351 13350
13351 13352 13350
13351 13353 13352
13353 13354 13352
13353 13355 13354
13356 13354 13355
13356 13357 13354
13356 13358 13357
13359 13360 13361
13362 13359 13361
13363 13362 13361
13363 13361 13364
13363 13365 13362
13366 13365 13363
13367 13366 13363
13363 13364 13368
13367 13363 13368
13369 13367 13368
13370 13369 13368
13370 13368 13371
13372 13370 13371
13372 13371 13373
13373 13374 13372
13373 13375 13374
13376 13374 13375
13377 13378 13379
13377 13379 13380
13381 13377 13380
13381 13382 13377
13383 13384 13385
13383 13385 13386
13385 13387 13386
13385 13388 13387
13389 13390 13391
13389 13391 13392
13392 13391 13393
13394 13389 13392
13394 13395 13389
13396 13394 13392
13392 13393 13397
13396 13392 13397
13397 13393 13398
13399 13396 13397
13397 13398 13400
13399 13397 13400
13400 13398 13401
13402 13399 13400
13400 13401 13403
13402 13400 13403
13403 13401 13404
13405 13402 13403
13403 13404 13406
13405 13403 13406
13406 13404 13407
13408 13405 13406
13406 13407 13409
13408 13406 13409
13410 13409 13407
13410 13408 13409
13411 13412 13413
13411 13413 13414
13415 13411 13414
13413 13416 13414
13413 13417 13416
13414 13416 13418
13415 13414 13419
13414 13418 13419
13420 13415 13419
13419 13418 13421
13420 13419 13422
13419 13421 13422
13423 13420 13422
13422 13421 13424
13423 13422 13425
13422 13424 13425
13426 13423 13425
13425 13424 13427
13426 13425 13428
13425 13427 13428
13429 13426 13428
13428 13427 13430
13429 13428 13431
13428 13430 13431
13432 13429 13431
13432 13431 13430
13433 13434 13435
13436 13433 13435
13436 13435 13437
13438 13436 13437
13438 13437 13439
13440 13438 13439
13440 13439 13441
13440 13441 13442
13440 13442 13443
13442 13444 13443
13445 13446 13447
13445 13447 13448
13449 13445 13448
13450 13445 13449
13449 13451 13450
13451 13452 13450
13451 13453 13452
13452 13453 13454
13452 13454 13455
13454 13456 13455
13450 13452 13457
13457 13452 13455
13450 13457 13458
13457 13455 13459
13450 13458 13460
13460 13445 13450
13455 13461 13459
13456 13462 13455
13455 13462 13461
13456 13463 13462
13463 13464 13462
13460 13465 13445
13460 13466 13465
13445 13465 13446
13461 13462 13467
13467 13462 13464
13461 13467 13468
13467 13464 13469
13470 13465 13466
13446 13465 13470
13470 13466 13471
13472 13470 13471
13446 13470 13473
13473 13470 13472
13472 13471 13474
13473 13472 13475
13476 13472 13474
13472 13477 13475
13468 13467 13478
13478 13467 13469
13468 13478 13479
13478 13469 13480
13481 13479 13478
13481 13478 13480
13481 13482 13479
13481 13483 13482
13481 13480 13484
13484 13483 13481
13483 13485 13482
13484 13486 13483
13483 13487 13485
13483 13486 13488
13483 13489 13487
13483 13488 13489
13489 13476 13487
13488 13477 13489
13489 13490 13476
13489 13477 13490
13490 13472 13476
13472 13490 13477
13491 13492 13493
13491 13494 13492
13495 13494 13491
13496 13495 13491
13495 13496 13497
13497 13496 13498
13497 13498 13499
13498 13500 13499
13498 13501 13500
13500 13501 13502
13496 13503 13498
13503 13501 13498
13496 13504 13503
13503 13505 13501
13496 13506 13504
13506 13496 13491
13501 13505 13507
13502 13501 13508
13501 13507 13508
13502 13508 13509
13509 13508 13510
13506 13491 13511
13506 13511 13512
13491 13493 13511
13507 13513 13508
13513 13510 13508
13507 13514 13513
13513 13515 13510
13516 13512 13511
13493 13516 13511
13516 13517 13512
13518 13517 13516
13493 13519 13516
13519 13518 13516
13518 13520 13517
13519 13521 13518
13522 13520 13518
13518 13521 13523
13514 13524 13513
13524 13515 13513
13514 13525 13524
13524 13526 13515
13527 13524 13525
13527 13526 13524
13527 13525 13528
13527 13528 13529
13527 13530 13526
13530 13527 13529
13529 13528 13531
13530 13529 13532
13529 13531 13533
13529 13534 13532
13529 13533 13535
13529 13535 13534
13534 13535 13523
13535 13533 13522
13535 13536 13523
13535 13522 13536
13518 13523 13536
13536 13522 13518
13537 13538 13539
13540 13539 13538
13537 13541 13538
13540 13538 13542
13543 13541 13537
13544 13540 13542
13543 13545 13541
13544 13542 13546
13547 13545 13543
13548 13544 13546
13547 13549 13545
13548 13546 13550
13551 13549 13547
13552 13548 13550
13551 13553 13549
13552 13550 13554
13555 13553 13551
13556 13552 13554
13555 13557 13553
13556 13554 13558
13559 13557 13555
13560 13556 13558
13559 13561 13557
13560 13558 13562
13563 13561 13559
13564 13560 13562
13563 13565 13561
13564 13562 13566
13567 13565 13563
13567 13564 13566
13567 13568 13565
13567 13566 13568
13569 13570 13571
13572 13571 13570
13569 13571 13573
13572 13574 13571
13575 13569 13573
13576 13574 13572
13575 13573 13577
13576 13578 13574
13579 13575 13577
13580 13578 13576
13579 13577 13581
13580 13582 13578
13583 13579 13581
13584 13582 13580
13583 13581 13585
13584 13586 13582
13587 13583 13585
13588 13586 13584
13587 13585 13589
13588 13590 13586
13591 13587 13589
13592 13590 13588
13591 13589 13593
13592 13594 13590
13595 13591 13593
13596 13594 13592
13595 13593 13597
13596 13598 13594
13599 13595 13597
13599 13598 13596
13599 13597 13600
13599 13600 13598
13601 13602 13603
13601 13603 13604
13605 13601 13604
13606 13601 13605
13605 13607 13606
13607 13608 13606
13607 13609 13608
13608 13609 13610
13608 13610 13611
13610 13612 13611
13606 13608 13613
13613 13608 13611
13606 13613 13614
13613 13611 13615
13606 13614 13616
13616 13601 13606
13611 13617 13615
13612 13618 13611
13611 13618 13617
13612 13619 13618
13619 13620 13618
13616 13621 13601
13616 13622 13621
13601 13621 13602
13617 13618 13623
13623 13618 13620
13617 13623 13624
13623 13620 13625
13626 13621 13622
13602 13621 13626
13626 13622 13627
13628 13626 13627
13602 13626 13629
13629 13626 13628
13628 13627 13630
13629 13628 13631
13632 13628 13630
13628 13633 13631
13624 13623 13634
13634 13623 13625
13624 13634 13635
13634 13625 13636
13637 13635 13634
13637 13634 13636
13637 13638 13635
13637 13639 13638
13637 13636 13640
13640 13639 13637
13639 13641 13638
13640 13642 13639
13639 13643 13641
13639 13642 13644
13639 13645 13643
13639 13644 13645
13645 13632 13643
13644 13633 13645
13645 13646 13632
13645 13633 13646
13646 13628 13632
13628 13646 13633
13647 13648 13649
13650 13648 13647
13647 13649 13651
13652 13650 13647
13650 13652 13653
13653 13652 13654
13653 13654 13655
13654 13656 13655
13654 13657 13656
13656 13657 13658
13652 13659 13654
13659 13657 13654
13652 13660 13659
13659 13661 13657
13652 13662 13660
13662 13652 13647
13657 13661 13663
13658 13657 13664
13657 13663 13664
13658 13664 13665
13665 13664 13666
13662 13647 13667
13662 13667 13668
13647 13651 13667
13663 13669 13664
13669 13666 13664
13663 13670 13669
13669 13671 13666
13672 13668 13667
13651 13672 13667
13672 13673 13668
13674 13673 13672
13651 13675 13672
13675 13674 13672
13674 13676 13673
13675 13677 13674
13678 13676 13674
13674 13677 13679
13670 13680 13669
13680 13671 13669
13670 13681 13680
13680 13682 13671
13683 13680 13681
13683 13682 13680
13683 13681 13684
13683 13684 13685
13683 13686 13682
13686 13683 13685
13685 13684 13687
13686 13685 13688
13685 13687 13689
13685 13690 13688
13685 13689 13691
13685 13691 13690
13690 13691 13679
13691 13689 13678
13691 13692 13679
13691 13678 13692
13674 13679 13692
13692 13678 13674
13693 13694 13695
13696 13693 13695
13693 13697 13694
13698 13693 13696
13696 13699 13698
13699 13700 13698
13699 13701 13700
13700 13701 13702
13700 13702 13703
13702 13704 13703
13698 13700 13705
13705 13700 13703
13698 13705 13706
13705 13703 13707
13698 13706 13708
13708 13693 13698
13703 13709 13707
13704 13710 13703
13703 13710 13709
13704 13711 13710
13711 13712 13710
13708 13713 13693
13708 13714 13713
13693 13713 13697
13709 13710 13715
13715 13710 13712
13709 13715 13716
13715 13712 13717
13718 13713 13714
13697 13713 13718
13718 13714 13719
13720 13718 13719
13697 13718 13721
13721 13718 13720
13720 13719 13722
13721 13720 13723
13724 13720 13722
13720 13725 13723
13716 13715 13726
13726 13715 13717
13716 13726 13727
13726 13717 13728
13729 13727 13726
13729 13726 13728
13729 13730 13727
13729 13731 13730
13729 13728 13732
13732 13731 13729
13731 13733 13730
13732 13734 13731
13731 13735 13733
13731 13734 13736
13731 13737 13735
13731 13736 13737
13737 13724 13735
13736 13725 13737
13737 13738 13724
13737 13725 13738
13738 13720 13724
13720 13738 13725
13739 13740 13741
13742 13740 13739
13739 13741 13743
13744 13742 13739
13742 13744 13745
13745 13744 13746
13745 13746 13747
13746 13748 13747
13746 13749 13748
13748 13749 13750
13744 13751 13746
13751 13749 13746
13744 13752 13751
13751 13753 13749
13744 13754 13752
13754 13744 13739
13749 13753 13755
13750 13749 13756
13749 13755 13756
13750 13756 13757
13757 13756 13758
13754 13739 13759
13754 13759 13760
13739 13743 13759
13755 13761 13756
13761 13758 13756
13755 13762 13761
13761 13763 13758
13764 13760 13759
13743 13764 13759
13764 13765 13760
13766 13765 13764
13743 13767 13764
13767 13766 13764
13766 13768 13765
13767 13769 13766
13770 13768 13766
13766 13769 13771
13762 13772 13761
13772 13763 13761
13762 13773 13772
13772 13774 13763
13775 13772 13773
13775 13774 13772
13775 13773 13776
13775 13776 13777
13775 13778 13774
13778 13775 13777
13777 13776 13779
13778 13777 13780
13777 13779 13781
13777 13782 13780
13777 13781 13783
13777 13783 13782
13782 13783 13771
13783 13781 13770
13783 13784 13771
13783 13770 13784
13766 13771 13784
13784 13770 13766
13785 13786 13787
13788 13785 13787
13785 13789 13786
13790 13785 13788
13788 13791 13790
13791 13792 13790
13791 13793 13792
13792 13793 13794
13792 13794 13795
13794 13796 13795
13790 13792 13797
13797 13792 13795
13790 13797 13798
13797 13795 13799
13790 13798 13800
13800 13785 13790
13795 13801 13799
13796 13802 13795
13795 13802 13801
13796 13803 13802
13803 13804 13802
13800 13805 13785
13800 13806 13805
13785 13805 13789
13801 13802 13807
13807 13802 13804
13801 13807 13808
13807 13804 13809
13810 13805 13806
13789 13805 13810
13810 13806 13811
13812 13810 13811
13789 13810 13813
13813 13810 13812
13812 13811 13814
13813 13812 13815
13816 13812 13814
13812 13817 13815
13808 13807 13818
13818 13807 13809
13808 13818 13819
13818 13809 13820
13821 13819 13818
13821 13818 13820
13821 13822 13819
13821 13823 13822
13821 13820 13824
13824 13823 13821
13823 13825 13822
13824 13826 13823
13823 13827 13825
13823 13826 13828
13823 13829 13827
13823 13828 13829
13829 13816 13827
13828 13817 13829
13829 13830 13816
13829 13817 13830
13830 13812 13816
13812 13830 13817
13831 13832 13833
13834 13832 13831
13831 13833 13835
13836 13834 13831
13834 13836 13837
13837 13836 13838
13837 13838 13839
13838 13840 13839
13838 13841 13840
13840 13841 13842
13836 13843 13838
13843 13841 13838
13836 13844 13843
13843 13845 13841
13836 13846 13844
13846 13836 13831
13841 13845 13847
13842 13841 13848
13841 13847 13848
13842 13848 13849
13849 13848 13850
13846 13831 13851
13846 13851 13852
13831 13835 13851
13847 13853 13848
13853 13850 13848
13847 13854 13853
13853 13855 13850
13856 13852 13851
13835 13856 13851
13856 13857 13852
13858 13857 13856
13835 13859 13856
13859 13858 13856
13858 13860 13857
13859 13861 13858
13862 13860 13858
13858 13861 13863
13854 13864 13853
13864 13855 13853
13854 13865 13864
13864 13866 13855
13867 13864 13865
13867 13866 13864
13867 13865 13868
13867 13868 13869
13867 13870 13866
13870 13867 13869
13869 13868 13871
13870 13869 13872
13869 13871 13873
13869 13874 13872
13869 13873 13875
13869 13875 13874
13874 13875 13863
13875 13873 13862
13875 13876 13863
13875 13862 13876
13858 13863 13876
13876 13862 13858
13877 13878 13879
13880 13877 13879
13877 13881 13878
13882 13877 13880
13880 13883 13882
13883 13884 13882
13883 13885 13884
13884 13885 13886
13884 13886 13887
13886 13888 13887
13882 13884 13889
13889 13884 13887
13882 13889 13890
13889 13887 13891
13882 13890 13892
13892 13877 13882
13887 13893 13891
13888 13894 13887
13887 13894 13893
13888 13895 13894
13895 13896 13894
13892 13897 13877
13892 13898 13897
13877 13897 13881
13893 13894 13899
13899 13894 13896
13893 13899 13900
13899 13896 13901
13902 13897 13898
13881 13897 13902
13902 13898 13903
13904 13902 13903
13881 13902 13905
13905 13902 13904
13904 13903 13906
13905 13904 13907
13908 13904 13906
13904 13909 13907
13900 13899 13910
13910 13899 13901
13900 13910 13911
13910 13901 13912
13913 13911 13910
13913 13910 13912
13913 13914 13911
13913 13915 13914
13913 13912 13916
13916 13915 13913
13915 13917 13914
13916 13918 13915
13915 13919 13917
13915 13918 13920
13915 13921 13919
13915 13920 13921
13921 13908 13919
13920 13909 13921
13921 13922 13908
13921 13909 13922
13922 13904 13908
13904 13922 13909
13923 13924 13925
13926 13923 13925
13923 13927 13924
13928 13923 13926
13926 13929 13928
13929 13930 13928
13929 13931 13930
13930 13931 13932
13930 13932 13933
13932 13934 13933
13928 13930 13935
13935 13930 13933
13928 13935 13936
13935 13933 13937
13928 13936 13938
13938 13923 13928
13933 13939 13937
13934 13940 13933
13933 13940 13939
13934 13941 13940
13941 13942 13940
13938 13943 13923
13938 13944 13943
13923 13943 13927
13939 13940 13945
13945 13940 13942
13939 13945 13946
13945 13942 13947
13948 13943 13944
13927 13943 13948
13948 13944 13949
13950 13948 13949
13927 13948 13951
13951 13948 13950
13950 13949 13952
13951 13950 13953
13954 13950 13952
13950 13955 13953
13946 13945 13956
13956 13945 13947
13946 13956 13957
13956 13947 13958
13959 13957 13956
13959 13956 13958
13959 13960 13957
13959 13961 13960
13959 13958 13962
13962 13961 13959
13961 13963 13960
13962 13964 13961
13961 13965 13963
13961 13964 13966
13961 13967 13965
13961 13966 13967
13967 13954 13965
13966 13955 13967
13967 13968 13954
13967 13955 13968
13968 13950 13954
13950 13968 13955
13969 13970 13971
13972 13970 13969
13969 13971 13973
13974 13972 13969
13972 13974 13975
13975 13974 13976
13975 13976 13977
13976 13978 13977
13976 13979 13978
13978 13979 13980
13974 13981 13976
13981 13979 13976
13974 13982 13981
13981 13983 13979
13974 13984 13982
13984 13974 13969
13979 13983 13985
13980 13979 13986
13979 13985 13986
13980 13986 13987
13987 13986 13988
13984 13969 13989
13984 13989 13990
13969 13973 13989
13985 13991 13986
13991 13988 13986
13985 13992 13991
13991 13993 13988
13994 13990 13989
13973 13994 13989
13994 13995 13990
13996 13995 13994
13973 13997 13994
13997 13996 13994
13996 13998 13995
13997 13999 13996
14000 13998 13996
13996 13999 14001
13992 14002 13991
14002 13993 13991
13992 14003 14002
14002 14004 13993
14005 14002 14003
14005 14004 14002
14005 14003 14006
14005 14006 14007
14005 14008 14004
14008 14005 14007
14007 14006 14009
14008 14007 14010
14007 14009 14011
14007 14012 14010
14007 14011 14013
14007 14013 14012
14012 14013 14001
14013 14011 14000
14013 14014 14001
14013 14000 14014
13996 14001 14014
14014 14000 13996
14015 14016 14017
14017 14018 14015
14015 14019 14016
14019 14020 14016
14015 14018 14021
14021 14019 14015
14019 14022 14020
14022 14023 14020
14021 14018 14024
14024 14018 14025
14021 14026 14019
14024 14026 14021
14026 14022 14019
14025 14027 14024
14024 14027 14026
14025 14028 14027
14022 14029 14023
14029 14030 14023
14026 14031 14022
14027 14031 14026
14031 14029 14022
14028 14032 14027
14027 14032 14031
14028 14033 14032
14029 14034 14030
14034 14035 14030
14031 14036 14029
14032 14036 14031
14036 14034 14029
14033 14037 14032
14032 14037 14036
14033 14038 14037
14036 14039 14034
14039 14035 14034
14037 14039 14036
14038 14040 14037
14037 14040 14039
14040 14035 14039
14038 14041 14040
14041 14035 14040
14042 14043 14044
14042 14045 14043
14046 14042 14044
14042 14047 14045
14048 14045 14047
14049 14048 14047
14050 14048 14049
14049 14051 14050
14049 14052 14051
14053 14051 14052
14052 14054 14053
14053 14054 14055
14056 14055 14054
14057 14056 14054
14057 14054 14058
14059 14057 14058
14059 14058 14060
14061 14059 14060
14058 14054 14062
14060 14058 14062
14054 14063 14062
14063 14054 14052
14064 14063 14052
14065 14064 14052
14065 14052 14049
14049 14066 14065
14049 14047 14066
14067 14066 14047
14067 14047 14042
14060 14062 14068
14069 14067 14042
14070 14060 14068
14061 14060 14070
14070 14068 14071
14070 14072 14061
14042 14073 14069
14046 14073 14042
14074 14069 14073
14071 14075 14070
14070 14075 14072
14071 14076 14075
14075 14076 14077
14078 14073 14046
14074 14073 14078
14078 14046 14079
14080 14074 14078
14075 14081 14072
14075 14077 14081
14082 14081 14077
14072 14081 14083
14082 14083 14081
14082 14077 14084
14082 14084 14080
14085 14083 14082
14082 14086 14085
14087 14078 14079
14080 14078 14087
14082 14080 14087
14087 14079 14086
14082 14087 14086
14088 14089 14090
14088 14090 14091
14092 14089 14088
14088 14091 14093
14094 14093 14091
14095 14093 14094
14096 14095 14094
14095 14096 14097
14095 14097 14098
14099 14098 14097
14098 14099 14100
14099 14101 14100
14102 14100 14101
14103 14100 14102
14103 14104 14100
14105 14104 14103
14105 14106 14104
14107 14106 14105
14104 14108 14100
14106 14108 14104
14100 14108 14109
14109 14098 14100
14110 14098 14109
14111 14098 14110
14111 14095 14098
14095 14111 14112
14095 14112 14093
14113 14093 14112
14113 14088 14093
14106 14114 14108
14115 14088 14113
14116 14114 14106
14107 14116 14106
14116 14117 14114
14116 14107 14118
14088 14115 14119
14092 14088 14119
14120 14119 14115
14117 14116 14121
14116 14118 14121
14117 14121 14122
14121 14123 14122
14124 14092 14119
14120 14124 14119
14124 14125 14092
14126 14124 14120
14121 14118 14127
14121 14127 14123
14128 14123 14127
14118 14129 14127
14128 14127 14129
14128 14130 14123
14128 14126 14130
14131 14128 14129
14128 14131 14132
14133 14132 14125
14133 14125 14124
14126 14133 14124
14128 14132 14133
14128 14133 14126
14134 14135 14136
14134 14137 14135
14138 14134 14136
14134 14139 14137
14140 14137 14139
14141 14140 14139
14142 14140 14141
14141 14143 14142
14141 14144 14143
14145 14143 14144
14144 14146 14145
14145 14146 14147
14148 14147 14146
14149 14148 14146
14149 14146 14150
14151 14149 14150
14151 14150 14152
14153 14151 14152
14150 14146 14154
14152 14150 14154
14146 14155 14154
14155 14146 14144
14156 14155 14144
14157 14156 14144
14157 14144 14141
14141 14158 14157
14141 14139 14158
14159 14158 14139
14159 14139 14134
14152 14154 14160
14161 14159 14134
14162 14152 14160
14153 14152 14162
14162 14160 14163
14162 14164 14153
14134 14165 14161
14138 14165 14134
14166 14161 14165
14163 14167 14162
14162 14167 14164
14163 14168 14167
14167 14168 14169
14170 14165 14138
14166 14165 14170
14170 14138 14171
14172 14166 14170
14167 14173 14164
14167 14169 14173
14174 14173 14169
14164 14173 14175
14174 14175 14173
14174 14169 14176
14174 14176 14172
14177 14175 14174
14174 14178 14177
14179 14170 14171
14172 14170 14179
14174 14172 14179
14179 14171 14178
14174 14179 14178
14180 14181 14182
14180 14182 14183
14184 14181 14180
14180 14183 14185
14186 14185 14183
14187 14185 14186
14188 14187 14186
14187 14188 14189
14187 14189 14190
14191 14190 14189
14190 14191 14192
14191 14193 14192
14194 14192 14193
14195 14192 14194
14195 14196 14192
14197 14196 14195
14197 14198 14196
14199 14198 14197
14196 14200 14192
14198 14200 14196
14192 14200 14201
14201 14190 14192
14202 14190 14201
14203 14190 14202
14203 14187 14190
14187 14203 14204
14187 14204 14185
14205 14185 14204
14205 14180 14185
14198 14206 14200
14207 14180 14205
14208 14206 14198
14199 14208 14198
14208 14209 14206
14208 14199 14210
14180 14207 14211
14184 14180 14211
14212 14211 14207
14209 14208 14213
14208 14210 14213
14209 14213 14214
14213 14215 14214
14216 14184 14211
14212 14216 14211
14216 14217 14184
14218 14216 14212
14213 14210 14219
14213 14219 14215
14220 14215 14219
14210 14221 14219
14220 14219 14221
14220 14222 14215
14220 14218 14222
14223 14220 14221
14220 14223 14224
14225 14224 14217
14225 14217 14216
14218 14225 14216
14220 14224 14225
14220 14225 14218
14226 14227 14228
14226 14229 14227
14230 14226 14228
14226 14231 14229
14232 14229 14231
14233 14232 14231
14234 14232 14233
14233 14235 14234
14233 14236 14235
14237 14235 14236
14236 14238 14237
14237 14238 14239
14240 14239 14238
14241 14240 14238
14241 14238 14242
14243 14241 14242
14243 14242 14244
14245 14243 14244
14242 14238 14246
14244 14242 14246
14238 14247 14246
14247 14238 14236
14248 14247 14236
14249 14248 14236
14249 14236 14233
14233 14250 14249
14233 14231 14250
14251 14250 14231
14251 14231 14226
14244 14246 14252
14253 14251 14226
14254 14244 14252
14245 14244 14254
14254 14252 14255
14254 14256 14245
14226 14257 14253
14230 14257 14226
14258 14253 14257
14255 14259 14254
14254 14259 14256
14255 14260 14259
14259 14260 14261
14262 14257 14230
14258 14257 14262
14262 14230 14263
14264 14258 14262
14259 14265 14256
14259 14261 14265
14266 14265 14261
14256 14265 14267
14266 14267 14265
14266 14261 14268
14266 14268 14264
14269 14267 14266
14266 14270 14269
14271 14262 14263
14264 14262 14271
14266 14264 14271
14271 14263 14270
14266 14271 14270
14272 14273 14274
14272 14274 14275
14276 14273 14272
14272 14275 14277
14278 14277 14275
14279 14277 14278
14280 14279 14278
14279 14280 14281
14279 14281 14282
14283 14282 14281
14282 14283 14284
14283 14285 14284
14286 14284 14285
14287 14284 14286
14287 14288 14284
14289 14288 14287
14289 14290 14288
14291 14290 14289
14288 14292 14284
14290 14292 14288
14284 14292 14293
14293 14282 14284
14294 14282 14293
14295 14282 14294
14295 14279 14282
14279 14295 14296
14279 14296 14277
14297 14277 14296
14297 14272 14277
14290 14298 14292
14299 14272 14297
14300 14298 14290
14291 14300 14290
14300 14301 14298
14300 14291 14302
14272 14299 14303
14276 14272 14303
14304 14303 14299
14301 14300 14305
14300 14302 14305
14301 14305 14306
14305 14307 14306
14308 14276 14303
14304 14308 14303
14308 14309 14276
14310 14308 14304
14305 14302 14311
14305 14311 14307
14312 14307 14311
14302 14313 14311
14312 14311 14313
14312 14314 14307
14312 14310 14314
14315 14312 14313
14312 14315 14316
14317 14316 14309
14317 14309 14308
14310 14317 14308
14312 14316 14317
14312 14317 14310
14318 14319 14320
14318 14321 14319
14322 14318 14320
14318 14323 14321
14324 14321 14323
14325 14324 14323
14326 14324 14325
14325 14327 14326
14325 14328 14327
14329 14327 14328
14328 14330 14329
14329 14330 14331
14332 14331 14330
14333 14332 14330
14333 14330 14334
14335 14333 14334
14335 14334 14336
14337 14335 14336
14334 14330 14338
14336 14334 14338
14330 14339 14338
14339 14330 14328
14340 14339 14328
14341 14340 14328
14341 14328 14325
14325 14342 14341
14325 14323 14342
14343 14342 14323
14343 14323 14318
14336 14338 14344
14345 14343 14318
14346 14336 14344
14337 14336 14346
14346 14344 14347
14346 14348 14337
14318 14349 14345
14322 14349 14318
14350 14345 14349
14347 14351 14346
14346 14351 14348
14347 14352 14351
14351 14352 14353
14354 14349 14322
14350 14349 14354
14354 14322 14355
14356 14350 14354
14351 14357 14348
14351 14353 14357
14358 14357 14353
14348 14357 14359
14358 14359 14357
14358 14353 14360
14358 14360 14356
14361 14359 14358
14358 14362 14361
14363 14354 14355
14356 14354 14363
14358 14356 14363
14363 14355 14362
14358 14363 14362
14364 14365 14366
14364 14366 14367
14368 14365 14364
14364 14367 14369
14370 14369 14367
14371 14369 14370
14372 14371 14370
14371 14372 14373
14371 14373 14374
14375 14374 14373
14374 14375 14376
14375 14377 14376
14378 14376 14377
14379 14376 14378
14379 14380 14376
14381 14380 14379
14381 14382 14380
14383 14382 14381
14380 14384 14376
14382 14384 14380
14376 14384 14385
14385 14374 14376
14386 14374 14385
14387 14374 14386
14387 14371 14374
14371 14387 14388
14371 14388 14369
14389 14369 14388
14389 14364 14369
14382 14390 14384
14391 14364 14389
14392 14390 14382
14383 14392 14382
14392 14393 14390
14392 14383 14394
14364 14391 14395
14368 14364 14395
14396 14395 14391
14393 14392 14397
14392 14394 14397
14393 14397 14398
14397 14399 14398
14400 14368 14395
14396 14400 14395
14400 14401 14368
14402 14400 14396
14397 14394 14403
14397 14403 14399
14404 14399 14403
14394 14405 14403
14404 14403 14405
14404 14406 14399
14404 14402 14406
14407 14404 14405
14404 14407 14408
14409 14408 14401
14409 14401 14400
14402 14409 14400
14404 14408 14409
14404 14409 14402
14410 14411 14412
14410 14413 14411
14414 14410 14412
14410 14415 14413
14416 14413 14415
14417 14416 14415
14418 14416 14417
14417 14419 14418
14417 14420 14419
14421 14419 14420
14420 14422 14421
14421 14422 14423
14424 14423 14422
14425 14424 14422
14425 14422 14426
14427 14425 14426
14427 14426 14428
14429 14427 14428
14426 14422 14430
14428 14426 14430
14422 14431 14430
14431 14422 14420
14432 14431 14420
14433 14432 14420
14433 14420 14417
14417 14434 14433
14417 14415 14434
14435 14434 14415
14435 14415 14410
14428 14430 14436
14437 14435 14410
14438 14428 14436
14429 14428 14438
14438 14436 14439
14438 14440 14429
14410 14441 14437
14414 14441 14410
14442 14437 14441
14439 14443 14438
14438 14443 14440
14439 14444 14443
14443 14444 14445
14446 14441 14414
14442 14441 14446
14446 14414 14447
14448 14442 14446
14443 14449 14440
14443 14445 14449
14450 14449 14445
14440 14449 14451
14450 14451 14449
14450 14445 14452
14450 14452 14448
14453 14451 14450
14450 14454 14453
14455 14446 14447
14448 14446 14455
14450 14448 14455
14455 14447 14454
14450 14455 14454
14456 14457 14458
14456 14459 14457
14460 14456 14458
14456 14461 14459
14462 14459 14461
14463 14462 14461
14464 14462 14463
14463 14465 14464
14463 14466 14465
14467 14465 14466
14466 14468 14467
14467 14468 14469
14470 14469 14468
14471 14470 14468
14471 14468 14472
14473 14471 14472
14473 14472 14474
14475 14473 14474
14472 14468 14476
14474 14472 14476
14468 14477 14476
14477 14468 14466
14478 14477 14466
14479 14478 14466
14479 14466 14463
14463 14480 14479
14463 14461 14480
14481 14480 14461
14481 14461 14456
14474 14476 14482
14483 14481 14456
14484 14474 14482
14475 14474 14484
14484 14482 14485
14484 14486 14475
14456 14487 14483
14460 14487 14456
14488 14483 14487
14485 14489 14484
14484 14489 14486
14485 14490 14489
14489 14490 14491
14492 14487 14460
14488 14487 14492
14492 14460 14493
14494 14488 14492
14489 14495 14486
14489 14491 14495
14496 14495 14491
14486 14495 14497
14496 14497 14495
14496 14491 14498
14496 14498 14494
14499 14497 14496
14496 14500 14499
14501 14492 14493
14494 14492 14501
14496 14494 14501
14501 14493 14500
14496 14501 14500
14502 14503 14504
14502 14504 14505
14506 14503 14502
14502 14505 14507
14508 14507 14505
14509 14507 14508
14510 14509 14508
14509 14510 14511
14509 14511 14512
14513 14512 14511
14512 14513 14514
14513 14515 14514
14516 14514 14515
14517 14514 14516
14517 14518 14514
14519 14518 14517
14519 14520 14518
14521 14520 14519
14518 14522 14514
14520 14522 14518
14514 14522 14523
14523 14512 14514
14524 14512 14523
14525 14512 14524
14525 14509 14512
14509 14525 14526
14509 14526 14507
14527 14507 14526
14527 14502 14507
14520 14528 14522
14529 14502 14527
14530 14528 14520
14521 14530 14520
14530 14531 14528
14530 14521 14532
14502 14529 14533
14506 14502 14533
14534 14533 14529
14531 14530 14535
14530 14532 14535
14531 14535 14536
14535 14537 14536
14538 14506 14533
14534 14538 14533
14538 14539 14506
14540 14538 14534
14535 14532 14541
14535 14541 14537
14542 14537 14541
14532 14543 14541
14542 14541 14543
14542 14544 14537
14542 14540 14544
14545 14542 14543
14542 14545 14546
14547 14546 14539
14547 14539 14538
14540 14547 14538
14542 14546 14547
14542 14547 14540
14548 14549 14550
14550 14551 14548
14548 14551 14552
14548 14553 14549
14552 14553 14548
14552 14551 14554
14554 14551 14555
14554 14556 14552
14552 14556 14553
14555 14557 14554
14554 14557 14556
14556 14558 14553
14553 14559 14549
14553 14558 14559
14557 14560 14556
14556 14560 14558
14555 14561 14557
14557 14562 14560
14561 14562 14557
14563 14561 14555
14555 14564 14563
14560 14565 14558
14558 14566 14559
14558 14565 14566
14562 14567 14560
14560 14567 14565
14549 14559 14568
14559 14566 14569
14559 14569 14568
14549 14568 14570
14571 14549 14570
14572 14564 14571
14571 14570 14572
14563 14564 14573
14573 14564 14572
14572 14570 14574
14572 14574 14573
14573 14575 14563
14573 14574 14575
14563 14575 14561
14570 14568 14576
14570 14576 14574
14574 14577 14575
14574 14576 14577
14575 14578 14561
14575 14577 14578
14561 14578 14562
14568 14579 14576
14568 14569 14579
14576 14580 14577
14576 14579 14580
14577 14581 14578
14577 14580 14581
14578 14582 14562
14578 14581 14582
14562 14582 14567
14580 14583 14581
14580 14584 14583
14579 14584 14580
14584 14585 14583
14579 14586 14584
14569 14586 14579
14586 14585 14584
14569 14587 14586
14587 14585 14586
14566 14587 14569
14588 14585 14587
14566 14588 14587
14565 14588 14566
14565 14589 14588
14567 14589 14565
14589 14590 14588
14567 14591 14589
14591 14590 14589
14582 14591 14567
14592 14590 14591
14582 14592 14591
14593 14590 14592
14581 14592 14582
14581 14593 14592
14594 14595 14596
14594 14597 14595
14598 14597 14594
14596 14595 14599
14596 14599 14600
14598 14601 14597
14602 14601 14598
14600 14599 14603
14600 14603 14604
14602 14605 14601
14606 14605 14602
14604 14603 14607
14604 14607 14608
14606 14609 14605
14610 14609 14606
14608 14607 14611
14608 14611 14612
14610 14613 14609
14614 14613 14610
14612 14611 14615
14612 14615 14616
14616 14617 14614
14614 14617 14613
14616 14615 14617
14603 14618 14607
14603 14619 14618
14607 14618 14620
14607 14620 14611
14599 14619 14603
14611 14620 14621
14611 14621 14615
14599 14622 14619
14615 14621 14623
14615 14623 14617
14595 14622 14599
14617 14623 14624
14617 14624 14613
14595 14625 14622
14613 14624 14626
14597 14625 14595
14613 14626 14609
14597 14627 14625
14609 14626 14628
14601 14627 14597
14609 14628 14605
14601 14629 14627
14605 14628 14629
14605 14629 14601
14630 14631 14632
14630 14632 14633
14634 14631 14630
14631 14635 14632
14636 14635 14631
14634 14636 14631
14632 14635 14637
14633 14632 14637
14638 14636 14634
14633 14637 14639
14638 14640 14636
14640 14635 14636
14641 14640 14638
14639 14637 14642
14637 14635 14642
14639 14642 14643
14641 14644 14640
14644 14635 14640
14645 14644 14641
14643 14642 14646
14642 14635 14646
14643 14646 14647
14645 14648 14644
14648 14635 14644
14649 14648 14645
14647 14646 14650
14646 14635 14650
14647 14650 14649
14649 14650 14648
14650 14635 14648
14651 14652 14653
14651 14653 14654
14655 14652 14651
14652 14656 14653
14657 14656 14652
14655 14657 14652
14653 14656 14658
14654 14653 14658
14659 14657 14655
14654 14658 14660
14659 14661 14657
14661 14656 14657
14662 14661 14659
14660 14658 14663
14658 14656 14663
14660 14663 14664
14662 14665 14661
14665 14656 14661
14666 14665 14662
14664 14663 14667
14663 14656 14667
14664 14667 14668
14666 14669 14665
14669 14656 14665
14670 14669 14666
14668 14667 14671
14667 14656 14671
14668 14671 14670
14670 14671 14669
14671 14656 14669
14672 14673 14674
14672 14674 14675
14676 14673 14672
14675 14674 14677
14675 14677 14678
14676 14679 14673
14680 14679 14676
14678 14677 14681
14678 14681 14682
14680 14683 14679
14684 14683 14680
14682 14681 14685
14682 14685 14686
14684 14687 14683
14688 14687 14684
14686 14685 14689
14686 14689 14690
14688 14691 14687
14692 14691 14688
14690 14689 14693
14690 14693 14694
14694 14695 14692
14692 14695 14691
14694 14693 14695
14681 14696 14685
14681 14697 14696
14685 14696 14698
14685 14698 14689
14677 14697 14681
14689 14698 14699
14689 14699 14693
14677 14700 14697
14693 14699 14701
14693 14701 14695
14674 14700 14677
14695 14701 14702
14695 14702 14691
14674 14703 14700
14691 14702 14704
14673 14703 14674
14691 14704 14687
14673 14705 14703
14687 14704 14706
14679 14705 14673
14687 14706 14683
14679 14707 14705
14683 14706 14707
14683 14707 14679
