byte offset: 0
first index: 0
index count: 12528
topology: trianglelist
format: DXGI_FORMAT_R16_UINT

0 1 2
0 3 1
3 4 1
3 5 4
4 5 6
4 6 7
6 8 7
6 9 8
8 9 10
11 12 13
11 13 14
15 14 13
16 11 14
15 17 14
16 14 18
17 18 14
19 16 18
17 20 18
19 18 21
20 21 18
22 19 21
20 23 21
22 21 24
23 24 21
25 22 24
23 26 24
26 25 24
27 28 29
27 29 30
30 29 31
30 31 32
31 33 32
31 34 33
34 35 33
34 36 35
36 37 35
38 39 40
38 41 39
42 39 41
42 41 43
44 41 38
43 41 45
44 45 41
46 45 44
43 45 47
47 45 46
46 44 48
47 46 49
50 46 48
46 51 49
50 52 46
46 52 51
53 52 50
51 52 53
54 55 56
54 57 55
58 57 54
58 59 57
60 59 58
60 61 59
62 61 60
62 63 61
64 63 62
64 65 63
66 65 64
66 67 65
68 67 66
68 69 67
70 69 68
70 71 69
72 71 70
72 73 71
74 73 72
74 75 73
76 75 74
76 77 75
78 77 76
78 79 77
80 79 78
80 81 79
82 81 80
82 83 81
84 83 82
84 85 83
86 85 84
86 87 85
88 87 86
88 89 87
90 89 88
90 91 89
92 91 90
92 93 91
94 93 92
94 95 93
96 95 94
96 97 95
98 97 96
98 99 97
100 99 98
100 101 99
102 101 100
102 103 101
104 105 106
104 106 107
108 104 107
108 107 109
110 108 109
110 109 111
112 110 111
112 111 113
114 112 113
114 113 115
116 114 115
116 115 117
118 116 117
118 117 119
120 118 119
120 119 121
122 120 121
122 121 123
124 122 123
124 123 125
126 124 125
126 125 127
128 126 127
128 127 129
130 128 129
130 129 131
132 130 131
132 131 133
134 132 133
134 133 135
136 134 135
136 135 137
138 136 137
138 137 139
140 138 139
140 139 141
142 140 141
142 141 143
144 142 143
144 143 145
146 144 145
146 145 147
148 146 147
148 147 149
150 148 149
150 149 151
152 150 151
152 151 153
154 155 156
155 157 156
157 155 158
157 158 159
158 155 160
159 158 161
158 160 161
159 161 162
160 163 161
163 162 161
163 164 162
160 165 163
166 164 163
167 163 165
166 163 167
168 166 167
167 169 168
170 167 165
167 171 169
170 171 167
169 171 172
171 170 173
172 171 173
170 174 173
172 173 175
173 174 175
176 177 178
176 178 179
180 179 178
181 176 179
182 176 181
180 183 179
183 181 179
184 183 180
183 185 181
185 182 181
184 185 183
182 185 186
184 187 185
185 187 186
184 188 187
186 187 188
184 189 188
188 189 190
188 190 191
191 186 188
191 190 192
193 182 186
191 193 186
193 194 182
195 194 193
195 196 194
195 197 196
193 191 198
191 192 198
195 193 198
192 199 198
199 195 198
192 200 199
201 199 200
202 197 195
202 203 197
204 195 199
201 204 199
204 202 195
205 204 201
204 205 202
205 203 202
205 201 206
205 207 203
206 207 205
207 208 203
206 209 207
209 208 207
209 210 208
211 212 213
212 214 213
214 212 215
214 215 216
216 217 214
218 216 215
218 219 216
219 217 216
220 219 218
221 220 218
219 222 217
223 219 220
219 223 222
222 224 217
224 225 217
225 224 226
225 226 227
227 226 228
227 228 229
224 230 226
228 226 230
222 231 224
224 231 230
229 228 232
229 232 233
223 234 222
222 234 231
228 230 235
235 232 228
233 232 236
233 236 237
237 236 238
237 238 239
238 240 239
238 241 240
241 242 240
236 243 238
241 238 243
232 244 236
236 244 243
242 241 245
242 245 246
235 247 232
232 247 244
241 243 248
248 245 241
245 249 246
249 250 246
251 250 249
251 249 252
253 251 252
254 249 245
254 252 249
253 252 255
255 252 254
255 256 253
248 257 245
254 245 257
258 248 243
257 248 258
244 259 243
258 243 259
255 260 256
256 260 261
255 254 262
260 255 262
254 257 263
263 262 254
244 264 259
247 264 244
247 265 264
265 247 235
265 235 266
266 235 230
266 230 267
231 267 230
231 268 267
234 268 231
257 269 263
257 270 269
257 258 270
271 270 258
271 258 259
263 269 272
263 272 262
273 269 270
271 273 270
271 259 274
264 274 259
269 275 272
269 273 275
276 262 272
276 260 262
264 277 274
277 264 265
272 275 278
278 276 272
260 276 279
260 279 261
277 265 280
266 280 265
276 278 281
276 281 279
261 279 282
261 282 283
266 284 280
267 284 266
279 281 285
279 285 282
286 283 282
286 287 283
287 286 288
287 288 289
290 289 288
291 286 282
285 291 282
291 292 286
292 288 286
293 291 285
293 292 291
294 285 281
293 285 294
290 288 295
296 290 295
294 281 297
278 297 281
296 295 298
299 296 298
278 300 297
275 300 278
300 275 301
273 301 275
302 293 294
303 294 297
302 294 303
300 304 297
303 297 304
305 300 301
300 305 304
302 306 293
293 306 292
307 301 273
308 305 301
308 301 307
307 273 309
271 309 273
271 310 309
274 310 271
274 311 310
311 274 277
305 312 304
305 308 313
305 313 312
304 312 314
304 314 303
303 314 315
303 315 302
302 315 316
302 316 317
302 317 306
317 316 318
312 319 314
312 313 319
314 319 320
314 320 321
322 321 320
313 323 319
323 320 319
322 320 324
324 325 322
324 326 325
327 325 326
320 328 324
328 326 324
313 329 323
329 313 308
323 330 320
320 330 328
330 323 331
323 329 331
330 331 332
328 330 332
327 326 333
333 334 327
329 308 335
307 335 308
329 336 331
336 332 331
333 337 334
337 338 334
337 339 338
339 340 338
341 337 333
341 339 337
342 333 326
341 333 342
307 343 335
343 307 309
342 326 344
328 344 326
344 328 345
328 332 345
342 344 346
344 345 346
347 342 346
348 342 347
348 341 342
348 349 341
348 350 349
341 349 339
350 351 349
350 352 351
353 351 352
349 354 339
349 351 354
339 354 340
351 355 354
351 353 355
356 340 354
356 354 355
353 357 355
358 356 355
358 355 357
359 340 356
356 358 360
356 360 359
359 361 340
361 362 340
361 363 362
363 364 362
363 365 364
365 366 364
365 367 366
367 318 366
367 368 318
317 318 368
369 317 368
369 306 317
370 368 367
370 369 368
371 367 365
371 370 367
372 365 363
372 371 365
373 363 361
373 372 363
306 369 374
306 374 292
369 370 375
369 375 374
292 374 376
376 374 375
292 376 288
288 376 377
376 375 377
295 288 377
370 378 375
370 371 378
379 375 378
371 372 380
371 380 378
379 378 381
295 379 381
381 378 380
295 381 382
381 380 382
382 298 295
383 380 372
383 372 373
380 383 384
380 384 385
384 298 385
383 386 384
386 298 384
387 383 373
383 387 386
386 388 298
299 298 388
299 388 389
299 389 390
391 388 386
391 389 388
390 389 392
390 392 393
393 392 394
393 394 395
396 395 394
397 389 391
397 392 389
398 397 391
399 391 386
399 386 387
398 391 399
396 394 400
400 401 396
400 402 401
403 401 402
387 404 399
399 405 398
399 404 405
387 406 404
387 373 406
406 373 407
361 407 373
361 359 407
359 408 407
359 360 408
406 407 409
406 409 410
406 410 404
407 411 409
407 408 411
410 409 411
360 412 408
408 413 411
408 412 413
410 411 414
414 411 413
360 415 412
358 415 360
358 416 415
416 358 357
417 404 410
418 410 414
417 410 418
404 417 419
404 419 405
412 420 413
415 421 412
412 421 420
414 413 422
422 413 420
416 423 415
415 423 421
418 414 424
424 414 422
418 425 417
417 426 419
417 425 426
419 426 427
419 427 428
405 419 428
428 427 429
405 428 430
430 398 405
428 429 431
430 428 431
431 429 432
430 433 398
434 398 433
430 431 435
435 433 430
431 432 436
435 431 436
434 433 437
392 434 437
392 437 438
437 439 438
437 433 439
435 439 433
440 436 432
440 432 441
435 436 442
442 439 435
442 436 440
443 440 441
443 441 444
442 445 439
446 439 445
392 446 394
442 440 447
443 447 440
447 445 442
446 445 448
394 446 448
449 448 445
449 394 448
447 449 445
449 400 394
450 449 447
443 450 447
451 400 449
450 451 449
451 402 400
452 443 444
452 444 453
450 454 451
454 402 451
443 455 450
443 452 455
450 455 454
456 402 454
403 402 456
455 457 454
456 454 457
452 458 455
455 458 457
459 403 456
460 403 459
461 456 457
459 456 461
462 460 459
462 463 460
452 464 458
464 452 453
465 457 458
461 457 465
461 466 459
459 466 462
463 462 467
463 467 468
462 469 467
462 466 469
468 467 470
469 470 467
468 470 471
470 472 471
473 472 470
469 473 470
474 472 473
461 475 466
465 475 461
476 469 466
476 466 475
469 476 477
469 477 473
474 473 478
478 479 474
476 475 480
477 476 480
475 465 481
480 475 481
482 478 473
482 473 477
483 479 478
483 484 479
485 484 483
478 482 486
478 486 483
485 483 487
487 483 486
488 485 487
477 489 482
489 486 482
477 480 490
477 490 489
488 487 491
492 488 491
487 486 493
491 487 493
494 490 480
480 481 494
489 495 486
493 486 495
496 489 490
496 490 494
496 495 489
492 491 497
498 492 497
498 497 499
500 498 499
500 499 501
501 502 500
497 503 499
501 499 503
504 497 491
497 504 503
504 491 505
491 493 505
493 495 506
505 493 506
507 504 505
505 506 507
506 495 508
496 508 495
509 503 504
507 509 504
510 507 506
506 508 510
509 507 511
510 511 507
501 503 512
509 513 503
512 503 513
509 511 514
513 509 514
515 501 512
515 502 501
508 496 516
517 510 508
508 516 517
496 518 516
496 494 518
519 511 510
520 514 511
520 511 519
517 521 510
519 510 521
522 517 516
523 521 517
523 517 522
524 519 521
524 521 523
525 516 518
522 516 525
526 520 519
526 519 524
527 520 526
523 528 524
523 529 528
522 529 523
524 528 530
524 530 526
531 526 530
531 527 526
532 527 531
527 532 533
527 533 534
522 535 529
536 529 535
527 534 537
537 534 538
539 535 522
539 522 525
536 535 540
535 539 540
541 539 525
525 518 541
539 542 540
541 542 539
540 542 543
541 543 542
543 544 540
545 541 518
541 545 543
543 546 544
545 546 543
547 544 546
545 518 548
548 518 494
547 546 549
549 550 547
545 551 546
548 551 545
549 546 551
548 494 552
494 481 552
549 553 550
554 550 553
549 551 555
555 553 549
548 556 551
556 548 552
555 551 556
557 552 481
481 465 557
465 458 557
557 458 464
558 552 557
556 552 558
557 464 558
558 559 556
555 556 559
558 464 560
558 560 559
464 453 560
560 561 559
560 453 561
453 562 561
453 563 562
564 562 563
559 561 565
559 565 555
565 561 562
565 566 555
555 566 553
567 566 565
565 562 567
564 568 562
568 564 569
553 566 570
567 570 566
562 571 567
562 568 571
571 570 567
568 569 572
571 568 572
573 572 569
553 570 574
554 553 574
574 575 554
574 576 575
570 576 574
577 575 576
571 578 570
570 578 576
577 576 579
579 576 578
580 578 571
571 572 580
579 578 581
580 582 578
577 579 583
581 583 579
577 583 584
581 585 583
582 580 586
586 580 572
587 582 586
588 587 586
584 583 589
585 589 583
585 590 589
584 589 591
591 589 592
589 590 593
589 593 592
591 592 594
594 592 595
592 593 596
592 597 595
592 596 598
592 598 597
598 596 599
600 597 598
598 599 600
600 601 597
602 601 600
602 603 601
604 603 602
600 599 605
600 605 602
606 604 602
606 607 604
608 607 606
602 609 606
602 605 609
606 610 608
606 609 610
605 611 609
611 610 609
612 608 610
612 613 608
599 614 605
605 614 611
612 610 615
611 615 610
616 613 612
616 617 613
618 617 616
612 615 619
619 616 612
620 615 611
620 619 615
621 611 614
620 611 621
599 622 614
621 614 623
623 614 622
624 622 599
599 625 624
626 624 625
626 627 624
588 627 626
624 628 622
627 628 624
588 629 627
588 586 629
623 622 630
630 622 628
627 631 628
629 631 627
629 586 632
586 572 632
573 632 572
632 573 633
629 632 634
632 633 634
629 634 631
634 633 635
634 635 631
631 635 425
631 425 628
630 628 425
418 630 425
630 418 424
630 424 623
623 424 636
424 422 636
623 636 621
636 422 637
422 420 637
621 636 638
636 637 638
637 420 639
421 639 420
621 638 640
640 620 621
638 637 641
637 639 641
421 642 639
423 642 421
643 640 638
638 641 643
644 641 639
644 639 642
643 641 645
644 645 641
640 646 620
643 647 640
647 646 640
643 645 648
647 643 648
646 649 620
620 649 619
423 650 642
644 642 651
650 651 642
645 644 652
651 652 644
653 648 645
645 652 653
654 653 652
651 655 652
654 652 655
650 423 656
416 656 423
650 657 651
655 651 657
650 656 658
658 657 650
653 659 648
654 660 653
653 660 659
661 648 659
647 648 661
661 662 647
647 662 646
663 646 662
646 663 649
664 649 663
619 649 664
619 664 665
619 665 616
665 666 616
618 616 666
618 666 667
618 667 668
669 668 667
665 670 666
670 667 666
665 664 671
665 671 670
672 669 667
672 538 669
537 538 672
670 673 667
670 674 673
670 671 674
667 673 675
667 675 672
672 675 676
672 676 537
537 676 677
537 677 527
527 677 520
677 678 520
679 674 671
514 520 678
679 671 680
681 679 680
680 671 664
514 678 682
513 514 682
681 680 683
684 681 683
680 664 685
683 680 685
664 663 685
678 686 682
678 687 686
688 513 682
688 682 686
512 513 688
684 683 689
689 690 684
691 685 663
663 662 691
683 685 692
689 683 692
691 692 685
687 693 686
687 694 693
695 512 688
515 512 695
696 688 686
696 686 693
695 688 696
691 662 697
661 697 662
698 692 691
691 697 698
694 699 693
694 700 699
693 701 696
693 699 701
702 695 696
702 696 701
697 661 703
661 659 703
704 699 700
704 700 705
706 695 702
706 515 695
699 707 701
699 704 707
708 702 701
702 708 706
708 701 707
709 708 707
710 704 705
710 705 711
712 707 704
709 707 712
712 704 710
711 713 710
711 714 713
715 712 710
709 712 715
715 710 713
714 716 713
714 717 716
718 715 713
718 713 716
719 716 717
719 717 720
708 709 721
708 721 706
715 718 722
722 709 715
723 718 716
723 716 719
724 719 720
724 720 725
719 726 723
719 724 726
725 727 724
725 728 727
724 729 726
724 727 729
728 730 727
728 731 730
727 732 729
727 730 732
733 730 731
734 733 731
730 735 732
730 733 735
733 734 736
734 737 736
738 735 733
736 738 733
739 736 737
740 739 737
739 740 741
742 736 739
742 738 736
739 741 743
743 742 739
744 729 732
732 735 745
732 745 744
746 735 738
746 745 735
738 742 747
738 747 746
743 748 742
748 747 742
744 749 729
749 726 729
749 750 726
723 726 750
749 744 751
751 750 749
752 744 745
744 752 751
745 746 753
753 752 745
723 750 754
718 723 754
718 754 755
718 755 722
756 754 750
756 755 754
757 722 755
756 757 755
758 750 751
758 756 750
757 759 722
759 709 722
759 760 709
709 760 721
761 751 752
762 758 751
761 762 751
763 758 762
763 762 761
756 758 764
763 764 758
757 756 765
756 764 765
759 757 766
757 765 766
760 759 767
759 766 767
768 721 760
760 767 768
769 761 752
769 752 753
770 766 765
767 766 770
770 765 771
764 771 765
764 772 771
773 767 770
773 768 767
772 764 763
772 763 774
763 761 775
774 763 775
775 761 769
774 775 776
773 777 768
768 777 721
706 721 777
773 778 777
776 775 779
769 779 775
776 779 780
779 781 780
706 777 782
777 778 782
782 515 706
782 502 515
781 779 783
783 779 769
781 783 784
778 785 782
782 785 502
778 786 785
785 787 502
787 785 786
787 786 788
788 789 787
790 789 788
791 783 769
753 791 769
746 791 753
783 792 784
791 792 783
746 792 791
793 784 792
746 747 792
793 792 747
793 747 794
748 794 747
748 795 794
796 794 795
748 797 795
743 797 748
796 795 798
796 798 799
743 800 797
800 743 741
801 799 798
802 799 801
800 741 803
803 804 800
800 804 805
797 800 805
806 805 804
807 795 797
797 805 807
808 805 806
805 808 807
806 809 808
810 798 795
807 810 795
808 809 811
812 811 809
807 808 813
810 807 813
811 813 808
812 814 811
815 814 812
811 816 813
814 816 811
815 817 814
817 815 818
810 819 798
819 801 798
810 813 820
816 820 813
814 821 816
817 821 814
817 818 822
822 818 823
810 824 819
820 824 810
819 825 801
824 825 819
816 826 820
826 816 821
824 820 827
825 824 827
827 820 826
817 828 821
822 828 817
822 823 829
830 829 823
826 821 831
831 821 828
826 832 827
831 832 826
822 833 828
833 822 829
831 828 834
832 831 834
833 834 828
830 835 829
836 835 830
833 829 837
837 829 835
836 838 835
838 836 839
840 827 832
825 827 840
833 841 834
837 841 833
837 835 842
842 835 838
838 839 843
843 839 844
842 838 845
845 838 843
846 842 845
842 847 837
847 842 846
837 848 841
837 847 848
849 834 841
849 841 848
843 844 850
851 850 844
845 843 852
846 845 852
850 852 843
853 848 847
849 848 853
851 854 850
855 854 851
850 856 852
854 856 850
855 857 854
858 857 855
859 847 846
853 847 859
860 852 856
846 852 860
854 861 856
861 854 857
860 856 862
862 856 861
862 861 234
223 862 234
862 223 860
234 861 268
861 857 268
860 223 863
860 863 846
223 220 863
268 857 864
268 864 267
858 864 857
267 864 284
284 864 858
284 858 865
865 280 284
866 865 858
867 865 866
846 863 868
859 846 868
869 863 220
869 868 863
221 869 220
868 869 870
221 870 869
868 870 859
221 871 870
859 870 872
870 871 872
859 872 853
871 873 872
853 872 873
871 874 873
853 873 849
875 873 874
849 873 875
875 874 876
849 875 877
877 834 849
877 832 834
876 878 875
878 877 875
876 879 878
880 832 877
878 880 877
840 832 880
878 840 880
879 881 878
878 881 840
879 882 881
881 825 840
882 883 881
825 881 883
882 884 883
801 825 883
883 884 802
802 801 883
885 886 887
885 888 886
889 886 888
889 888 890
890 891 889
890 892 891
892 893 891
892 894 893
895 894 892
895 896 894
897 892 890
897 895 892
898 896 895
898 899 896
890 900 897
890 901 900
901 885 902
901 902 900
900 902 903
900 903 904
897 900 904
904 903 905
906 895 897
897 904 906
906 898 895
904 905 907
906 904 907
908 907 905
899 898 909
899 909 910
911 898 906
906 907 911
911 909 898
908 912 907
911 907 912
913 912 908
914 910 909
914 915 910
909 911 916
911 912 916
909 916 914
913 917 912
917 916 912
917 913 918
915 914 919
915 919 920
921 914 916
917 921 916
921 919 914
917 918 922
922 921 917
922 918 923
922 924 921
919 921 924
922 923 925
925 924 922
925 923 926
927 920 919
920 927 928
919 924 929
927 919 929
930 928 927
927 929 930
930 931 928
932 929 924
925 932 924
925 926 933
933 926 934
933 934 935
933 935 936
937 931 930
937 938 931
939 937 930
929 940 930
939 930 940
929 932 940
941 939 940
925 942 932
933 942 925
932 942 940
933 936 943
933 943 942
943 936 944
941 940 945
942 945 940
942 943 945
943 944 945
945 946 941
945 944 946
947 948 949
949 950 947
949 951 950
952 947 950
950 951 953
953 952 950
952 954 947
955 947 954
955 954 956
956 957 955
953 951 958
951 959 958
959 951 960
961 953 958
961 958 959
959 960 962
963 962 960
953 964 952
961 964 953
961 959 343
343 959 962
343 309 961
964 961 309
964 309 310
952 964 310
952 310 311
343 962 335
954 952 311
963 965 962
965 335 962
965 329 335
965 963 966
329 965 336
965 966 336
967 336 966
954 311 968
311 277 968
956 954 968
967 969 336
969 967 970
336 969 332
971 968 277
956 968 971
971 277 280
865 971 280
969 970 972
332 969 972
332 972 345
973 972 970
974 956 971
974 971 865
956 974 957
867 974 865
975 957 974
975 974 867
976 975 867
867 977 976
867 978 977
979 345 972
973 979 972
979 980 345
867 981 978
981 867 866
981 982 978
981 866 983
973 984 979
980 979 984
973 985 984
980 984 986
981 987 982
987 981 983
987 988 982
987 989 988
987 983 990
989 987 990
989 991 988
989 990 992
993 991 989
985 994 984
986 984 994
986 994 995
985 996 994
994 997 995
996 998 994
994 998 997
996 999 998
998 1000 997
999 1001 998
998 1002 1000
1001 1002 998
1001 1003 1002
1002 353 1000
1004 1002 1003
1002 1004 353
1004 1003 1005
1006 1004 1005
1006 1005 1007
1006 1007 1008
1006 1008 1009
1004 1010 353
1004 1006 1010
353 1010 357
1006 1009 1011
1012 1011 1009
1010 1013 357
416 357 1013
1006 1014 1010
1006 1011 1014
1010 1014 1013
1011 1015 1014
1011 1012 1015
1013 1014 1015
1016 416 1013
656 416 1016
1017 1015 1012
1017 1012 1018
1013 1015 1019
1016 1013 1019
1017 1019 1015
1020 1017 1018
1020 1018 1021
993 1020 1021
1017 1022 1019
1016 1019 1022
1022 1017 1020
656 1016 1023
658 656 1023
993 1024 1020
993 989 1024
1025 1020 1024
1022 1020 1025
1026 1024 989
1025 1024 1026
1026 989 992
1026 992 1027
1026 1027 1028
1025 1026 1028
1029 1028 1027
1016 1022 1030
1023 1016 1030
1022 1025 1031
1025 1028 1031
1022 1031 1030
1029 1032 1028
1032 1031 1028
1033 1032 1029
1023 1030 1034
1031 1034 1030
1033 1035 1032
1036 1035 1033
1032 1037 1031
1031 1037 1034
1035 1037 1032
1034 1038 1023
658 1023 1038
1036 1039 1035
1039 1036 1040
1035 1041 1037
1039 1041 1035
1042 1034 1037
1034 1042 1038
1042 1037 1041
1043 658 1038
658 1043 657
1039 1040 1044
1045 1044 1040
1042 1046 1038
1043 1038 1046
1047 1042 1041
1042 1047 1046
1039 1048 1041
1048 1039 1044
1047 1041 1048
1043 1049 657
655 657 1049
1046 1050 1043
1043 1050 1049
1047 1051 1046
1046 1051 1050
1052 1047 1048
1047 1052 1051
1048 1044 1053
1052 1048 1053
655 1049 1054
654 655 1054
1050 1055 1049
1054 1049 1055
1056 1050 1051
1050 1056 1055
1057 1051 1052
1056 1051 1057
1055 1058 1054
1054 1058 654
1053 1044 1059
1045 1059 1044
1053 1060 1052
1057 1052 1060
1056 1061 1055
1061 1058 1055
1061 1062 1058
654 1058 1063
1063 1058 1062
654 1063 1064
1063 1062 1064
660 654 1064
1065 660 1064
660 1065 659
703 659 1065
1066 1065 1064
1066 1064 1062
703 1065 1067
1067 1065 1066
1067 1068 703
697 703 1068
698 697 1068
698 1068 1069
1067 1070 1068
1070 1069 1068
1069 1071 698
698 1071 692
689 692 1071
1071 1072 689
689 1072 690
1073 690 1072
1069 1074 1071
1071 1074 1072
1073 1072 1075
1074 1075 1072
1074 1069 1076
1070 1076 1069
1073 1075 1077
1073 1077 1078
1077 1079 1078
1074 1080 1075
1074 1076 1080
1077 1081 1079
1081 1082 1079
1083 1076 1070
1080 1076 1084
1084 1076 1083
1083 1070 1085
1067 1085 1070
1067 1086 1085
1086 1067 1066
1075 1080 1087
1077 1075 1088
1075 1087 1088
1077 1089 1081
1077 1088 1089
1080 1084 1090
1087 1080 1090
1087 1091 1088
1088 1091 1089
1089 1092 1081
1081 1092 1082
1093 1087 1090
1093 1091 1087
1091 1094 1089
1089 1094 1092
1095 1090 1084
1093 1090 1095
1093 1096 1091
1091 1096 1094
1095 1097 1093
1093 1097 1096
1092 1098 1082
1094 1099 1092
1092 1099 1098
1096 1100 1094
1094 1100 1099
1097 1101 1096
1096 1101 1100
1082 1098 1102
1082 1102 1103
1103 1102 1104
1103 1104 1105
1106 1105 1104
1106 1107 1105
1108 1104 1102
1108 1106 1104
1108 1102 1109
1109 1102 1098
1109 1098 1110
1110 1098 1099
1110 1099 1111
1111 1099 1100
1111 1100 1112
1113 1112 1100
1108 1114 1106
1113 1100 1101
1115 1106 1114
1116 1113 1101
1115 1117 1106
1107 1106 1117
1118 1117 1115
1107 1117 1119
1116 1101 1120
1121 1116 1120
1097 1120 1101
1118 1122 1117
1119 1117 1122
1123 1122 1118
1121 1120 1124
1125 1121 1124
1126 1120 1097
1126 1124 1120
1095 1126 1097
1119 1122 1127
1128 1119 1127
1123 1129 1122
1129 1127 1122
1130 1129 1123
1125 1124 1131
1132 1125 1131
1133 1126 1095
1095 1084 1133
1134 1124 1126
1134 1131 1124
1133 1134 1126
1128 1127 1135
1136 1128 1135
1137 1133 1084
1084 1083 1137
1138 1134 1133
1137 1138 1133
1137 1083 1139
1139 1138 1137
1138 1140 1134
1140 1131 1134
1141 1135 1127
1129 1141 1127
1136 1135 1142
1143 1136 1142
1141 1144 1135
1142 1135 1144
1129 1145 1141
1145 1144 1141
1143 1142 1146
1146 1147 1143
1146 1148 1147
1148 1146 1149
1148 1149 1150
1151 1150 1149
1142 1152 1146
1142 1144 1152
1146 1152 1149
1153 1152 1144
1145 1153 1144
1129 1154 1145
1130 1154 1129
1155 1154 1130
1156 1145 1154
1153 1145 1156
1153 1157 1152
1149 1152 1157
1158 1151 1149
1151 1158 1159
1155 1160 1154
1156 1154 1160
1153 1156 1161
1157 1153 1161
1157 1162 1149
1149 1162 1158
1157 1161 1162
1161 1156 1163
1163 1156 1160
1155 1164 1160
1155 1165 1164
1166 1164 1165
1162 1161 1167
1161 1163 1167
1164 1168 1160
1163 1160 1168
1166 1169 1164
1169 1168 1164
1162 1167 1170
1158 1162 1170
1171 1167 1163
1171 1170 1167
1172 1163 1168
1171 1163 1172
1173 1158 1170
1171 1173 1170
1166 1174 1169
1166 1175 1174
1169 1176 1168
1172 1168 1176
1177 1171 1172
1173 1171 1177
1158 1173 1178
1158 1178 1159
1159 1178 741
1169 1179 1176
1169 1174 1179
1176 1180 1172
1177 1172 1180
1176 1179 1180
1179 1181 1180
1177 1180 1181
1175 1182 1174
1175 1183 1182
1184 1182 1183
1185 1179 1174
1185 1174 1182
1179 1185 1181
1184 1186 1182
1185 1182 1186
1187 1186 1184
1185 1186 1188
1188 1181 1185
1187 1189 1186
1189 1188 1186
1187 1190 1189
1187 1191 1190
1192 1190 1191
1189 1193 1188
1189 1190 1194
1189 1194 1193
1192 1195 1190
1190 1195 1194
1193 1196 1188
1188 1196 1181
1197 1193 1194
1193 1197 1196
1198 1181 1196
1198 1196 1197
1197 1194 1199
1199 1194 1195
1192 1200 1195
1192 1201 1200
1198 1202 1181
1177 1181 1202
1203 1197 1199
1198 1197 1203
1199 1195 1204
1204 1195 1200
1201 1205 1200
1201 1206 1205
1202 1207 1177
1173 1177 1207
1178 1173 1207
1208 1178 1207
1178 1208 741
1202 1209 1207
1209 1208 1207
1202 1210 1209
1209 1210 1208
1202 1198 1210
1211 741 1208
1208 1210 1211
1212 741 1211
1213 1210 1198
1211 1210 1213
1213 1198 1203
1214 1212 1211
1214 1211 1213
1215 1212 1214
1214 1216 1215
1215 1216 1217
1218 1217 1216
1203 1219 1213
1213 1219 1214
1203 1220 1219
1203 1199 1220
1214 1219 1221
1221 1219 1220
1216 1214 1221
1222 1220 1199
1221 1220 1222
1222 1199 1204
1223 1221 1222
1223 1216 1221
1218 1216 1224
1224 1225 1218
1224 1226 1225
1227 1222 1204
1223 1222 1227
1216 1223 1228
1224 1216 1228
1227 1228 1223
1226 1224 1229
1229 1224 1228
1226 1229 1230
1227 1204 1231
1204 1200 1231
1205 1231 1200
1227 1232 1228
1229 1228 1232
1231 1232 1227
1230 1229 1233
1229 1232 1233
1230 1233 1234
1231 1235 1232
1235 1233 1232
1205 1235 1231
1234 1233 1236
1235 1236 1233
1205 1236 1235
1234 1236 1237
1205 1238 1236
1237 1236 1238
1206 1238 1205
1206 1239 1238
1237 1238 1240
1239 1240 1238
1241 1237 1240
1239 1242 1240
1241 1240 1243
1242 1243 1240
1242 1244 1243
1243 1245 1241
1246 1243 1244
1243 1247 1245
1246 1247 1243
1248 1245 1247
1246 1249 1247
1248 1247 1249
1246 1250 1249
1251 1248 1249
1250 1252 1249
1251 1249 1252
1250 1253 1252
1253 1254 1252
1253 1255 1254
1256 1251 1252
1256 1252 1254
1255 1257 1254
1255 1258 1257
1259 1257 1258
1260 1251 1256
1260 1261 1251
1262 1256 1254
1262 1254 1257
1259 1263 1257
1264 1263 1259
1265 1261 1260
1265 1266 1261
1045 1266 1265
1045 1265 1059
1267 1260 1256
1265 1260 1267
1267 1256 1262
1268 1262 1257
1268 1257 1263
1264 1269 1263
1270 1269 1264
1265 1267 1271
1265 1271 1059
1272 1267 1262
1271 1267 1272
1272 1262 1268
1273 1268 1263
1273 1263 1269
1270 1274 1269
1275 1274 1270
1059 1271 1276
1276 1271 1272
1277 1272 1268
1277 1268 1273
1277 1276 1272
1278 1273 1269
1278 1269 1274
1275 1279 1274
1280 1279 1275
1059 1276 1281
1053 1059 1281
1053 1281 1060
1282 1277 1273
1282 1273 1278
1277 1283 1276
1276 1283 1281
1277 1282 1283
1281 1283 1284
1281 1284 1060
1282 1284 1283
1285 1278 1274
1285 1274 1279
1286 1282 1278
1282 1286 1284
1286 1278 1285
1284 1287 1060
1287 1057 1060
1288 1284 1286
1284 1288 1287
1289 1286 1285
1288 1286 1289
1290 1285 1279
1289 1285 1290
1291 1288 1289
1288 1291 1287
1287 1292 1057
1056 1057 1292
1293 1289 1290
1291 1289 1293
1291 1294 1287
1292 1287 1294
1056 1292 1295
1295 1061 1056
1295 1292 1296
1292 1294 1296
1294 1297 1296
1294 1291 1298
1293 1298 1291
1297 1294 1298
1061 1295 1299
1295 1296 1299
1296 1297 1300
1300 1299 1296
1061 1299 1301
1062 1061 1301
1299 1302 1301
1302 1062 1301
1300 1303 1299
1299 1303 1302
1302 1304 1062
1062 1304 1066
1305 1302 1303
1305 1304 1302
1066 1304 1305
1300 1305 1303
1066 1305 1086
1300 1306 1305
1086 1305 1306
1306 1300 1297
1086 1306 1085
1085 1306 1307
1307 1306 1297
1085 1307 1083
1139 1083 1307
1297 1308 1307
1307 1308 1139
1297 1309 1308
1297 1298 1309
1310 1139 1308
1139 1310 1138
1310 1140 1138
1310 1308 1311
1309 1311 1308
1309 1298 1312
1293 1312 1298
1310 1313 1140
1311 1313 1310
1309 1312 1314
1309 1314 1311
1315 1311 1314
1315 1314 1312
1312 1293 1316
1293 1290 1316
1313 1317 1140
1140 1317 1131
1311 1318 1313
1315 1318 1311
1318 1319 1313
1313 1319 1317
1317 1320 1131
1132 1131 1320
1321 1132 1320
1317 1322 1320
1321 1320 1322
1317 1319 1322
1323 1321 1322
1323 1322 1324
1324 1322 1319
1325 1323 1324
1318 1326 1319
1315 1326 1318
1324 1319 1326
1324 1326 1327
1315 1327 1326
1325 1324 1328
1324 1327 1328
1325 1328 1329
1329 1328 1327
1325 1329 1330
1315 1331 1327
1329 1327 1331
1330 1329 1332
1330 1332 1333
1315 1334 1331
1315 1312 1334
1312 1316 1334
1329 1331 1335
1334 1335 1331
1334 1316 1335
1329 1335 1332
1316 1336 1335
1336 1332 1335
1316 1290 1336
1290 1279 1336
1333 1332 1337
1336 1337 1332
1336 1279 1337
1333 1337 1280
1280 1337 1279
1338 1339 1340
1341 1339 1338
1341 1342 1339
1342 1341 1343
1342 1343 1344
1343 1345 1344
1343 1346 1345
1346 1347 1345
1346 1348 1347
1348 1349 1347
1350 1351 1352
1353 1351 1350
1353 1350 1354
1353 1354 1355
1353 1355 1356
1356 1355 1357
1356 1357 1358
1357 1359 1358
1357 1360 1359
1359 1360 1361
1362 1363 1364
1362 1365 1363
1365 1362 1366
1365 1367 1363
1365 1366 1368
1368 1366 1369
1365 1370 1367
1370 1365 1368
1370 1371 1367
1368 1369 1372
1373 1372 1369
1370 1368 1374
1374 1368 1372
1370 1375 1371
1370 1374 1375
1376 1371 1375
1376 1375 1377
1377 1375 1374
1378 1376 1377
1377 1374 1379
1379 1374 1372
1378 1377 1380
1380 1377 1379
1380 1381 1378
1373 1382 1372
1382 1373 1383
1379 1372 1384
1382 1384 1372
1380 1379 1385
1384 1385 1379
1380 1386 1381
1386 1380 1385
1386 1387 1381
1386 1388 1387
1385 1388 1386
1389 1387 1388
1384 1390 1385
1390 1384 1382
1389 1388 1391
1392 1389 1391
1385 1393 1388
1390 1393 1385
1393 1391 1388
1392 1391 1394
1394 1395 1392
1393 1396 1391
1396 1394 1391
1390 1397 1393
1396 1393 1397
1390 1382 1398
1398 1397 1390
1394 1399 1395
1399 1400 1395
1396 1401 1394
1401 1399 1394
1398 1382 1402
1382 1383 1402
1398 1403 1397
1403 1398 1402
1396 1397 1404
1401 1396 1404
1403 1404 1397
1401 1405 1399
1405 1401 1404
1399 1406 1400
1405 1406 1399
1402 1383 1407
1408 1407 1383
1408 1409 1407
1410 1407 1409
1410 1411 1407
1402 1407 1411
1408 1412 1409
1403 1402 1413
1411 1413 1402
1403 1414 1404
1413 1414 1403
1405 1404 1415
1414 1415 1404
1405 1416 1406
1415 1416 1405
1411 1417 1413
1413 1418 1414
1413 1417 1418
1414 1419 1415
1419 1414 1418
1420 1415 1419
1415 1420 1416
1421 1419 1418
1418 1417 1421
1420 1419 1421
1420 1421 1417
1422 1417 1411
1420 1417 1422
1416 1420 1422
1422 1411 1410
1406 1416 1423
1416 1422 1423
1406 1423 1424
1424 1400 1406
1424 1425 1400
1425 1424 1426
1425 1426 1427
1423 1422 1428
1422 1410 1428
1429 1423 1428
1429 1428 1426
1427 1426 1430
1427 1430 1431
1426 1428 1432
1410 1432 1428
1426 1432 1430
1431 1430 1433
1431 1433 1434
1430 1432 1435
1410 1435 1432
1430 1435 1433
1436 1434 1433
1436 1437 1434
1433 1435 1438
1410 1438 1435
1433 1438 1436
1438 1410 1439
1436 1438 1439
1410 1409 1439
1437 1436 1440
1436 1439 1440
1437 1440 1441
1440 1439 1442
1409 1442 1439
1441 1440 1443
1440 1442 1443
1441 1443 1444
1409 1445 1442
1445 1443 1442
1446 1444 1443
1445 1446 1443
1446 1447 1444
1445 1409 1448
1446 1445 1448
1448 1409 1412
1447 1446 1449
1446 1448 1449
1447 1449 1450
1448 1412 1451
1451 1449 1448
1412 1452 1451
1453 1450 1449
1451 1453 1449
1452 1453 1451
1453 1454 1450
1452 1455 1453
1455 1454 1453
1455 1456 1454
1457 1458 1459
1457 1460 1458
1461 1458 1460
1461 1460 1462
1462 1463 1461
1462 1464 1463
1465 1463 1464
1465 1464 1466
1467 1465 1466
1467 1468 1465
1468 1467 1469
1468 1469 1470
1470 1469 1471
1470 1471 1472
1473 1472 1471
1473 1474 1472
1475 1474 1473
1475 1476 1474
1476 1475 1477
1476 1477 1478
1479 1478 1477
1479 1480 1478
1481 1482 1483
1481 1484 1482
1484 1481 1485
1484 1485 1486
1485 1487 1486
1485 1488 1487
1488 1489 1487
1488 1490 1489
1490 1491 1489
1490 1492 1491
1493 1491 1492
1493 1492 1494
1495 1493 1494
1495 1494 1496
1497 1495 1496
1497 1496 1498
1498 1499 1497
1498 1500 1499
1501 1499 1500
1501 1500 1502
1502 1503 1501
1502 1504 1503
1505 1506 1507
1505 1508 1506
1509 1506 1508
1509 1508 1510
1510 1511 1509
1510 1512 1511
1512 1513 1511
1512 1514 1513
1514 1515 1513
1514 1516 1515
1516 1517 1515
1516 1518 1517
1518 1519 1517
1518 1520 1519
1521 1519 1520
1521 1520 1522
1522 1523 1521
1522 1524 1523
1524 1525 1523
1524 1526 1525
1527 1528 1529
1527 1530 1528
1531 1530 1527
1531 1527 1532
1533 1534 1535
1533 1535 1536
1536 1535 1537
1536 1537 1538
1538 1537 1539
1538 1539 1540
1541 1540 1539
1541 1542 1540
1542 1541 1543
1542 1543 1544
1544 1543 1545
1544 1545 1546
1546 1545 1547
1546 1547 1548
1548 1547 1549
1548 1549 1550
1551 1550 1549
1551 1552 1550
1553 1552 1551
1553 1554 1552
1555 1556 1557
1557 1556 1558
1558 1559 1557
1558 1560 1559
1559 1561 1557
1560 1562 1559
1559 1562 1561
1560 1563 1562
1561 1562 1564
1564 1562 1563
1564 1563 1565
1561 1564 1566
1564 1565 1567
1568 1566 1564
1568 1564 1567
1569 1568 1567
1568 1569 1570
1571 1566 1568
1568 1570 1572
1571 1568 1572
1570 1573 1572
1572 1574 1571
1573 1574 1572
1574 1575 1571
1573 1576 1574
1576 1575 1574
1577 1578 1579
1577 1580 1578
1581 1578 1580
1582 1580 1577
1583 1582 1577
1581 1580 1584
1584 1580 1582
1585 1581 1584
1584 1582 1586
1586 1582 1583
1585 1584 1586
1583 1587 1586
1585 1586 1588
1586 1587 1588
1585 1588 1589
1587 1589 1588
1585 1589 1590
1589 1591 1590
1589 1592 1591
1592 1589 1587
1592 1593 1591
1594 1587 1583
1592 1587 1594
1594 1583 1595
1596 1594 1595
1596 1595 1597
1596 1597 1598
1592 1599 1593
1599 1592 1594
1599 1594 1596
1599 1600 1593
1599 1601 1600
1601 1599 1596
1602 1600 1601
1603 1596 1598
1603 1598 1604
1605 1601 1596
1602 1601 1605
1605 1596 1603
1606 1602 1605
1605 1603 1606
1606 1603 1604
1606 1607 1602
1606 1604 1608
1607 1606 1608
1604 1609 1608
1607 1608 1610
1608 1609 1611
1608 1611 1610
1612 1613 1614
1612 1614 1615
1616 1615 1614
1616 1617 1615
1617 1616 1618
1617 1618 1619
1619 1618 1620
1619 1620 1621
1622 1619 1621
1622 1621 1623
1624 1617 1619
1624 1619 1622
1625 1622 1623
1625 1623 1626
1617 1624 1627
1617 1627 1628
1628 1629 1612
1628 1627 1629
1627 1630 1629
1627 1631 1630
1624 1631 1627
1631 1632 1630
1633 1624 1622
1624 1633 1631
1633 1622 1625
1631 1634 1632
1633 1634 1631
1635 1632 1634
1626 1636 1625
1626 1637 1636
1638 1633 1625
1633 1638 1634
1638 1625 1636
1635 1634 1639
1638 1639 1634
1640 1635 1639
1641 1636 1637
1641 1637 1642
1636 1643 1638
1638 1643 1639
1636 1641 1643
1640 1639 1644
1644 1639 1643
1644 1645 1640
1642 1646 1641
1642 1647 1646
1648 1643 1641
1644 1643 1648
1648 1641 1646
1644 1649 1645
1649 1644 1648
1649 1650 1645
1649 1648 1651
1646 1651 1648
1649 1652 1650
1652 1649 1651
1652 1653 1650
1654 1646 1647
1647 1655 1654
1646 1656 1651
1654 1656 1646
1657 1654 1655
1654 1657 1656
1657 1655 1658
1659 1651 1656
1652 1651 1659
1652 1660 1653
1660 1661 1653
1660 1662 1661
1660 1663 1662
1664 1657 1658
1664 1658 1665
1666 1657 1664
1656 1657 1667
1666 1667 1657
1656 1667 1659
1668 1667 1666
1652 1659 1669
1660 1652 1669
1659 1667 1669
1660 1670 1663
1660 1669 1670
1670 1671 1663
1668 1672 1667
1669 1667 1672
1669 1672 1670
1670 1672 1671
1672 1668 1673
1672 1673 1671
1674 1675 1676
1677 1674 1676
1677 1676 1678
1678 1679 1677
1678 1680 1679
1679 1680 1681
1679 1681 1682
1682 1681 1683
1682 1683 1684
1684 1683 1685
1686 1687 1688
1689 1686 1688
1689 1690 1686
1689 1691 1690
1689 1692 1691
1692 1693 1691
1692 1694 1693
1694 1695 1693
1694 1696 1695
1696 1697 1695
1698 1699 1700
1698 1700 1701
1701 1702 1698
1701 1700 1703
1701 1704 1702
1704 1705 1702
1701 1703 1706
1706 1704 1701
1706 1703 1707
1704 1708 1705
1709 1705 1708
1706 1710 1704
1710 1708 1704
1706 1707 1711
1706 1711 1710
1712 1711 1707
1712 1713 1711
1713 1710 1711
1714 1713 1712
1713 1715 1710
1715 1708 1710
1714 1716 1713
1716 1715 1713
1716 1714 1717
1709 1708 1718
1718 1719 1709
1715 1720 1708
1718 1708 1720
1716 1721 1715
1720 1715 1721
1716 1717 1722
1722 1721 1716
1722 1717 1723
1722 1723 1724
1721 1722 1724
1725 1724 1723
1720 1721 1726
1726 1718 1720
1725 1727 1724
1728 1727 1725
1721 1724 1729
1726 1721 1729
1729 1724 1727
1728 1730 1727
1730 1728 1731
1729 1727 1732
1732 1727 1730
1726 1729 1733
1732 1733 1729
1726 1734 1718
1734 1726 1733
1730 1731 1735
1735 1731 1736
1732 1730 1737
1737 1730 1735
1734 1738 1718
1718 1738 1719
1734 1733 1739
1739 1738 1734
1732 1740 1733
1737 1740 1732
1739 1733 1740
1737 1735 1741
1741 1740 1737
1735 1736 1742
1741 1735 1742
1738 1743 1719
1744 1719 1743
1744 1743 1745
1746 1745 1743
1746 1743 1747
1738 1747 1743
1744 1745 1748
1739 1749 1738
1747 1738 1749
1739 1740 1750
1749 1739 1750
1741 1751 1740
1750 1740 1751
1741 1742 1752
1751 1741 1752
1747 1749 1753
1749 1750 1754
1749 1754 1753
1750 1751 1755
1755 1754 1750
1756 1755 1751
1751 1752 1756
1757 1754 1755
1754 1757 1753
1756 1757 1755
1756 1753 1757
1758 1747 1753
1756 1758 1753
1752 1758 1756
1758 1746 1747
1742 1759 1752
1752 1759 1758
1742 1760 1759
1760 1742 1736
1760 1736 1761
1761 1762 1760
1761 1763 1762
1759 1764 1758
1758 1764 1746
1765 1764 1759
1765 1766 1764
1763 1767 1766
1763 1768 1767
1766 1769 1764
1746 1764 1769
1766 1767 1769
1768 1770 1767
1768 1771 1770
1767 1772 1769
1746 1769 1772
1767 1770 1772
1773 1770 1771
1773 1771 1774
1770 1775 1772
1746 1772 1775
1770 1773 1775
1775 1776 1746
1773 1776 1775
1746 1776 1745
1774 1777 1773
1773 1777 1776
1774 1778 1777
1777 1779 1776
1745 1776 1779
1778 1780 1777
1777 1780 1779
1778 1781 1780
1745 1779 1782
1782 1779 1780
1783 1780 1781
1782 1780 1783
1783 1781 1784
1782 1785 1745
1783 1785 1782
1785 1748 1745
1784 1786 1783
1783 1786 1785
1784 1787 1786
1785 1788 1748
1788 1785 1786
1748 1788 1789
1790 1786 1787
1788 1786 1790
1789 1788 1790
1790 1787 1791
1789 1790 1792
1792 1790 1791
1792 1791 1793
1794 1795 1796
1794 1796 1797
1798 1797 1796
1798 1799 1797
1799 1798 1800
1799 1800 1801
1802 1801 1800
1802 1803 1801
1804 1803 1802
1804 1802 1805
1805 1806 1804
1805 1807 1806
1807 1808 1806
1807 1809 1808
1810 1808 1809
1810 1809 1811
1812 1810 1811
1812 1811 1813
1813 1814 1812
1813 1815 1814
1816 1814 1815
1816 1815 1817
1818 1819 1820
1818 1820 1821
1821 1822 1818
1821 1823 1822
1822 1823 1824
1822 1824 1825
1825 1824 1826
1825 1826 1827
1827 1826 1828
1827 1828 1829
1830 1829 1828
1830 1831 1829
1832 1831 1830
1832 1833 1831
1834 1833 1832
1834 1835 1833
1835 1834 1836
1835 1836 1837
1838 1837 1836
1838 1839 1837
1839 1838 1840
1839 1840 1841
1842 1843 1844
1842 1844 1845
1846 1842 1845
1846 1847 1842
1848 1849 1844
1848 1850 1849
1850 1851 1849
1850 1852 1851
1852 1853 1851
1852 1854 1853
1855 1853 1854
1855 1854 1856
1856 1857 1855
1856 1858 1857
1858 1859 1857
1858 1860 1859
1860 1861 1859
1860 1862 1861
1862 1863 1861
1862 1864 1863
1865 1863 1864
1865 1864 1866
1867 1865 1866
1867 1866 1868
1869 1870 1871
1869 1872 1870
1873 1872 1869
1873 1874 1872
1874 1873 1875
1874 1875 1876
1877 1876 1875
1877 1878 1876
1879 1878 1877
1879 1880 1878
1881 1880 1879
1881 1882 1880
1883 1882 1881
1883 1884 1882
1885 1884 1883
1885 1886 1884
1886 1885 1887
1886 1887 1888
1889 1888 1887
1889 1846 1888
1890 1891 1892
1890 1893 1891
1894 1893 1890
1894 1890 1895
1894 1895 1896
1893 1897 1891
1894 1898 1893
1893 1898 1897
1899 1891 1897
1891 1899 1900
1891 1900 1901
1902 1900 1899
1902 1899 1903
1899 1897 1904
1898 1904 1897
1903 1899 1904
1905 1903 1904
1905 1904 1898
1906 1905 1898
1907 1903 1905
1907 1905 1906
1907 1908 1903
1907 1906 1909
1906 1910 1909
1906 1898 1911
1894 1911 1898
1906 1911 1912
1894 1912 1911
1906 1913 1910
1906 1912 1913
1894 1914 1912
1894 1896 1914
1910 1913 1915
1910 1915 1916
1915 1917 1916
1913 1912 1918
1914 1918 1912
1913 1918 1915
1919 1914 1896
1914 1919 1918
1919 1896 1920
1915 1921 1917
1921 1922 1917
1923 1915 1918
1923 1918 1919
1923 1921 1915
1924 1919 1920
1923 1919 1924
1924 1920 1925
1926 1924 1925
1921 1927 1922
1921 1928 1927
1921 1923 1928
1924 1928 1923
1924 1929 1928
1926 1929 1924
1930 1922 1931
1930 1932 1922
1930 1931 1933
1934 1932 1930
1934 1935 1932
1936 1935 1934
1930 1933 1937
1937 1934 1930
1938 1937 1933
1938 1933 1939
1926 1938 1939
1926 1940 1938
1938 1940 1941
1938 1941 1942
1937 1938 1942
1942 1941 1943
1937 1944 1934
1937 1942 1944
1936 1934 1945
1945 1934 1944
1946 1936 1945
1946 1947 1936
1948 1947 1946
1942 1943 1949
1949 1944 1942
1950 1949 1943
1950 1943 1951
1950 1951 1952
1945 1944 1953
1949 1953 1944
1946 1945 1953
1950 1953 1949
1946 1953 1954
1950 1954 1953
1946 1954 1955
1950 1955 1954
1948 1946 1956
1946 1955 1956
1950 1952 1957
1950 1957 1955
1948 1956 1958
1948 1958 1959
1952 1960 1957
1952 1961 1960
1960 1961 1962
1959 1963 1962
1959 1958 1963
1960 1962 1963
1956 1964 1958
1956 1955 1964
1958 1964 1963
1957 1960 1965
1957 1965 1955
1955 1965 1964
1963 1964 1965
1963 1965 1960
1966 1967 1968
1969 1966 1968
1969 1970 1966
1971 1970 1969
1971 1972 1970
1973 1972 1971
1973 1971 1974
1975 1973 1974
1975 1976 1973
1977 1976 1975
1977 1975 1978
1979 1977 1978
1979 1980 1977
1981 1980 1979
1981 1979 1982
1983 1981 1982
1983 1984 1981
1984 1983 1985
1984 1985 1986
1985 1987 1986
1985 1988 1987
1989 1987 1988
1989 1990 1987
1991 1990 1989
1991 1992 1990
1993 1992 1991
1993 1994 1992
1995 1994 1993
1995 1996 1994
1996 1995 1997
1996 1997 1998
1998 1997 1999
1998 1999 2000
2000 1999 2001
2002 2003 2004
2005 2003 2002
2005 2002 2006
2007 2005 2006
2007 2006 2008
2009 2007 2008
2009 2008 2010
2011 2009 2010
2011 2010 2012
2013 2011 2012
2013 2012 2014
2015 2013 2014
2015 2014 2016
2017 2015 2016
2017 2018 2015
2019 2018 2017
2019 2017 2020
2020 2021 2019
2020 2022 2021
2021 2022 2023
2021 2023 2024
2025 2024 2023
2025 2023 2026
2027 2025 2026
2027 2026 2028
2029 2027 2028
2029 2028 2030
2031 2029 2030
2031 2030 2032
2032 2033 2031
2032 2034 2033
2034 2035 2033
2034 2036 2035
2036 2037 2035
2038 2039 530
2040 2039 2038
2040 2038 2041
2041 536 2040
947 2042 2043
2042 2044 2043
2042 957 2044
2045 2046 2047
2046 2048 2047
2049 2046 2045
2049 2045 2050
2051 2048 2046
2051 2052 2048
2053 2052 2051
2053 2051 2054
2054 2051 2046
2054 2046 2055
2046 2056 2055
2046 2049 2056
2049 2057 2056
2049 2050 2058
2049 2058 2057
2058 2050 2059
2057 2058 2060
2058 2059 2060
2057 2060 2061
2060 2059 2062
2063 2061 2060
2060 2062 2064
2063 2060 2064
2064 2062 2065
2066 2063 2064
2064 2065 2067
2066 2064 2067
2068 2067 2065
2067 2069 2066
2066 2069 2070
2069 2071 2070
2068 2072 2067
2067 2072 2069
2073 2072 2068
2069 2074 2071
2072 2074 2069
2073 2074 2072
2075 2071 2074
2074 2073 2076
2075 2074 2077
2074 2076 2077
2077 2078 2075
2076 2079 2077
2077 2079 2078
2076 2080 2079
2081 2078 2079
2080 2082 2079
2081 2079 2082
2081 2082 2083
2083 2084 2081
2080 2085 2082
2083 2082 2085
2083 2085 2086
2087 2083 2086
2087 2088 2083
2089 2088 2087
2083 2090 2084
2088 2091 2083
2083 2091 2090
2089 2092 2088
2092 2091 2088
2090 2091 2093
2092 2094 2091
2084 2090 2095
2090 2093 2095
2084 2095 2096
2095 2093 2097
2098 2096 2095
2099 2092 2089
2094 2092 2099
2099 2089 2100
2094 2099 2101
2095 2097 2102
2098 2095 2102
2102 2097 2103
2103 2098 2102
2104 2099 2100
2101 2099 2104
2104 2100 2105
2101 2104 2106
2107 2104 2105
2106 2104 2107
2107 2105 2108
2106 2107 2109
2110 2107 2108
2110 2109 2107
2110 2108 2111
2110 2112 2109
2111 2113 2110
2110 2113 2112
2114 2115 2116
2114 2117 2115
2114 2116 2118
2116 2119 2118
2119 2120 2118
2120 2114 2118
2120 2121 2114
2117 2114 2122
2121 2122 2114
2117 2122 2123
2121 2124 2122
2122 2125 2123
2124 2125 2122
2126 2127 2128
2128 2127 2129
2130 2126 2128
2130 2131 2126
2132 2128 2129
2132 2129 2133
2134 2132 2133
2134 2135 2132
2135 2128 2132
2135 2136 2128
2128 2136 2137
2128 2137 2130
2130 2137 2138
2130 2139 2131
2130 2138 2139
2139 2140 2131
2138 2141 2139
2139 2141 2140
2138 2142 2141
2141 2143 2140
2144 2141 2142
2141 2145 2143
2144 2145 2141
2145 2146 2143
2147 2145 2144
2145 2148 2146
2147 2148 2145
2149 2146 2148
2148 2147 2150
2147 2151 2150
2150 2151 2152
2149 2148 2153
2148 2150 2153
2154 2149 2153
2150 2152 2155
2153 2150 2155
2154 2153 2155
2156 2155 2152
2155 2157 2154
2156 2158 2155
2155 2158 2157
2158 2156 2159
2157 2158 2160
2158 2159 2160
2157 2160 2161
2162 2160 2159
2161 2160 2163
2162 2163 2160
2162 2164 2163
2164 2162 2165
2161 2163 2166
2164 2166 2163
2164 2167 2166
2168 2167 2164
2168 2164 2169
2170 2168 2169
2164 2165 2171
2169 2164 2172
2164 2171 2172
2170 2169 2173
2173 2169 2172
2171 2174 2172
2173 2172 2175
2165 2176 2171
2171 2176 2174
2165 2177 2176
2176 2178 2174
2179 2176 2177
2180 2170 2173
2175 2180 2173
2180 2181 2170
2175 2182 2180
2176 2183 2178
2179 2183 2176
2183 2184 2178
2184 2183 2179
2185 2181 2180
2182 2185 2180
2185 2186 2181
2182 2187 2185
2188 2186 2185
2187 2188 2185
2188 2189 2186
2187 2190 2188
2191 2189 2188
2191 2188 2190
2191 2192 2189
2191 2190 2193
2192 2191 2194
2191 2193 2194
2195 2196 2197
2195 2197 2198
2195 2199 2196
2196 2199 2200
2200 2199 2201
2201 2199 2195
2201 2195 2202
2198 2203 2195
2202 2195 2203
2198 2204 2203
2202 2203 2205
2203 2204 2206
2205 2203 2206
2207 2208 2209
2210 2207 2209
2207 2211 2208
2212 2208 2211
2212 2213 2208
2214 2213 2212
2214 2215 2213
2216 2215 2214
2216 2214 2217
2218 2217 2214
2217 2219 2216
2220 2219 2217
2221 2214 2212
2218 2214 2221
2222 2212 2211
2221 2212 2222
2207 2223 2211
2222 2211 2223
2217 2224 2220
2218 2224 2217
2225 2221 2222
2226 2222 2223
2226 2225 2222
2207 2227 2223
2226 2223 2227
2225 2226 2228
2229 2225 2228
2225 2229 2221
2229 2218 2221
2226 2230 2228
2226 2227 2230
2231 2227 2207
2210 2231 2207
2230 2227 2232
2232 2227 2231
2233 2231 2210
2232 2231 2233
2234 2232 2233
2233 2210 2235
2230 2232 2236
2230 2236 2228
2236 2232 2234
2237 2233 2235
2234 2233 2237
2237 2235 2238
2237 2238 2239
2237 2239 2240
2234 2237 2240
2239 2241 2240
2240 2241 2242
2240 2242 2243
2243 2242 2244
2236 2245 2228
2236 2234 2245
2234 2240 2246
2246 2240 2243
2247 2245 2234
2245 2247 2228
2247 2234 2246
2243 2244 2248
2248 2244 2249
2250 2247 2246
2247 2250 2228
2246 2243 2251
2250 2246 2251
2251 2243 2248
2248 2249 2252
2252 2249 2253
2250 2254 2228
2254 2250 2251
2251 2248 2255
2254 2251 2255
2255 2248 2252
2254 2256 2228
2256 2254 2255
2256 2257 2228
2257 2258 2228
2256 2255 2259
2255 2252 2259
2257 2256 2259
2252 2253 2260
2259 2252 2260
2261 2260 2253
2261 2253 2262
2263 2261 2262
2257 2259 2264
2259 2260 2264
2258 2257 2264
2264 2260 2261
2258 2264 2265
2264 2261 2265
2263 2266 2261
2266 2263 2267
2268 2258 2265
2258 2268 2228
2269 2265 2261
2268 2265 2269
2269 2261 2266
2270 2266 2267
2270 2267 2271
2272 2268 2269
2268 2272 2228
2273 2269 2266
2272 2269 2273
2273 2266 2270
2274 2270 2271
2274 2271 2275
2276 2272 2273
2272 2276 2228
2277 2273 2270
2276 2273 2277
2277 2270 2274
2278 2274 2275
2278 2275 2279
2278 2279 2280
2281 2276 2277
2276 2281 2228
2282 2277 2274
2281 2277 2282
2282 2274 2278
2283 2278 2280
2283 2280 2284
2281 2285 2228
2285 2281 2282
2286 2282 2278
2286 2278 2283
2285 2282 2286
2287 2283 2284
2286 2283 2287
2287 2284 2288
2285 2289 2228
2289 2285 2286
2289 2290 2228
2290 2291 2228
2289 2286 2292
2286 2287 2292
2290 2289 2292
2293 2287 2288
2292 2287 2293
2293 2288 2294
2293 2294 2295
2290 2292 2296
2292 2293 2296
2291 2290 2296
2293 2295 2297
2296 2293 2297
2297 2295 2298
2291 2296 2299
2296 2297 2299
2297 2298 2300
2299 2297 2300
2300 2298 2301
2302 2291 2299
2291 2302 2228
2300 2301 2303
2303 2301 2304
2299 2300 2305
2302 2299 2305
2305 2300 2303
2303 2304 2306
2306 2304 2307
2308 2302 2305
2302 2308 2228
2305 2303 2309
2308 2305 2309
2309 2303 2306
2306 2307 2310
2310 2307 2220
2311 2308 2309
2308 2311 2228
2309 2306 2312
2311 2309 2312
2312 2306 2310
2310 2220 2313
2224 2313 2220
2314 2311 2312
2311 2314 2228
2312 2310 2315
2315 2310 2313
2314 2312 2315
2316 2313 2224
2315 2313 2316
2316 2224 2218
2317 2314 2315
2317 2315 2316
2314 2317 2228
2317 2316 2218
2317 2318 2228
2317 2218 2318
2318 2229 2228
2229 2318 2218
2319 2320 2321
2322 2320 2319
2319 2321 2323
2324 2323 2321
2324 2321 2325
2326 2324 2325
2326 2325 2327
2326 2327 2328
2326 2328 2329
2330 2326 2329
2328 2331 2329
2329 2331 2332
2333 2324 2326
2330 2333 2326
2334 2323 2324
2333 2334 2324
2319 2323 2335
2334 2335 2323
2332 2336 2329
2330 2329 2336
2337 2334 2333
2338 2335 2334
2338 2334 2337
2319 2335 2339
2338 2339 2335
2337 2340 2338
2341 2340 2337
2337 2333 2341
2341 2333 2330
2338 2340 2342
2338 2342 2339
2343 2319 2339
2322 2319 2343
2342 2344 2339
2344 2343 2339
2345 2322 2343
2344 2345 2343
2346 2345 2344
2345 2347 2322
2342 2348 2344
2342 2340 2348
2348 2346 2344
2349 2347 2345
2346 2349 2345
2349 2350 2347
2349 2351 2350
2349 2352 2351
2346 2352 2349
2352 2353 2351
2352 2354 2353
2352 2355 2354
2355 2356 2354
2348 2340 2357
2348 2357 2346
2346 2358 2352
2358 2355 2352
2359 2346 2357
2357 2340 2359
2359 2358 2346
2355 2360 2356
2360 2361 2356
2362 2358 2359
2359 2340 2362
2358 2363 2355
2362 2363 2358
2363 2360 2355
2360 2364 2361
2364 2365 2361
2362 2340 2366
2366 2363 2362
2363 2367 2360
2366 2367 2363
2367 2364 2360
2366 2340 2368
2368 2367 2366
2368 2340 2369
2369 2340 2370
2368 2371 2367
2367 2371 2364
2369 2371 2368
2364 2372 2365
2371 2372 2364
2373 2365 2372
2373 2374 2365
2375 2374 2373
2369 2376 2371
2371 2376 2372
2370 2376 2369
2376 2373 2372
2370 2377 2376
2376 2377 2373
2375 2373 2378
2378 2379 2375
2380 2377 2370
2370 2340 2380
2381 2373 2377
2380 2381 2377
2381 2378 2373
2382 2379 2378
2382 2383 2379
2384 2381 2380
2380 2340 2384
2385 2378 2381
2384 2385 2381
2385 2382 2378
2386 2383 2382
2386 2387 2383
2388 2385 2384
2384 2340 2388
2389 2382 2385
2388 2389 2385
2389 2386 2382
2390 2387 2386
2390 2391 2387
2390 2392 2391
2393 2389 2388
2388 2340 2393
2394 2386 2389
2393 2394 2389
2394 2390 2386
2395 2392 2390
2395 2396 2392
2393 2340 2397
2397 2394 2393
2398 2390 2394
2398 2395 2390
2397 2398 2394
2399 2396 2395
2398 2399 2395
2399 2400 2396
2397 2340 2401
2401 2398 2397
2401 2340 2402
2402 2340 2403
2401 2404 2398
2398 2404 2399
2402 2404 2401
2405 2400 2399
2404 2405 2399
2405 2406 2400
2405 2407 2406
2402 2408 2404
2404 2408 2405
2403 2408 2402
2405 2409 2407
2408 2409 2405
2409 2410 2407
2403 2411 2408
2408 2411 2409
2409 2412 2410
2411 2412 2409
2412 2413 2410
2414 2411 2403
2403 2340 2414
2412 2415 2413
2415 2416 2413
2411 2417 2412
2414 2417 2411
2417 2415 2412
2415 2418 2416
2418 2419 2416
2420 2417 2414
2414 2340 2420
2417 2421 2415
2420 2421 2417
2421 2418 2415
2418 2422 2419
2422 2332 2419
2423 2421 2420
2420 2340 2423
2421 2424 2418
2423 2424 2421
2424 2422 2418
2422 2425 2332
2332 2425 2336
2426 2424 2423
2423 2340 2426
2424 2427 2422
2427 2425 2422
2426 2427 2424
2428 2336 2425
2427 2428 2425
2428 2330 2336
2429 2427 2426
2429 2428 2427
2426 2340 2429
2429 2330 2428
2429 2340 2430
2429 2430 2330
2430 2340 2341
2341 2330 2430
2431 2432 2433
2431 2434 2432
2431 2435 2434
2431 2433 2436
2437 2436 2433
2438 2435 2431
2436 2438 2431
2438 2439 2435
2440 2439 2438
2436 2440 2438
2440 2441 2439
2442 2441 2440
2437 2443 2436
2443 2440 2436
2444 2443 2437
2442 2440 2445
2443 2445 2440
2446 2442 2445
2446 2445 2447
2447 2445 2443
2447 2448 2446
2444 2449 2443
2447 2443 2449
2447 2450 2448
2450 2447 2449
2450 2451 2448
2452 2449 2444
2450 2449 2452
2452 2444 2453
2450 2454 2451
2454 2450 2452
2454 2455 2451
2456 2452 2453
2454 2452 2456
2456 2453 2457
2454 2458 2455
2456 2458 2454
2458 2459 2455
2457 2460 2456
2456 2460 2458
2457 2461 2460
2458 2462 2459
2460 2462 2458
2461 2463 2460
2460 2463 2462
2463 2459 2462
2461 2464 2463
2463 2465 2459
2465 2463 2464
2465 2464 2466
2467 2466 2468
2467 2468 2469
2470 2469 2468
2467 2469 2471
2467 2471 2472
2470 2473 2469
2473 2471 2469
2474 2473 2470
2475 2472 2471
2473 2475 2471
2475 2476 2472
2474 2477 2473
2477 2475 2473
2477 2474 2478
2479 2476 2475
2477 2479 2475
2479 2480 2476
2477 2478 2481
2481 2479 2477
2481 2478 2482
2480 2479 2483
2481 2483 2479
2480 2483 2484
2481 2482 2485
2485 2483 2481
2486 2485 2482
2484 2483 2487
2485 2487 2483
2484 2487 2488
2489 2488 2487
2486 2490 2485
2487 2485 2490
2489 2487 2491
2487 2490 2491
2491 2492 2489
2491 2493 2492
2490 2493 2491
2493 2494 2492
2495 2490 2486
2490 2495 2493
2495 2486 2496
2493 2497 2494
2495 2497 2493
2498 2494 2497
2496 2499 2495
2495 2499 2497
2498 2497 2499
2496 2500 2499
2498 2499 2500
2498 2500 2434
2501 2502 2503
2504 2501 2503
2501 2505 2502
2505 2506 2502
2505 2507 2506
2507 2508 2506
2507 2509 2508
2507 2510 2509
2511 2507 2505
2507 2511 2510
2511 2505 2501
2512 2510 2511
2512 2511 2513
2513 2511 2501
2514 2512 2513
2504 2515 2501
2513 2501 2515
2516 2515 2504
2516 2517 2515
2517 2513 2515
2517 2516 2518
2514 2513 2519
2517 2519 2513
2517 2518 2520
2520 2519 2517
2520 2518 2521
2522 2514 2519
2520 2522 2519
2522 2523 2514
2520 2521 2524
2524 2522 2520
2524 2521 2525
2526 2523 2522
2524 2526 2522
2526 2527 2523
2524 2525 2528
2526 2524 2528
2528 2525 2529
2527 2526 2530
2526 2528 2530
2527 2530 2531
2528 2529 2532
2530 2528 2532
2531 2530 2533
2530 2532 2533
2533 2532 2529
2531 2533 2534
2533 2529 2535
2535 2534 2533
2535 2536 2534
2537 2538 2536
2537 2539 2538
2540 2538 2539
2537 2541 2539
2537 2542 2541
2540 2539 2543
2543 2539 2541
2544 2540 2543
2545 2541 2542
2543 2541 2545
2545 2542 2546
2544 2543 2547
2547 2543 2545
2547 2548 2544
2549 2545 2546
2547 2545 2549
2549 2546 2550
2547 2551 2548
2551 2547 2549
2551 2552 2548
2550 2553 2549
2551 2549 2553
2550 2554 2553
2551 2555 2552
2555 2551 2553
2556 2552 2555
2554 2557 2553
2555 2553 2557
2554 2558 2557
2559 2557 2558
2556 2555 2560
2557 2560 2555
2559 2561 2557
2557 2561 2560
2561 2559 2562
2561 2562 2563
2560 2561 2563
2563 2562 2564
2565 2556 2560
2560 2563 2565
2565 2566 2556
2563 2564 2567
2565 2563 2567
2568 2567 2564
2566 2565 2569
2565 2567 2569
2568 2569 2567
2566 2569 2570
2568 2570 2569
2568 2508 2570
2571 2572 2573
2571 2573 2574
2575 2571 2574
2574 2573 2576
2575 2574 2577
2574 2576 2578
2578 2577 2574
2579 2578 2576
2579 2576 2580
2575 2577 2581
2575 2581 2582
2578 2583 2577
2583 2578 2579
2584 2579 2580
2584 2580 2585
2582 2581 2586
2582 2586 2587
2588 2586 2581
2589 2581 2577
2588 2581 2589
2589 2577 2583
2590 2588 2589
2583 2579 2591
2591 2579 2584
2592 2589 2583
2590 2589 2592
2592 2583 2591
2593 2590 2592
2593 2592 2591
2593 2594 2590
2595 2584 2585
2595 2585 2596
2595 2596 2597
2595 2597 2598
2591 2584 2599
2593 2591 2599
2600 2599 2584
2600 2584 2595
2593 2599 2600
2601 2594 2593
2593 2600 2601
2601 2602 2594
2601 2603 2602
2601 2604 2603
2601 2605 2604
2601 2600 2605
2605 2600 2606
2600 2595 2606
2595 2598 2606
2607 2608 2598
2609 2608 2607
2607 2598 2610
2609 2607 2611
2607 2610 2612
2607 2613 2611
2607 2612 2613
2614 2615 2572
2614 2616 2615
2617 2616 2614
2616 2618 2615
2617 2619 2616
2616 2620 2618
2620 2616 2619
2621 2618 2620
2621 2622 2618
2617 2623 2619
2617 2624 2623
2620 2619 2625
2625 2621 2620
2626 2622 2621
2626 2627 2622
2624 2628 2623
2624 2587 2628
2629 2623 2628
2630 2619 2623
2629 2630 2623
2630 2625 2619
2631 2630 2629
2625 2632 2621
2632 2626 2621
2633 2625 2630
2631 2633 2630
2633 2632 2625
2634 2633 2631
2634 2632 2633
2634 2631 2635
2632 2636 2626
2634 2636 2632
2637 2634 2635
2637 2635 2638
2637 2638 2639
2634 2640 2636
2640 2626 2636
2634 2637 2640
2640 2641 2626
2641 2627 2626
2641 2642 2627
2641 2643 2642
2637 2639 2644
2637 2645 2640
2637 2644 2645
2646 2644 2639
2645 2644 2646
2646 2639 2647
2646 2647 2643
2645 2648 2640
2640 2648 2641
2645 2646 2648
2641 2649 2643
2646 2643 2649
2646 2649 2648
2641 2648 2649
2650 2651 2652
2653 2650 2652
2651 2654 2652
2655 2653 2652
2654 2656 2652
2657 2655 2652
2656 2658 2652
2659 2657 2652
2658 2660 2652
2661 2659 2652
2660 2662 2652
2662 2661 2652
2663 2664 2665
2666 2664 2663
2665 2664 2667
2668 2664 2666
2667 2664 2669
2670 2664 2668
2669 2664 2671
2672 2664 2670
2671 2664 2673
2674 2664 2672
2673 2664 2675
2675 2664 2674
2676 2677 2678
2676 2678 2679
2680 2677 2676
2679 2678 2681
2679 2681 2682
2680 2683 2677
2684 2683 2680
2682 2681 2685
2682 2685 2686
2684 2687 2683
2688 2687 2684
2686 2685 2689
2686 2689 2690
2688 2691 2687
2692 2691 2688
2690 2689 2693
2690 2693 2694
2692 2695 2691
2696 2695 2692
2694 2693 2697
2694 2697 2698
2696 2699 2695
2700 2699 2696
2698 2697 2701
2698 2701 2702
2700 2703 2699
2704 2703 2700
2702 2701 2705
2702 2705 2706
2704 2707 2703
2708 2707 2704
2706 2705 2709
2706 2709 2710
2708 2711 2707
2712 2711 2708
2710 2709 2713
2710 2713 2714
2712 2715 2711
2716 2715 2712
2714 2713 2717
2714 2717 2718
2716 2719 2715
2720 2719 2716
2718 2717 2721
2718 2721 2722
2722 2723 2720
2720 2723 2719
2722 2721 2723
2709 2724 2713
2713 2725 2717
2713 2724 2725
2724 2726 2725
2709 2727 2724
2727 2726 2724
2705 2727 2709
2717 2725 2728
2717 2728 2721
2725 2726 2728
2705 2729 2727
2729 2726 2727
2701 2729 2705
2721 2728 2730
2721 2730 2723
2728 2726 2730
2701 2731 2729
2731 2726 2729
2697 2731 2701
2723 2730 2732
2730 2726 2732
2733 2726 2731
2697 2733 2731
2732 2726 2734
2723 2732 2719
2719 2732 2734
2693 2733 2697
2719 2734 2715
2693 2735 2733
2735 2726 2733
2689 2735 2693
2715 2734 2736
2734 2726 2736
2715 2736 2711
2689 2737 2735
2737 2726 2735
2685 2737 2689
2711 2736 2738
2736 2726 2738
2711 2738 2707
2685 2739 2737
2739 2726 2737
2681 2739 2685
2707 2738 2740
2738 2726 2740
2741 2726 2739
2681 2741 2739
2740 2726 2742
2707 2740 2703
2703 2740 2742
2678 2741 2681
2703 2742 2699
2678 2743 2741
2743 2726 2741
2677 2743 2678
2699 2742 2744
2742 2726 2744
2699 2744 2695
2677 2745 2743
2745 2726 2743
2683 2745 2677
2695 2744 2746
2744 2726 2746
2695 2746 2691
2683 2747 2745
2747 2726 2745
2687 2747 2683
2691 2746 2748
2746 2726 2748
2691 2748 2687
2687 2748 2747
2748 2726 2747
2749 2750 2751
2749 2751 2752
2753 2749 2752
2750 2754 2751
2750 2755 2754
2753 2752 2756
2757 2753 2756
2755 2758 2754
2755 2759 2758
2757 2756 2760
2761 2757 2760
2759 2762 2758
2759 2763 2762
2761 2760 2764
2765 2761 2764
2763 2766 2762
2763 2767 2766
2765 2764 2768
2769 2765 2768
2767 2770 2766
2767 2771 2770
2769 2768 2772
2773 2769 2772
2771 2774 2770
2771 2775 2774
2773 2772 2776
2777 2773 2776
2775 2778 2774
2775 2779 2778
2777 2776 2780
2781 2777 2780
2779 2782 2778
2779 2783 2782
2781 2780 2784
2785 2781 2784
2783 2786 2782
2783 2787 2786
2785 2784 2788
2789 2785 2788
2787 2790 2786
2787 2791 2790
2789 2788 2792
2793 2789 2792
2791 2794 2790
2791 2795 2794
2795 2793 2796
2793 2792 2796
2795 2796 2794
2786 2797 2782
2790 2798 2786
2786 2798 2797
2797 2798 2799
2782 2797 2800
2800 2797 2799
2782 2800 2778
2790 2801 2798
2794 2801 2790
2798 2801 2799
2778 2800 2802
2802 2800 2799
2778 2802 2774
2794 2803 2801
2796 2803 2794
2801 2803 2799
2774 2802 2804
2804 2802 2799
2774 2804 2770
2796 2805 2803
2803 2805 2799
2806 2804 2799
2770 2804 2806
2805 2807 2799
2792 2805 2796
2792 2807 2805
2770 2806 2766
2788 2807 2792
2766 2806 2808
2808 2806 2799
2766 2808 2762
2788 2809 2807
2807 2809 2799
2784 2809 2788
2762 2808 2810
2810 2808 2799
2762 2810 2758
2784 2811 2809
2809 2811 2799
2780 2811 2784
2758 2810 2812
2812 2810 2799
2758 2812 2754
2780 2813 2811
2811 2813 2799
2814 2812 2799
2754 2812 2814
2813 2815 2799
2776 2813 2780
2776 2815 2813
2754 2814 2751
2772 2815 2776
2751 2814 2816
2816 2814 2799
2751 2816 2752
2772 2817 2815
2815 2817 2799
2768 2817 2772
2752 2816 2818
2818 2816 2799
2752 2818 2756
2768 2819 2817
2817 2819 2799
2764 2819 2768
2756 2818 2820
2820 2818 2799
2756 2820 2760
2764 2821 2819
2819 2821 2799
2821 2820 2799
2760 2820 2821
2760 2821 2764
