byte offset: 0
first index: 0
index count: 15162
topology: trianglelist
format: DXGI_FORMAT_R16_UINT

0 1 2
3 2 1
3 4 2
5 4 3
5 3 6
7 5 6
7 6 8
9 7 8
9 8 10
11 9 10
11 10 12
13 11 12
13 12 14
15 13 14
15 14 16
17 15 16
17 16 18
19 17 18
20 21 22
20 22 23
24 20 23
24 23 25
26 27 28
26 28 29
29 28 30
29 30 31
31 30 32
31 32 33
33 32 34
33 34 35
35 34 36
35 36 37
37 36 38
37 38 39
40 39 38
40 38 41
41 42 40
42 41 43
42 43 44
43 45 44
43 46 45
45 46 47
48 49 50
51 50 49
51 49 52
53 51 52
53 52 54
55 53 54
55 54 56
56 57 55
56 58 57
58 59 57
58 60 59
61 59 60
61 60 62
61 62 63
61 63 64
65 64 63
65 63 66
66 67 65
66 68 67
68 69 67
68 70 69
69 70 71
69 71 72
71 73 72
71 74 73
74 75 73
74 76 75
77 75 76
77 76 78
79 77 78
79 78 80
81 79 80
82 83 84
82 84 85
82 85 86
87 86 85
87 88 86
89 88 87
89 87 90
91 89 90
91 92 89
92 91 93
92 93 94
93 91 95
93 96 94
97 93 95
93 98 96
97 98 93
96 98 99
98 97 99
100 101 102
102 101 103
102 103 104
104 103 105
104 105 106
106 105 107
106 107 108
108 107 109
108 109 110
109 111 110
109 112 111
111 112 113
111 113 114
113 115 114
113 116 115
115 116 117
115 117 118
118 117 119
118 119 120
120 119 121
120 121 122
123 122 121
123 121 124
125 123 124
125 124 126
125 126 127
125 127 128
127 129 128
127 130 129
129 130 131
129 131 132
133 132 131
133 134 132
134 133 135
134 135 136
136 135 137
136 137 138
139 140 141
139 141 142
143 139 142
144 142 141
143 142 145
144 146 142
146 145 142
143 145 147
143 147 148
149 148 147
149 150 148
150 149 151
150 151 152
152 151 153
152 153 154
155 154 153
155 156 154
157 156 155
158 157 155
158 159 157
158 160 159
145 161 147
162 149 147
162 147 161
163 151 149
163 149 162
164 153 151
164 151 163
165 155 153
165 153 164
166 158 155
166 155 165
145 167 161
146 167 145
168 163 162
163 169 164
163 168 169
170 165 164
170 164 169
171 162 161
168 162 171
172 166 165
172 165 170
173 161 167
171 161 173
174 169 168
174 168 175
171 175 168
169 174 176
169 176 170
171 177 175
173 177 171
170 176 178
170 178 172
173 179 177
172 178 180
179 173 181
173 167 181
179 181 182
172 180 183
166 172 183
183 180 184
185 181 167
182 181 185
185 167 146
182 185 186
187 185 146
186 185 187
187 146 144
186 187 188
189 187 144
189 188 187
189 144 190
189 191 188
189 190 192
193 191 189
189 192 193
194 193 192
193 195 191
194 196 193
195 193 196
195 196 197
198 199 200
199 201 200
199 202 201
201 202 203
201 203 204
204 203 205
201 206 200
204 207 201
201 207 206
208 200 206
208 209 200
210 209 208
204 205 211
205 212 211
205 213 212
212 213 214
215 204 211
204 216 207
215 216 204
211 212 217
215 211 217
212 218 217
215 217 218
218 219 215
212 214 220
218 212 220
215 221 216
215 219 221
216 222 207
216 221 222
214 223 220
214 224 223
223 224 225
218 220 226
223 226 220
223 225 227
227 225 228
218 229 219
229 218 226
207 222 230
207 230 206
231 223 227
223 231 226
227 228 232
233 232 228
234 206 230
234 208 206
231 227 235
235 227 232
233 236 232
236 233 237
235 232 238
238 232 236
239 235 238
240 231 235
240 235 239
231 241 226
231 240 241
241 242 226
229 226 242
243 229 242
219 229 243
244 243 242
244 242 241
245 244 241
219 243 246
244 247 243
248 219 246
244 249 247
245 249 244
249 250 247
241 240 251
245 241 251
248 252 219
219 252 221
248 253 252
221 252 253
254 253 248
221 253 222
254 255 253
222 253 255
256 255 254
222 255 230
256 257 255
257 230 255
257 234 230
257 256 258
257 259 234
208 234 259
257 258 260
259 257 260
208 259 261
210 208 261
262 261 259
260 262 259
263 262 260
263 260 264
265 210 261
262 265 261
265 266 210
267 266 265
267 265 262
267 262 263
268 267 263
263 269 268
260 258 270
260 270 264
263 271 269
272 269 271
258 273 270
258 274 273
274 275 273
274 276 275
277 275 276
277 278 275
278 277 279
280 273 275
278 280 275
281 270 273
280 281 273
282 264 270
281 282 270
278 279 283
283 279 284
278 285 280
283 285 278
286 281 280
285 286 280
283 284 287
287 284 288
283 289 285
287 289 283
282 290 264
263 264 290
282 281 291
286 291 281
292 285 289
285 292 286
263 290 293
263 293 271
290 282 294
282 291 294
293 290 295
290 294 295
271 293 296
293 295 296
297 294 291
295 294 297
286 298 291
297 291 298
295 297 299
296 295 299
271 296 300
272 271 300
301 300 296
296 299 301
302 272 300
301 302 300
302 303 272
304 303 302
305 304 302
305 302 301
306 304 305
307 299 297
307 297 298
307 298 308
301 299 309
307 309 299
301 309 305
306 305 310
311 306 310
309 307 312
308 312 307
305 309 313
305 313 310
309 312 313
311 310 314
315 311 314
310 313 316
310 316 314
315 314 317
314 316 317
318 315 317
318 319 315
320 313 312
320 316 313
316 321 317
321 318 317
319 318 322
319 322 323
324 323 322
325 322 318
325 318 321
316 326 321
316 320 326
324 322 327
325 327 322
328 325 321
328 321 326
325 328 329
325 329 330
325 330 327
327 331 324
331 327 330
332 324 331
332 333 324
331 330 334
329 334 330
332 331 334
326 335 328
335 329 328
336 333 332
336 337 333
338 337 336
339 337 338
336 332 340
338 336 340
338 340 341
332 334 342
342 340 332
339 338 343
343 338 341
329 344 334
342 334 344
342 345 340
341 340 345
342 344 346
345 342 346
345 346 347
341 345 347
341 347 348
341 348 349
350 341 349
343 341 350
349 351 350
351 352 350
353 343 350
352 353 350
354 344 329
355 344 354
353 356 343
356 339 343
356 357 339
356 358 357
356 359 358
353 359 356
359 237 358
352 360 353
353 360 359
352 361 360
359 362 237
360 362 359
236 237 362
361 363 360
360 363 362
361 364 363
365 236 362
365 362 363
365 363 364
365 364 366
238 236 365
366 238 365
366 367 238
239 238 367
368 239 367
367 369 368
368 369 370
367 371 369
372 369 371
372 373 369
373 370 369
239 368 374
368 370 374
375 373 372
375 372 376
377 375 376
377 376 378
379 377 378
379 378 380
379 380 381
382 379 381
382 381 383
382 383 384
382 384 385
355 385 384
355 386 385
355 354 386
386 354 387
387 354 329
385 386 388
386 387 388
389 382 385
385 388 389
390 379 382
389 390 382
390 391 379
391 377 379
389 392 390
392 391 390
391 393 377
393 375 377
387 329 394
395 387 394
335 394 329
335 395 394
388 396 389
389 396 392
397 388 387
395 397 387
398 393 391
392 398 391
393 399 375
399 373 375
335 400 395
401 395 400
326 400 335
326 402 400
402 401 400
402 326 320
402 320 403
403 320 312
398 404 393
404 399 393
399 405 373
373 405 370
406 405 399
404 406 399
402 407 401
403 407 402
403 312 408
308 408 312
409 403 408
403 409 407
370 405 410
406 410 405
411 408 308
409 408 411
412 406 404
413 410 406
412 413 406
414 412 404
414 404 398
415 414 398
415 398 392
416 415 392
416 392 396
417 416 396
418 414 415
416 418 415
419 412 414
418 419 414
420 413 412
419 420 412
417 396 421
388 421 396
397 421 388
397 417 421
422 416 417
416 422 418
397 423 417
395 423 397
395 424 423
401 424 395
417 423 425
424 425 423
422 417 426
417 425 426
427 418 422
422 426 428
422 428 427
426 425 429
426 429 428
427 430 418
430 419 418
430 431 419
431 420 419
424 432 425
425 433 429
425 432 433
424 434 432
424 401 434
432 435 433
432 434 435
436 427 428
430 427 437
436 437 427
438 428 429
438 436 428
439 429 433
439 438 429
440 433 435
440 439 433
430 437 441
431 430 441
442 437 436
443 436 438
443 442 436
444 438 439
444 443 438
445 439 440
445 444 439
446 441 437
442 446 437
447 440 435
440 448 445
440 447 448
447 435 449
434 449 435
450 443 444
451 442 443
450 451 443
452 444 445
452 450 444
453 446 442
451 453 442
451 454 453
450 455 451
450 452 455
451 455 454
456 452 445
456 445 448
453 457 446
454 457 453
455 452 458
456 458 452
459 456 448
459 458 456
457 460 446
446 460 441
454 455 461
461 455 458
454 461 462
461 458 463
464 454 462
465 463 458
459 465 458
465 466 463
467 465 459
468 467 459
459 448 468
468 469 467
468 448 447
470 469 468
468 447 470
470 471 469
449 470 447
471 470 472
449 472 470
471 472 473
474 472 449
434 474 449
475 473 472
474 475 472
475 476 473
475 477 476
434 478 474
478 475 474
434 401 478
475 479 477
478 479 475
480 477 479
480 479 481
478 481 479
481 482 480
483 478 401
478 483 481
483 401 407
481 484 482
483 484 481
407 485 483
483 485 484
407 409 485
486 482 484
486 484 485
486 487 482
488 485 409
486 485 488
488 409 411
489 487 486
489 486 488
489 490 487
491 488 411
489 488 491
490 489 492
491 492 489
490 492 493
494 493 492
491 411 495
411 308 495
496 494 492
496 497 494
491 498 492
495 498 491
496 492 498
499 497 496
500 497 499
501 496 498
499 496 501
495 502 498
502 501 498
503 495 308
503 502 495
504 500 499
505 500 504
506 499 501
499 506 504
502 507 501
503 507 502
501 507 506
308 508 503
308 298 508
286 508 298
508 286 292
503 509 507
509 503 508
506 507 510
510 507 509
506 511 504
511 506 510
508 292 512
509 508 512
513 504 511
513 505 504
513 514 505
514 515 505
515 514 516
517 513 511
513 517 514
514 518 516
516 518 519
518 520 519
514 521 518
517 521 514
511 522 517
522 511 510
518 523 520
523 518 521
524 521 517
517 522 524
510 525 522
525 524 522
526 521 524
523 521 526
527 520 523
528 520 527
529 528 527
526 524 530
530 524 525
531 530 525
523 526 532
532 526 530
527 523 532
530 531 532
510 533 525
510 509 533
512 533 509
529 527 534
535 529 534
532 536 527
531 536 532
536 534 527
533 537 525
531 525 537
512 538 533
533 538 537
512 539 538
512 292 539
292 289 539
540 537 538
540 538 539
541 539 289
541 540 539
287 541 289
542 537 540
542 531 537
541 287 543
287 288 543
544 540 541
544 542 540
541 543 544
545 543 288
546 545 288
546 547 545
546 548 547
549 547 548
549 548 550
551 549 550
551 550 552
553 551 552
553 552 554
555 549 551
553 555 551
556 547 549
555 556 549
557 545 547
556 557 547
545 558 543
557 558 545
543 558 559
559 558 557
543 559 544
554 560 553
554 561 560
562 560 561
559 557 563
556 563 557
559 564 544
563 564 559
565 544 564
565 542 544
563 566 564
566 565 564
556 567 563
566 563 567
568 542 565
568 531 542
562 569 560
570 569 562
567 556 571
555 571 556
567 571 572
555 573 571
574 567 572
575 573 555
553 575 555
575 553 560
575 576 573
575 577 576
574 578 567
579 578 574
566 567 578
575 560 580
575 580 577
580 581 577
580 560 569
579 582 578
566 578 582
583 582 579
580 584 581
580 569 584
585 581 584
584 569 586
570 586 569
585 584 587
584 586 587
588 586 570
587 586 588
585 587 589
585 589 590
591 590 589
583 592 582
593 592 583
588 570 594
595 594 570
587 588 596
587 596 589
591 589 597
598 591 597
598 597 599
600 599 597
601 597 589
600 597 601
601 589 596
601 602 600
596 588 603
596 603 601
601 603 602
603 588 594
602 603 604
603 594 604
602 604 605
604 606 605
594 607 604
604 607 606
594 608 607
595 608 594
606 607 609
606 609 610
595 611 608
595 612 611
607 608 613
607 613 609
608 611 613
610 609 614
610 614 615
614 616 615
612 617 611
618 617 612
619 609 613
619 614 609
614 620 616
620 614 619
620 621 616
622 613 611
611 617 622
622 619 613
617 618 623
623 618 624
622 617 625
619 622 625
617 623 625
620 626 621
626 627 621
620 619 628
619 625 628
628 626 620
626 629 627
630 627 629
628 631 626
628 625 631
629 626 631
632 625 623
631 625 632
633 623 624
632 623 633
630 629 634
635 630 634
629 631 636
632 636 631
636 634 629
634 637 635
636 637 634
632 638 636
633 638 632
637 636 638
633 624 639
639 624 640
637 641 635
642 635 641
637 638 643
641 637 643
633 644 638
643 638 644
639 644 633
639 640 645
645 640 646
642 641 647
642 647 648
641 643 649
643 644 649
649 647 641
639 650 644
649 644 650
645 650 639
645 646 651
652 651 646
649 650 653
653 647 649
645 654 650
653 650 654
651 654 645
648 647 655
648 655 656
657 647 653
653 654 657
655 647 657
652 658 651
658 652 659
651 660 654
657 654 660
658 660 651
656 655 661
656 661 662
663 655 657
657 660 663
661 655 663
658 659 664
664 659 665
658 666 660
666 663 660
664 666 658
664 665 667
667 665 668
664 669 666
667 669 664
666 670 663
670 666 669
667 668 671
671 668 672
673 663 670
673 661 663
670 669 674
674 673 670
667 675 669
671 675 667
674 669 675
671 672 676
677 676 672
678 661 673
674 678 673
674 675 679
679 678 674
671 680 675
676 680 671
680 679 675
677 681 676
681 677 682
678 683 661
683 662 661
679 684 678
683 678 685
686 662 683
683 685 686
687 662 686
688 686 685
689 684 679
689 688 684
680 689 679
676 690 680
689 680 690
690 676 681
681 682 691
691 682 692
687 686 693
688 693 686
688 689 694
694 693 688
695 687 693
694 695 693
695 696 687
697 696 695
689 690 698
694 689 698
690 681 699
699 681 691
698 690 699
691 692 700
701 700 692
697 695 702
703 697 702
694 704 695
698 704 694
702 695 704
698 699 705
704 698 705
699 691 706
700 706 691
706 705 699
701 707 700
708 707 701
703 702 709
710 703 709
710 709 711
702 704 712
704 705 712
712 709 702
713 711 709
712 713 709
713 714 711
712 705 715
712 715 713
706 715 705
700 716 706
716 715 706
707 716 700
713 715 717
713 717 714
716 717 715
707 718 716
717 716 718
714 717 719
717 718 719
719 720 714
721 718 707
708 721 707
722 721 708
719 723 720
723 724 720
719 718 725
721 725 718
719 725 723
722 726 721
726 725 721
727 726 722
728 723 725
726 728 725
727 729 726
729 728 726
730 729 727
731 724 723
728 731 723
730 732 729
732 730 250
729 733 728
731 728 733
733 729 732
731 734 724
731 733 734
734 735 724
733 732 736
734 733 736
732 250 737
736 732 737
734 738 735
734 736 738
739 735 738
740 735 739
741 738 736
736 737 741
741 739 738
737 250 742
249 742 250
743 741 737
737 742 743
739 741 744
743 744 741
739 744 745
745 740 739
743 746 744
746 745 744
742 747 743
743 747 746
249 748 742
742 748 747
749 740 745
746 749 745
749 750 740
740 750 751
752 749 746
749 752 750
747 753 746
752 746 753
754 750 752
754 752 753
754 755 750
747 756 753
748 756 747
249 757 748
245 757 249
754 753 758
758 753 756
754 759 755
759 754 758
760 748 757
748 760 756
758 756 761
760 761 756
760 757 762
245 762 757
759 763 755
763 764 755
759 758 765
765 758 761
760 766 761
766 760 762
767 763 759
767 759 765
763 768 764
767 768 763
765 761 769
766 769 761
765 769 770
765 770 767
766 771 769
771 770 769
766 762 772
771 766 772
764 768 773
764 773 774
773 775 774
773 776 775
776 777 775
776 778 777
779 773 768
779 776 773
778 776 780
779 780 776
778 780 781
781 780 782
782 780 779
781 782 783
779 768 784
767 784 768
784 785 779
782 779 785
767 786 784
784 786 785
767 770 786
787 783 782
787 788 783
782 785 789
789 785 786
782 789 787
770 790 786
789 786 790
788 787 791
788 791 792
793 787 789
793 789 790
793 791 787
770 794 790
771 794 770
792 791 795
792 795 796
791 793 797
791 797 795
793 790 798
794 798 790
797 793 798
799 794 771
794 799 798
800 796 795
800 801 796
802 801 800
802 803 801
802 804 803
802 805 804
464 804 805
795 797 806
795 806 800
797 798 807
799 807 798
807 806 797
799 771 808
771 772 808
800 806 809
800 809 802
799 810 807
808 810 799
807 811 806
809 806 811
811 807 810
812 808 772
808 813 810
812 813 808
811 810 814
814 810 813
809 811 815
815 811 814
802 809 816
815 816 809
814 813 817
817 813 812
772 818 812
772 762 818
245 818 762
802 816 819
802 819 805
815 814 820
820 814 817
815 821 816
821 819 816
820 821 815
817 812 822
822 812 818
245 823 818
823 245 251
820 817 824
824 817 822
820 825 821
824 825 820
821 826 819
826 821 825
827 818 823
822 818 827
823 251 828
828 251 240
239 828 240
827 823 829
828 829 823
239 830 828
828 830 829
239 374 830
830 374 831
830 831 829
370 831 374
832 827 829
822 827 832
832 829 831
370 833 831
370 410 833
822 832 834
824 822 834
831 835 832
831 833 835
835 834 832
836 833 410
836 835 833
413 836 410
834 837 824
824 837 825
835 838 834
838 835 836
834 838 837
839 836 413
420 839 413
840 825 837
826 825 840
841 837 838
840 837 841
838 836 842
839 842 836
841 838 842
843 839 420
431 843 420
844 842 839
844 841 842
843 844 839
845 826 840
819 826 845
846 840 841
846 841 844
845 840 846
847 843 431
431 441 847
460 847 441
848 844 843
848 846 844
847 848 843
460 849 847
849 848 847
850 846 848
850 845 846
849 850 848
819 845 851
805 819 851
845 850 852
845 852 851
849 852 850
805 851 852
853 849 460
457 853 460
849 854 852
854 805 852
853 854 849
853 457 855
854 853 855
854 855 805
454 855 457
464 805 855
464 855 454
856 857 858
856 858 859
856 859 860
856 860 861
861 860 862
861 862 863
863 862 864
863 864 865
865 864 866
865 866 867
867 866 868
867 868 869
870 869 868
870 871 869
870 872 871
873 874 872
875 876 873
875 877 878
878 877 879
878 879 880
881 880 879
881 882 880
881 883 882
881 884 883
885 883 884
885 884 886
886 887 885
886 888 887
889 887 888
889 888 890
891 889 890
891 890 892
893 894 895
893 895 896
897 896 895
898 893 896
897 899 896
900 899 897
898 896 901
899 901 896
900 902 899
160 902 900
898 901 903
898 903 904
903 905 904
903 906 905
899 907 901
903 901 907
902 907 899
906 903 908
903 907 908
906 908 909
160 910 902
158 910 160
902 911 907
908 907 911
910 911 902
909 908 912
908 911 912
909 912 184
183 184 912
913 910 158
910 913 911
912 911 913
912 913 183
913 158 166
166 183 913
914 915 916
914 916 917
916 918 917
918 919 917
920 914 917
920 921 914
922 921 920
919 923 917
917 923 920
924 923 919
922 920 925
920 923 925
922 925 926
925 923 926
927 922 926
928 923 924
926 923 928
929 928 924
930 927 926
926 928 930
930 931 927
929 932 928
932 930 928
931 930 933
932 933 930
931 933 934
935 934 933
935 933 936
932 936 933
937 935 936
938 932 929
938 929 939
937 936 940
941 937 940
942 936 932
940 936 942
938 942 932
942 943 940
941 940 943
938 943 942
938 939 944
944 943 938
945 944 939
943 946 941
943 944 946
945 946 944
946 947 941
946 945 947
948 949 950
948 950 951
952 948 951
951 950 953
952 951 954
955 952 954
951 953 956
954 951 956
956 953 957
955 954 958
959 955 958
956 957 960
960 957 961
954 956 962
954 962 958
962 956 960
960 961 963
963 961 964
962 960 965
958 962 965
965 960 963
963 964 966
966 964 967
965 963 968
968 963 966
958 965 969
965 968 969
959 958 970
970 958 969
966 967 971
971 967 972
968 966 973
969 968 973
973 966 971
971 972 974
974 972 975
973 971 976
976 971 974
969 973 977
973 976 977
976 974 978
976 978 977
974 975 979
979 978 974
980 979 975
980 975 981
982 969 977
970 969 982
979 983 978
983 979 980
984 980 981
984 981 985
986 984 985
986 985 987
988 986 987
988 987 989
990 988 989
990 989 991
992 990 991
992 991 993
994 992 993
994 993 995
996 994 995
996 995 997
994 996 998
994 998 999
992 994 999
1000 999 998
990 992 1001
992 999 1001
988 990 1002
990 1001 1002
1001 999 1003
1000 1003 999
1003 1002 1001
988 1002 1004
986 988 1004
1005 1003 1000
1005 1000 1006
1005 1006 1007
1003 1008 1002
1004 1002 1008
1008 1003 1005
986 1004 1009
1008 1009 1004
984 986 1009
984 1009 1010
980 984 1010
1008 1011 1009
1010 1009 1011
980 1010 1012
1011 1012 1010
983 980 1012
1008 1005 1013
1011 1008 1013
1005 1007 1014
1013 1005 1014
1007 1015 1014
1007 1016 1015
1015 1016 1017
1015 1017 1018
959 1018 1017
959 970 1018
1014 1015 1019
1019 1015 1018
1020 1018 970
1019 1018 1020
1020 970 982
1014 1019 1021
1013 1014 1021
1022 1019 1020
1021 1019 1022
1023 1020 982
1022 1020 1023
1013 1021 1024
1021 1022 1024
1023 982 1025
982 977 1025
1023 1026 1022
1024 1022 1026
1013 1024 1027
1011 1013 1027
1028 1011 1027
1011 1028 1012
1029 1027 1024
1028 1027 1029
1030 1012 1028
1030 1028 1029
1030 983 1012
1029 1024 1031
1024 1026 1031
1023 1032 1026
1025 1032 1023
1033 1025 977
978 1033 977
983 1034 978
983 1030 1034
978 1034 1033
1030 1029 1035
1031 1035 1029
1034 1030 1035
1036 1031 1026
1032 1036 1026
1031 1036 1035
1025 1037 1032
1037 1025 1033
1034 1037 1033
1036 1032 1037
1034 1035 1037
1036 1037 1035
1038 1039 1040
1041 1040 1039
1041 1039 1042
1043 1041 1042
1043 1044 1041
1045 1044 1043
1045 1046 1044
1047 1046 1045
1047 1048 1046
1049 1048 1047
1049 1050 1048
1051 1050 1049
1051 1052 1050
1053 1052 1051
1053 1054 1052
1055 1054 1053
1055 1056 1054
1057 1056 1055
1058 1059 1060
1058 1061 1059
1061 1062 1059
1061 1063 1062
1063 1064 1062
1063 1065 1064
1065 1066 1064
1065 1067 1066
1067 1068 1066
1067 1069 1068
1069 1070 1068
1069 1071 1070
1070 1071 1072
1072 1073 1070
1072 1074 1073
1074 1075 1073
1074 1076 1075
1075 1076 1077
1075 1077 1078
1077 1079 1078
1080 1081 1082
1083 1082 1081
1083 1084 1082
1085 1084 1083
1085 1086 1084
1087 1086 1085
1087 1088 1086
1088 1087 1089
1088 1089 1090
1090 1089 1091
1090 1091 1092
1093 1092 1091
1093 1094 1092
1093 1095 1094
1093 1096 1095
1097 1095 1096
1097 1098 1095
1098 1097 1099
1098 1099 1100
1100 1099 1101
1100 1101 1102
1101 1103 1102
1101 1104 1103
1103 1104 1105
1103 1105 1106
1106 1105 1107
1106 1107 1108
1109 1108 1107
1109 1110 1108
1111 1110 1109
1111 1112 1110
1113 1112 1111
1114 1115 1116
1114 1117 1115
1114 1118 1117
1119 1117 1118
1119 1118 1120
1121 1119 1120
1121 1122 1119
1123 1122 1121
1123 1121 1124
1124 1125 1123
1124 1126 1125
1125 1127 1123
1125 1126 1128
1129 1127 1125
1125 1128 1130
1129 1125 1130
1128 1131 1130
1130 1131 1129
1132 1133 1134
1133 1135 1134
1133 1136 1135
1136 1137 1135
1136 1138 1137
1138 1139 1137
1138 1140 1139
1140 1141 1139
1140 1142 1141
1141 1142 1143
1141 1143 1144
1143 1145 1144
1143 1146 1145
1145 1146 1147
1145 1147 1148
1147 1149 1148
1147 1150 1149
1150 1151 1149
1150 1152 1151
1152 1153 1151
1152 1154 1153
1155 1153 1154
1155 1156 1153
1157 1156 1155
1157 1158 1156
1157 1159 1158
1157 1160 1159
1159 1160 1161
1159 1161 1162
1161 1163 1162
1161 1164 1163
1165 1163 1164
1165 1164 1166
1166 1167 1165
1166 1168 1167
1168 1169 1167
1168 1170 1169
1171 1172 1173
1171 1173 1174
1173 1175 1174
1173 1176 1175
1177 1178 1179
1177 1180 1178
1181 1180 1177
1182 1178 1180
1181 1183 1180
1182 1180 1184
1184 1180 1183
1181 1185 1183
1181 1186 1185
1187 1185 1186
1187 1186 1188
1188 1189 1187
1188 1190 1189
1190 1191 1189
1190 1192 1191
1193 1191 1192
1193 1192 1194
1195 1193 1194
1196 1193 1195
1196 1195 1197
1196 1197 1198
1183 1185 1199
1200 1185 1187
1200 1199 1185
1201 1187 1189
1201 1200 1187
1202 1189 1191
1202 1201 1189
1203 1191 1193
1203 1202 1191
1204 1193 1196
1204 1203 1193
1183 1199 1205
1184 1183 1205
1196 1198 1206
1207 1204 1196
1207 1196 1206
1198 1208 1206
1198 1209 1208
1206 1210 1207
1206 1208 1210
1209 1211 1208
1209 1212 1211
1208 1213 1210
1208 1211 1213
1212 1214 1211
1212 1215 1214
1216 1214 1215
1216 1215 1217
1218 1214 1216
1211 1214 1219
1218 1219 1214
1211 1219 1213
1218 1220 1219
1220 1213 1219
1218 1221 1220
1220 1221 1222
1220 1222 1223
1220 1224 1213
1223 1224 1220
1224 1210 1213
1223 1225 1224
1224 1226 1210
1225 1226 1224
1226 1207 1210
1225 1227 1226
1226 1228 1207
1228 1226 1227
1204 1207 1228
1228 1227 1229
1204 1228 1230
1230 1228 1229
1230 1203 1204
1230 1229 1231
1230 1232 1203
1232 1230 1231
1232 1202 1203
1232 1231 1233
1232 1234 1202
1234 1232 1233
1201 1202 1234
1234 1233 1235
1201 1234 1236
1235 1236 1234
1236 1200 1201
1235 1237 1236
1236 1238 1200
1238 1236 1237
1238 1199 1200
1238 1237 1239
1238 1240 1199
1240 1238 1239
1240 1239 1241
1240 1205 1199
1241 1242 1240
1240 1242 1205
1241 1243 1242
1244 1205 1242
1243 1244 1242
1244 1184 1205
1243 1245 1244
1246 1184 1244
1245 1246 1244
1246 1182 1184
1245 1247 1246
1248 1182 1246
1248 1246 1247
1248 1249 1182
1248 1247 1250
1248 1251 1249
1252 1248 1250
1248 1252 1251
1253 1251 1252
1252 1250 1254
1253 1252 1255
1254 1255 1252
1254 1256 1255
1257 1258 1259
1259 1258 1260
1259 1260 1261
1260 1262 1261
1260 1263 1262
1263 1264 1262
1260 1258 1265
1263 1260 1266
1260 1265 1266
1267 1265 1258
1267 1258 1268
1269 1267 1268
1263 1270 1264
1264 1270 1271
1264 1271 1272
1271 1273 1272
1274 1270 1263
1263 1266 1275
1274 1263 1275
1270 1276 1271
1274 1276 1270
1271 1276 1277
1274 1277 1276
1277 1274 1278
1271 1279 1273
1277 1279 1271
1274 1275 1280
1274 1280 1278
1275 1266 1281
1275 1281 1280
1273 1279 1282
1273 1282 1283
1282 1284 1283
1277 1285 1279
1282 1279 1285
1282 1286 1284
1286 1287 1284
1277 1278 1288
1288 1285 1277
1266 1289 1281
1266 1265 1289
1290 1286 1282
1282 1285 1290
1286 1291 1287
1292 1287 1291
1293 1289 1265
1293 1265 1267
1290 1294 1286
1294 1291 1286
1292 1291 1295
1295 1296 1292
1294 1297 1291
1297 1295 1291
1298 1297 1294
1299 1294 1290
1299 1298 1294
1290 1285 1300
1290 1300 1299
1300 1285 1301
1288 1301 1285
1302 1301 1288
1278 1302 1288
1303 1301 1302
1303 1300 1301
1304 1300 1303
1278 1305 1302
1303 1302 1306
1307 1305 1278
1303 1306 1308
1304 1303 1308
1308 1306 1309
1300 1310 1299
1304 1310 1300
1307 1278 1311
1278 1280 1311
1307 1311 1312
1280 1312 1311
1313 1307 1312
1280 1281 1312
1313 1312 1314
1281 1314 1312
1315 1313 1314
1281 1289 1314
1315 1314 1316
1316 1314 1289
1316 1289 1293
1316 1317 1315
1316 1293 1318
1267 1318 1293
1316 1319 1317
1318 1319 1316
1267 1320 1318
1269 1320 1267
1321 1318 1320
1319 1318 1321
1322 1319 1321
1322 1323 1319
1324 1320 1269
1321 1320 1324
1324 1269 1325
1326 1324 1325
1326 1321 1324
1326 1322 1321
1327 1322 1326
1322 1327 1328
1319 1329 1317
1319 1323 1329
1322 1328 1330
1331 1330 1328
1317 1329 1332
1317 1332 1333
1333 1332 1334
1333 1334 1335
1336 1335 1334
1336 1334 1337
1337 1338 1336
1339 1334 1332
1337 1334 1339
1340 1332 1329
1339 1332 1340
1341 1329 1323
1340 1329 1341
1337 1342 1338
1342 1343 1338
1337 1339 1344
1342 1337 1344
1345 1339 1340
1344 1339 1345
1342 1346 1343
1346 1347 1343
1342 1344 1348
1346 1342 1348
1341 1323 1349
1322 1349 1323
1341 1350 1340
1345 1340 1350
1351 1348 1344
1344 1345 1351
1322 1352 1349
1322 1330 1352
1349 1353 1341
1341 1353 1350
1352 1354 1349
1349 1354 1353
1330 1355 1352
1352 1355 1354
1356 1350 1353
1354 1356 1353
1345 1350 1357
1356 1357 1350
1354 1358 1356
1355 1358 1354
1330 1359 1355
1331 1359 1330
1360 1355 1359
1355 1360 1358
1361 1359 1331
1360 1359 1361
1361 1331 1362
1363 1361 1362
1364 1361 1363
1364 1360 1361
1365 1364 1363
1366 1356 1358
1366 1357 1356
1366 1367 1357
1360 1368 1358
1366 1358 1368
1360 1364 1368
1365 1369 1364
1370 1369 1365
1368 1371 1366
1367 1366 1371
1364 1372 1368
1364 1369 1372
1368 1372 1371
1370 1373 1369
1374 1373 1370
1369 1375 1372
1369 1373 1375
1374 1376 1373
1373 1376 1375
1377 1376 1374
1377 1374 1378
1379 1371 1372
1379 1372 1375
1375 1376 1380
1380 1376 1377
1378 1381 1377
1378 1382 1381
1383 1381 1382
1384 1377 1381
1384 1380 1377
1375 1380 1385
1375 1385 1379
1383 1386 1381
1384 1381 1386
1387 1385 1380
1387 1380 1384
1384 1388 1387
1384 1389 1388
1384 1386 1389
1386 1383 1390
1390 1389 1386
1391 1390 1383
1391 1383 1392
1390 1393 1389
1388 1389 1393
1391 1393 1390
1385 1387 1394
1394 1387 1388
1395 1391 1392
1395 1392 1396
1397 1395 1396
1398 1397 1396
1395 1399 1391
1397 1399 1395
1397 1400 1399
1391 1401 1393
1401 1391 1399
1398 1402 1397
1402 1400 1397
1388 1393 1403
1401 1403 1393
1401 1399 1404
1400 1404 1399
1401 1405 1403
1404 1405 1401
1404 1406 1405
1400 1406 1404
1400 1407 1406
1400 1408 1407
1409 1408 1400
1402 1409 1400
1408 1409 1410
1410 1409 1411
1412 1409 1402
1411 1409 1412
1413 1388 1403
1414 1413 1403
1412 1402 1415
1415 1402 1398
1415 1398 1416
1415 1416 1417
1415 1417 1418
1412 1415 1418
1418 1417 1296
1411 1412 1419
1412 1418 1419
1411 1419 1420
1418 1296 1421
1419 1418 1421
1295 1421 1296
1420 1419 1422
1419 1421 1422
1420 1422 1423
1424 1421 1295
1424 1422 1421
1424 1423 1422
1424 1425 1423
1297 1424 1295
1425 1424 1297
1425 1297 1426
1298 1426 1297
1427 1426 1298
1426 1427 1428
1427 1429 1428
1426 1428 1430
1431 1430 1428
1431 1428 1432
1432 1428 1429
1298 1433 1427
1427 1433 1429
1434 1431 1432
1434 1435 1431
1436 1435 1434
1436 1437 1435
1438 1437 1436
1438 1439 1437
1438 1440 1439
1441 1440 1438
1441 1442 1440
1441 1443 1442
1441 1444 1443
1414 1443 1444
1414 1444 1445
1414 1445 1413
1445 1446 1413
1446 1388 1413
1444 1447 1445
1445 1447 1446
1448 1444 1441
1444 1448 1447
1449 1441 1438
1448 1441 1449
1449 1438 1450
1450 1438 1436
1448 1449 1451
1451 1449 1450
1450 1436 1452
1452 1436 1434
1446 1453 1388
1454 1453 1446
1394 1388 1453
1394 1453 1454
1447 1448 1455
1448 1451 1455
1456 1446 1447
1454 1446 1456
1457 1450 1452
1451 1450 1457
1452 1434 1458
1458 1434 1432
1394 1454 1459
1460 1459 1454
1385 1394 1459
1385 1459 1461
1461 1459 1460
1461 1379 1385
1461 1462 1379
1462 1371 1379
1457 1452 1463
1463 1452 1458
1458 1432 1464
1432 1429 1464
1465 1458 1464
1463 1458 1465
1461 1460 1466
1462 1461 1466
1462 1467 1371
1367 1371 1467
1468 1467 1462
1462 1466 1468
1429 1469 1464
1465 1464 1469
1470 1367 1467
1468 1470 1467
1471 1463 1465
1472 1465 1469
1471 1465 1472
1473 1463 1471
1473 1457 1463
1474 1457 1473
1474 1451 1457
1475 1451 1474
1475 1455 1451
1476 1455 1475
1477 1474 1473
1475 1474 1477
1478 1473 1471
1477 1473 1478
1479 1471 1472
1478 1471 1479
1476 1480 1455
1447 1455 1480
1456 1447 1480
1456 1480 1476
1481 1476 1475
1475 1477 1481
1456 1476 1482
1454 1456 1482
1454 1482 1483
1460 1454 1483
1476 1484 1482
1483 1482 1484
1481 1485 1476
1476 1485 1484
1486 1481 1477
1481 1487 1485
1481 1486 1487
1485 1488 1484
1485 1487 1488
1486 1477 1489
1489 1477 1478
1489 1478 1490
1490 1478 1479
1483 1484 1491
1484 1488 1492
1484 1492 1491
1483 1491 1493
1483 1493 1460
1491 1492 1494
1491 1494 1493
1495 1487 1486
1489 1496 1486
1495 1486 1496
1497 1488 1487
1497 1487 1495
1498 1492 1488
1498 1488 1497
1499 1494 1492
1499 1492 1498
1489 1500 1496
1490 1500 1489
1501 1495 1496
1502 1497 1495
1502 1495 1501
1503 1498 1497
1503 1497 1502
1504 1499 1498
1504 1498 1503
1505 1496 1500
1501 1496 1505
1506 1494 1499
1499 1504 1507
1499 1507 1506
1506 1508 1494
1493 1494 1508
1509 1503 1502
1510 1502 1501
1509 1502 1510
1511 1504 1503
1511 1503 1509
1512 1501 1505
1510 1501 1512
1510 1512 1513
1509 1510 1514
1509 1514 1511
1510 1513 1514
1515 1504 1511
1515 1507 1504
1512 1505 1516
1513 1512 1516
1514 1517 1511
1515 1511 1517
1518 1507 1515
1518 1515 1517
1516 1505 1519
1505 1500 1519
1513 1520 1514
1520 1517 1514
1513 1521 1520
1520 1522 1517
1523 1521 1513
1524 1517 1522
1518 1517 1524
1524 1522 466
1525 1518 1524
1526 1518 1525
1518 1526 1507
1526 1525 1527
1526 1506 1507
1528 1526 1527
1526 1528 1506
1528 1527 1529
1508 1506 1528
1529 1530 1528
1508 1528 1530
1529 1531 1530
1532 1508 1530
1493 1508 1532
1533 1530 1531
1532 1530 1533
1533 1531 1534
1533 1534 1535
1493 1532 1536
1536 1532 1533
1493 1536 1460
1533 1535 1537
1536 1533 1537
1538 1537 1535
1538 1539 1537
1536 1537 1539
1539 1538 1540
1541 1460 1536
1536 1539 1541
1541 1466 1460
1539 1540 1542
1541 1539 1542
1466 1541 1543
1541 1542 1543
1466 1543 1468
1544 1542 1540
1544 1543 1542
1544 1540 1545
1546 1468 1543
1544 1546 1543
1546 1470 1468
1547 1544 1545
1547 1546 1544
1547 1545 1548
1549 1470 1546
1547 1549 1546
1548 1550 1547
1549 1547 1550
1548 1551 1550
1552 1550 1551
1549 1553 1470
1470 1553 1367
1554 1550 1552
1554 1552 1555
1549 1550 1556
1553 1549 1556
1554 1556 1550
1557 1554 1555
1558 1557 1555
1559 1556 1554
1557 1559 1554
1553 1556 1560
1560 1556 1559
1561 1367 1553
1561 1553 1560
1562 1557 1558
1563 1562 1558
1564 1559 1557
1557 1562 1564
1560 1559 1565
1561 1560 1565
1559 1564 1565
1367 1561 1566
1367 1566 1357
1345 1357 1566
1566 1351 1345
1561 1565 1567
1567 1566 1561
1564 1568 1565
1568 1567 1565
1564 1562 1569
1569 1568 1564
1566 1570 1351
1567 1570 1566
1571 1569 1562
1571 1562 1563
1571 1563 1572
1572 1563 1573
1573 1574 1572
1575 1569 1571
1571 1572 1575
1572 1574 1576
1574 1577 1576
1576 1577 1578
1572 1576 1579
1575 1572 1579
1569 1575 1580
1580 1568 1569
1576 1578 1581
1581 1579 1576
1582 1575 1579
1575 1582 1580
1568 1580 1583
1583 1580 1582
1584 1582 1579
1581 1584 1579
1585 1581 1578
1586 1585 1578
1587 1585 1586
1584 1588 1582
1588 1583 1582
1589 1583 1588
1581 1590 1584
1590 1588 1584
1585 1590 1581
1588 1590 1589
1568 1583 1591
1568 1591 1567
1570 1567 1591
1587 1592 1585
1593 1592 1587
1590 1585 1594
1589 1590 1594
1594 1585 1592
1591 1583 1595
1589 1595 1583
1570 1591 1596
1591 1595 1596
1570 1596 1597
1570 1597 1351
1351 1597 1348
1598 1596 1595
1598 1597 1596
1599 1348 1597
1599 1597 1598
1346 1348 1599
1600 1598 1595
1600 1595 1589
1599 1601 1346
1346 1601 1347
1602 1599 1598
1602 1598 1600
1599 1602 1601
1603 1347 1601
1604 1347 1603
1604 1603 1605
1604 1605 1606
1607 1606 1605
1607 1608 1606
1609 1608 1607
1609 1610 1608
1611 1610 1609
1611 1612 1610
1613 1609 1607
1611 1609 1613
1614 1607 1605
1613 1607 1614
1615 1605 1603
1614 1605 1615
1603 1601 1616
1615 1603 1616
1601 1617 1616
1617 1615 1616
1601 1602 1617
1612 1611 1618
1612 1618 1619
1620 1619 1618
1617 1621 1615
1614 1615 1621
1617 1602 1622
1621 1617 1622
1623 1622 1602
1623 1602 1600
1621 1622 1624
1624 1622 1623
1614 1621 1625
1624 1625 1621
1626 1623 1600
1626 1600 1589
1620 1618 1627
1628 1620 1627
1625 1629 1614
1613 1614 1629
1625 1630 1629
1613 1629 1631
1632 1630 1625
1633 1613 1631
1611 1613 1633
1633 1618 1611
1633 1631 1634
1633 1634 1635
1632 1625 1636
1637 1632 1636
1624 1636 1625
1633 1638 1618
1633 1635 1638
1638 1635 1639
1638 1627 1618
1637 1636 1640
1624 1640 1636
1641 1637 1640
1638 1639 1642
1638 1642 1627
1643 1642 1639
1642 1644 1627
1628 1627 1644
1643 1645 1642
1642 1645 1644
1646 1628 1644
1645 1646 1644
1643 1647 1645
1643 1648 1647
1649 1647 1648
1641 1640 1650
1651 1641 1650
1646 1652 1628
1653 1628 1652
1645 1654 1646
1645 1647 1654
1649 1655 1647
1656 1655 1649
1656 1657 1655
1658 1655 1657
1659 1647 1655
1658 1659 1655
1659 1654 1647
1659 1658 1660
1654 1661 1646
1654 1659 1661
1659 1660 1661
1661 1652 1646
1660 1662 1661
1661 1662 1652
1660 1663 1662
1662 1663 1664
1652 1662 1665
1662 1664 1665
1652 1665 1666
1653 1652 1666
1664 1667 1665
1664 1668 1667
1653 1666 1669
1653 1669 1670
1665 1671 1666
1665 1667 1671
1666 1671 1669
1668 1672 1667
1668 1673 1672
1672 1673 1674
1670 1669 1675
1676 1670 1675
1677 1671 1667
1677 1667 1672
1672 1674 1678
1678 1677 1672
1678 1674 1679
1680 1669 1671
1669 1680 1675
1680 1671 1677
1675 1681 1676
1681 1682 1676
1680 1683 1675
1677 1683 1680
1675 1683 1681
1678 1679 1684
1684 1679 1685
1678 1686 1677
1677 1686 1683
1686 1678 1684
1684 1685 1687
1688 1687 1685
1686 1684 1689
1686 1689 1683
1687 1689 1684
1690 1681 1683
1689 1690 1683
1691 1682 1681
1690 1691 1681
1688 1692 1687
1693 1692 1688
1687 1694 1689
1690 1689 1694
1694 1687 1692
1692 1693 1695
1694 1692 1695
1690 1694 1696
1691 1690 1696
1695 1696 1694
1691 1697 1682
1697 1698 1682
1695 1693 1699
1700 1699 1693
1695 1701 1696
1699 1701 1695
1691 1696 1702
1701 1702 1696
1697 1691 1702
1697 1703 1698
1703 1704 1698
1700 1705 1699
1700 1706 1705
1699 1707 1701
1701 1707 1702
1707 1699 1705
1697 1702 1708
1707 1708 1702
1703 1697 1708
1703 1709 1704
1710 1704 1709
1707 1711 1708
1711 1707 1705
1703 1708 1712
1711 1712 1708
1709 1703 1712
1706 1713 1705
1706 1714 1713
1715 1711 1705
1711 1715 1712
1713 1715 1705
1710 1709 1716
1716 1717 1710
1709 1712 1718
1715 1718 1712
1716 1709 1718
1714 1719 1713
1714 1720 1719
1721 1715 1713
1715 1721 1718
1719 1721 1713
1716 1722 1717
1722 1723 1717
1716 1718 1724
1724 1718 1721
1722 1716 1724
1722 1725 1723
1725 1726 1723
1722 1724 1727
1725 1722 1727
1724 1721 1728
1728 1727 1724
1725 1729 1726
1729 1730 1726
1731 1728 1721
1731 1721 1719
1728 1732 1727
1732 1728 1731
1725 1727 1733
1729 1725 1733
1732 1733 1727
1729 1734 1730
1735 1730 1734
1736 1731 1719
1732 1731 1736
1732 1737 1733
1737 1732 1736
1729 1733 1738
1734 1729 1738
1738 1733 1737
1735 1734 1739
1739 1740 1735
1736 1719 1741
1741 1719 1720
1737 1736 1742
1741 1743 1736
1744 1741 1720
1741 1744 1743
1745 1744 1720
1746 1743 1744
1747 1737 1742
1747 1742 1746
1738 1737 1747
1734 1738 1748
1747 1748 1738
1748 1739 1734
1745 1749 1744
1746 1744 1749
1746 1750 1747
1750 1746 1749
1751 1749 1745
1750 1749 1751
1751 1745 1752
1753 1751 1752
1747 1754 1748
1750 1754 1747
1748 1755 1739
1754 1755 1748
1753 1756 1751
1757 1756 1753
1750 1751 1758
1754 1750 1758
1756 1758 1751
1757 1759 1756
1760 1759 1757
1760 1761 1759
1758 1762 1754
1754 1762 1755
1756 1763 1758
1763 1756 1759
1758 1763 1762
1764 1759 1761
1763 1759 1764
1764 1761 1765
1763 1766 1762
1763 1764 1766
1767 1755 1762
1767 1762 1766
1764 1765 1768
1764 1768 1766
1755 1767 1769
1755 1769 1739
1739 1769 1740
1769 1770 1740
1769 1771 1770
1771 1769 1767
1772 1770 1771
1773 1767 1766
1771 1767 1773
1773 1766 1768
1772 1771 1774
1774 1771 1773
1775 1772 1774
1765 1776 1768
1776 1765 1777
1768 1778 1773
1774 1773 1778
1768 1776 1778
1775 1774 1779
1779 1774 1778
1780 1775 1779
1776 1777 1781
1781 1777 1782
1776 1783 1778
1779 1778 1783
1776 1781 1783
1780 1779 1784
1784 1779 1783
1785 1780 1784
1786 1783 1781
1784 1783 1786
1785 1784 1787
1787 1784 1786
1788 1785 1787
1789 1781 1782
1786 1781 1789
1788 1787 1790
1790 1309 1788
1787 1786 1791
1789 1791 1786
1791 1790 1787
1789 1782 1792
1789 1792 1791
1792 1782 1793
1791 1794 1790
1792 1794 1791
1790 1795 1309
1794 1795 1790
1792 1793 1796
1792 1796 1794
1797 1796 1793
1798 1797 1793
1799 1794 1796
1794 1799 1795
1799 1796 1797
1795 1800 1309
1308 1309 1800
1801 1795 1799
1795 1801 1800
1797 1802 1799
1801 1799 1802
1797 1803 1802
1803 1797 1798
1801 1802 1804
1804 1802 1803
1800 1801 1805
1801 1804 1805
1308 1800 1806
1800 1805 1806
1807 1803 1798
1804 1803 1807
1807 1798 1808
1798 1809 1808
1810 1804 1807
1807 1808 1810
1805 1804 1811
1810 1811 1804
1812 1810 1808
1812 1811 1810
1812 1808 1813
1805 1811 1814
1806 1805 1814
1308 1806 1815
1304 1308 1815
1812 1816 1811
1816 1814 1811
1812 1813 1817
1817 1816 1812
1818 1815 1806
1806 1814 1818
1816 1819 1814
1818 1814 1819
1818 1820 1815
1304 1815 1820
1817 1813 1821
1821 1813 1822
1817 1823 1816
1823 1819 1816
1818 1819 1824
1824 1820 1818
1825 1817 1821
1825 1823 1817
1821 1822 1826
1825 1821 1826
1823 1827 1819
1824 1819 1827
1823 1828 1827
1823 1825 1828
1824 1827 1829
1829 1827 1828
1824 1830 1820
1829 1830 1824
1822 1831 1826
1822 1832 1831
1831 1832 1833
1831 1833 1834
1834 1833 1835
1834 1835 1836
1837 1826 1831
1837 1831 1834
1836 1838 1834
1837 1834 1838
1836 1839 1838
1839 1840 1838
1840 1837 1838
1839 1841 1840
1837 1842 1826
1825 1826 1842
1842 1837 1843
1840 1843 1837
1825 1842 1844
1842 1843 1844
1825 1844 1828
1845 1840 1841
1845 1841 1846
1840 1847 1843
1847 1844 1843
1840 1845 1847
1828 1844 1848
1847 1848 1844
1846 1849 1845
1846 1850 1849
1851 1847 1845
1851 1848 1847
1851 1845 1849
1828 1848 1852
1829 1828 1852
1850 1853 1849
1850 1854 1853
1849 1855 1851
1849 1853 1855
1851 1856 1848
1852 1848 1856
1855 1856 1851
1857 1829 1852
1852 1856 1857
1858 1853 1854
1858 1854 1859
1860 1858 1859
1860 1859 1861
1860 1861 1862
1860 1862 1863
1523 1863 1862
1853 1864 1855
1853 1858 1864
1855 1865 1856
1857 1856 1865
1865 1855 1864
1857 1866 1829
1829 1866 1830
1858 1867 1864
1858 1860 1867
1857 1865 1868
1866 1857 1868
1865 1864 1869
1867 1869 1864
1869 1868 1865
1870 1830 1866
1866 1868 1871
1870 1866 1871
1869 1872 1868
1872 1871 1868
1867 1873 1869
1873 1872 1869
1860 1874 1867
1873 1867 1874
1872 1875 1871
1875 1870 1871
1830 1870 1876
1830 1876 1820
1304 1820 1876
1860 1877 1874
1860 1863 1877
1873 1878 1872
1878 1875 1872
1873 1874 1879
1879 1874 1877
1878 1873 1879
1875 1880 1870
1880 1876 1870
1304 1876 1881
1881 1310 1304
1878 1882 1875
1882 1880 1875
1878 1879 1883
1882 1878 1883
1879 1877 1884
1884 1883 1879
1885 1881 1876
1880 1885 1876
1881 1886 1310
1886 1299 1310
1298 1299 1886
1885 1887 1881
1886 1881 1887
1298 1886 1888
1886 1887 1888
1298 1888 1433
1888 1889 1433
1888 1887 1889
1429 1433 1889
1890 1887 1885
1880 1890 1885
1890 1889 1887
1429 1889 1891
1429 1891 1469
1880 1892 1890
1882 1892 1880
1889 1890 1893
1889 1893 1891
1893 1890 1892
1894 1469 1891
1894 1891 1893
1472 1469 1894
1892 1882 1895
1882 1883 1895
1893 1892 1896
1896 1894 1893
1892 1895 1896
1897 1472 1894
1479 1472 1897
1898 1895 1883
1884 1898 1883
1899 1896 1895
1898 1899 1895
1896 1900 1894
1897 1894 1900
1899 1900 1896
1901 1479 1897
1490 1479 1901
1902 1897 1900
1902 1900 1899
1901 1897 1902
1903 1898 1884
1877 1903 1884
1904 1899 1898
1904 1902 1899
1903 1904 1898
1905 1490 1901
1490 1905 1500
1519 1500 1905
1906 1901 1902
1906 1902 1904
1905 1901 1906
1519 1905 1907
1907 1905 1906
1908 1906 1904
1908 1904 1903
1907 1906 1908
1877 1909 1903
1863 1909 1877
1903 1910 1908
1903 1909 1910
1907 1908 1910
1863 1910 1909
1911 1519 1907
1516 1519 1911
1907 1910 1912
1912 1910 1863
1911 1907 1912
1911 1913 1516
1912 1913 1911
1912 1863 1913
1513 1516 1913
1523 1913 1863
1523 1513 1913
1914 1915 1916
1914 1917 1915
1914 1918 1917
1914 1919 1918
1919 1920 1918
1919 1921 1920
1921 1922 1920
1921 1923 1922
1923 1924 1922
1923 1925 1924
1925 1926 1924
1925 1927 1926
1928 1926 1927
1928 1927 1929
1928 1929 1930
1931 1930 1932
1933 1931 1934
1933 1935 1936
1935 1937 1936
1935 1938 1937
1939 1937 1938
1939 1938 1940
1939 1940 1941
1939 1941 1942
1943 1942 1941
1943 1944 1942
1944 1943 1945
1944 1945 1946
1947 1946 1945
1947 1948 1946
1949 1948 1947
1949 1950 1948
1951 1952 1953
1951 1954 1952
1952 1954 1955
1955 1954 1956
1957 1954 1951
1957 1951 1958
1959 1957 1958
1956 1954 1960
1954 1957 1960
1961 1956 1960
1959 1962 1957
1957 1962 1960
1959 1963 1962
1962 1963 1960
1964 1963 1959
1965 1961 1960
1963 1965 1960
1966 1961 1965
1967 1963 1964
1963 1967 1965
1967 1964 1968
1966 1965 1969
1969 1965 1967
1968 1970 1967
1969 1967 1970
1968 1971 1970
1972 1970 1971
1972 1973 1970
1969 1970 1973
1974 1973 1972
1975 1966 1969
1975 1976 1966
1974 1977 1973
1978 1977 1974
1979 1969 1973
1977 1979 1973
1975 1969 1979
1979 1977 1980
1978 1980 1977
1975 1979 1980
1975 1981 1976
1981 1975 1980
1982 1976 1981
1980 1978 1983
1980 1983 1981
1982 1981 1983
1983 1978 1984
1983 1984 1982
1985 1986 1987
1985 1988 1986
1989 1988 1985
1988 1990 1986
1989 1991 1988
1992 1991 1989
1988 1993 1990
1991 1993 1988
1993 1994 1990
1992 1995 1991
1996 1995 1992
1993 1997 1994
1997 1998 1994
1991 1999 1993
1991 1995 1999
1999 1997 1993
1997 2000 1998
2000 2001 1998
1999 2002 1997
1995 2002 1999
2002 2000 1997
2000 2003 2001
2003 2004 2001
2002 2005 2000
2005 2003 2000
1995 2006 2002
2002 2006 2005
1996 2007 1995
2007 2006 1995
2003 2008 2004
2008 2009 2004
2005 2010 2003
2006 2010 2005
2010 2008 2003
2008 2011 2009
2011 2012 2009
2010 2013 2008
2013 2011 2008
2006 2014 2010
2010 2014 2013
2013 2015 2011
2013 2014 2015
2011 2016 2012
2016 2011 2015
2017 2012 2016
2017 2018 2012
2019 2014 2006
2007 2019 2006
2016 2015 2020
2020 2017 2016
2021 2018 2017
2021 2022 2018
2023 2022 2021
2023 2024 2022
2025 2024 2023
2025 2026 2024
2027 2026 2025
2027 2028 2026
2029 2028 2027
2029 2030 2028
2031 2030 2029
2031 2032 2030
2033 2032 2031
2033 2034 2032
2031 2035 2033
2031 2036 2035
2029 2036 2031
2037 2035 2036
2027 2038 2029
2029 2038 2036
2025 2039 2027
2027 2039 2038
2038 2040 2036
2037 2036 2040
2040 2038 2039
2025 2041 2039
2023 2041 2025
2042 2037 2040
2042 2043 2037
2042 2044 2043
2040 2039 2045
2041 2045 2039
2045 2042 2040
2023 2046 2041
2045 2041 2046
2021 2046 2023
2021 2047 2046
2017 2047 2021
2045 2046 2048
2047 2048 2046
2017 2049 2047
2048 2047 2049
2020 2049 2017
2045 2050 2042
2048 2050 2045
2042 2051 2044
2050 2051 2042
2044 2051 2052
2044 2052 2053
2052 2054 2053
2052 2055 2054
1996 2054 2055
1996 2055 2007
2051 2056 2052
2056 2055 2052
2057 2007 2055
2056 2057 2055
2057 2019 2007
2051 2058 2056
2050 2058 2051
2059 2057 2056
2058 2059 2056
2060 2019 2057
2059 2060 2057
2050 2061 2058
2058 2061 2059
2060 2062 2019
2019 2062 2014
2060 2059 2063
2061 2063 2059
2050 2064 2061
2048 2064 2050
2065 2064 2048
2048 2049 2065
2066 2061 2064
2065 2066 2064
2067 2065 2049
2067 2066 2065
2067 2049 2020
2066 2068 2061
2061 2068 2063
2060 2063 2069
2062 2060 2069
2070 2014 2062
2015 2014 2070
2020 2015 2071
2020 2071 2067
2015 2070 2071
2067 2072 2066
2068 2066 2072
2071 2072 2067
2073 2063 2068
2069 2063 2073
2068 2072 2073
2062 2069 2074
2074 2070 2062
2071 2070 2074
2071 2074 2072
2073 2072 2074
2073 2074 2069
2075 2076 2077
2075 2077 2078
2078 2077 2079
2078 2079 2080
2080 2079 2081
2080 2081 2082
2082 2081 2083
2082 2083 2084
2084 2083 2085
2084 2085 2086
2086 2085 2087
2088 2089 2090
2091 2089 2088
2092 2089 2091
2093 2091 2088
2093 2088 2094
2094 2095 2093
2094 2096 2095
2097 2095 2096
2097 2096 2098
2099 2097 2098
2099 2098 2100
2100 2101 2099
2100 2102 2101
2101 2102 2103
2104 2105 2106
2107 2105 2104
2107 2104 2108
2109 2107 2108
2109 2110 2107
2111 2110 2109
2111 2109 2112
2112 2113 2111
2112 2114 2113
2113 2114 2115
2116 2114 2112
2116 2117 2114
2118 2117 2116
2118 2119 2117
2120 2119 2118
2121 2122 2123
2123 2122 2124
2124 2122 2125
2124 2125 2126
2127 2125 2122
2127 2122 2128
2126 2125 2129
2129 2125 2127
2129 2127 2130
2126 2129 2131
2129 2130 2132
2133 2131 2129
2129 2132 2133
2133 2134 2131
2133 2135 2134
2132 2136 2133
2133 2136 2135
2132 2137 2136
2138 2135 2136
2136 2137 2139
2138 2136 2140
2136 2139 2140
2140 2141 2138
2139 2142 2140
2140 2142 2141
2139 2143 2142
2144 2141 2142
2144 2142 2143
2144 2145 2141
2144 2143 2146
2147 2145 2144
2148 2144 2146
2147 2144 2148
2148 2146 2149
2150 2147 2148
2150 2148 2149
2150 2151 2147
2150 2149 2152
2153 2151 2150
2152 2154 2150
2153 2150 2154
2152 2155 2154
2156 2153 2154
2156 2154 2155
2156 2157 2153
2156 2155 2158
2159 2157 2156
2158 2160 2156
2159 2156 2160
2158 2161 2160
2162 2160 2161
2163 2159 2160
2162 2163 2160
2163 2164 2159
2165 2164 2163
2166 2163 2162
2165 2163 2166
2166 2162 2167
2168 2166 2167
2169 2165 2166
2168 2169 2166
2169 2170 2165
2171 2169 2168
2172 2170 2169
2171 2173 2169
2172 2169 2173
2171 2174 2173
2174 2172 2173
2171 2175 2174
2174 2176 2172
2177 2174 2175
2174 2178 2176
2177 2179 2174
2174 2179 2178
2180 2179 2177
2178 2179 2180
2181 2182 2183
2181 2184 2182
2184 2185 2182
2184 2186 2185
2186 2187 2185
2186 2188 2187
2188 2189 2187
2188 2190 2189
2190 2191 2189
2190 2192 2191
2192 2193 2191
2194 2195 2196
2197 2194 2196
2198 2197 2196
2199 2194 2197
2199 2200 2194
2200 2199 2201
2200 2201 2202
2203 2202 2201
2203 2204 2202
2205 2204 2203
2205 2206 2204
2206 2205 2207
2206 2207 2208
2207 2209 2208
2210 2211 2212
2213 2210 2212
2213 2212 2214
2215 2213 2214
2215 2214 2216
2217 2215 2216
2217 2218 2215
2218 2217 2219
2218 2219 2220
2219 2221 2220
2222 2218 2220
2222 2220 2223
2224 2222 2223
2224 2223 2225
2226 2224 2225
2227 2228 2229
2227 2229 2230
2230 2231 2227
2229 2232 2230
2229 2233 2232
2233 2234 2232
2233 2235 2234
2236 2232 2234
2236 2230 2232
2236 2234 2237
2236 2237 2238
2230 2239 2231
2236 2239 2230
2236 2238 2240
2240 2239 2236
2240 2238 2241
2242 2231 2239
2240 2242 2239
2242 2243 2231
2243 2242 2244
2244 2242 2240
2243 2244 2245
2240 2241 2246
2244 2240 2246
2245 2244 2247
2246 2247 2244
2245 2247 2248
2249 2246 2241
2246 2249 2247
2249 2241 2250
2249 2250 2251
2252 2248 2247
2252 2247 2249
2252 2253 2248
2249 2251 2254
2252 2249 2254
2255 2254 2251
2255 2256 2254
2257 2254 2256
2258 2254 2257
2258 2252 2254
2259 2252 2258
2259 2253 2252
2259 2260 2253
2261 2262 2259
2261 2263 2262
2264 2263 2261
2264 2265 2263
2266 2265 2264
2266 2264 2267
2268 2269 2270
2268 2270 2271
2271 2270 2272
2268 2271 2273
2268 2273 2274
2274 2273 2275
2274 2275 2276
2275 2273 2277
2277 2273 2271
2275 2277 2278
2277 2279 2278
2271 2272 2280
2277 2271 2280
2277 2281 2279
2281 2277 2280
2281 2282 2279
2283 2280 2272
2281 2280 2283
2283 2272 2284
2284 2285 2283
2285 2281 2283
2284 2286 2285
2281 2287 2282
2285 2287 2281
2286 2288 2285
2287 2285 2288
2286 2289 2288
2282 2287 2290
2287 2288 2290
2282 2290 2291
2290 2292 2291
2293 2288 2289
2293 2290 2288
2293 2289 2294
2290 2295 2292
2293 2295 2290
2295 2296 2292
2297 2293 2294
2297 2294 2298
2297 2299 2293
2299 2297 2298
2299 2295 2293
2299 2298 2300
2301 2299 2300
2299 2301 2295
2301 2300 2302
2296 2301 2302
2295 2303 2296
2296 2303 2301
2301 2303 2295
2304 2305 2306
2304 2307 2305
2308 2307 2304
2305 2307 2309
2305 2309 2310
2311 2310 2309
2308 2312 2307
2309 2307 2312
2311 2309 2313
2314 2311 2313
2308 2315 2312
2308 2316 2315
2312 2315 2317
2309 2312 2318
2312 2317 2318
2318 2313 2309
2317 2319 2318
2318 2319 2313
2317 2320 2319
2321 2319 2320
2321 2313 2319
2321 2320 2322
2314 2313 2323
2321 2323 2313
2324 2321 2322
2323 2321 2324
2324 2322 2325
2326 2324 2325
2314 2323 2327
2323 2324 2327
2314 2327 2328
2327 2329 2328
2326 2330 2324
2330 2327 2324
2327 2331 2329
2330 2331 2327
2331 2332 2329
2333 2330 2326
2333 2326 2334
2333 2335 2330
2335 2333 2334
2335 2331 2330
2335 2334 2336
2336 2337 2335
2335 2337 2331
2336 2338 2337
2331 2339 2332
2339 2338 2332
2339 2337 2338
2337 2339 2331
2340 2341 2342
2340 2342 2343
2344 2340 2343
2345 2343 2342
2345 2342 2346
2347 2345 2346
2344 2343 2348
2345 2348 2343
2347 2349 2345
2350 2349 2347
2351 2344 2348
2351 2316 2344
2352 2351 2348
2345 2353 2348
2352 2348 2353
2353 2345 2349
2352 2353 2354
2353 2349 2354
2352 2354 2355
2356 2355 2354
2356 2354 2349
2356 2357 2355
2350 2358 2349
2356 2349 2358
2359 2357 2356
2358 2359 2356
2359 2360 2357
2359 2361 2360
2362 2358 2350
2358 2362 2359
2362 2350 2363
2362 2363 2364
2359 2365 2361
2365 2359 2362
2362 2364 2366
2365 2362 2366
2367 2366 2364
2368 2361 2365
2368 2369 2361
2368 2365 2370
2370 2369 2368
2370 2365 2366
2370 2371 2369
2371 2370 2372
2370 2366 2372
2371 2372 2373
2367 2374 2366
2372 2366 2374
2374 2367 2373
2374 2373 2372
2375 2376 2377
2378 2377 2376
2375 2377 2379
2379 2380 2375
2379 2381 2380
2378 2382 2377
2382 2378 535
2383 2379 2377
2382 2383 2377
2381 2379 2384
2383 2384 2379
2381 2384 2385
2385 2384 2386
2384 2383 2386
2385 2386 593
593 2386 592
2387 2386 2383
2382 2387 2383
2382 535 2388
535 534 2388
2389 2382 2388
2389 2388 534
2389 2387 2382
2389 534 536
2390 2389 536
2390 2387 2389
2390 536 531
568 2390 531
2387 2391 2386
592 2386 2391
2390 2391 2387
592 2391 2392
2390 2392 2391
2390 568 2392
582 592 2392
2393 2392 568
582 2392 2393
2393 568 565
566 582 2393
566 2393 565
2394 2395 2396
2396 2397 2394
2397 2398 2394
2394 2398 2399
2394 2400 2395
2394 2399 2400
2400 2401 2395
2400 2399 2402
2400 2402 2401
2403 2401 2402
2402 2399 2404
2403 2402 2405
2405 2402 2404
2406 2403 2405
2405 2404 2407
2406 2405 2407
2408 2406 2407
2404 2409 2407
2408 2407 2410
2407 2409 2410
2410 2411 2408
2409 2412 2410
2410 2412 2411
2409 2413 2412
2411 2412 2413
2409 2414 2413
2411 2413 2415
2413 2414 2415
2416 1589 1594
1626 1589 2416
2416 1594 2417
2417 1594 1592
2417 1592 2418
1593 2418 1592
2419 2418 1593
2417 2418 2419
2419 1593 2420
2416 2417 2421
2417 2419 2421
2420 2422 2419
2420 2423 2422
2424 2422 2423
2419 2422 2425
2419 2425 2421
2424 2426 2422
2425 2422 2426
2426 2424 2427
2426 2427 2428
2428 2429 2426
2425 2426 2429
2428 2430 2429
2429 2431 2425
2430 2431 2429
2421 2425 2431
2430 1651 2431
1651 1650 2431
2421 2431 2432
1650 2432 2431
2416 2421 2432
1650 2433 2432
2416 2432 2433
1640 2433 1650
2416 2433 1626
1640 2434 2433
2434 1626 2433
1624 2434 1640
2434 1623 1626
1624 1623 2434
2435 2436 2437
2436 2435 2438
2438 2435 2439
2435 2440 2439
2435 2437 2441
2435 2441 2440
2441 2437 2442
2441 2443 2440
2441 2442 2443
2444 2443 2442
2443 2445 2440
2444 2446 2443
2446 2445 2443
2447 2446 2444
2446 2448 2445
2447 2448 2446
2449 2448 2447
2445 2448 2450
2449 2451 2448
2448 2451 2450
2451 2449 2452
2450 2451 2453
2451 2452 2453
2450 2453 2454
2452 2454 2453
2450 2454 2455
2452 2456 2454
2454 2456 2455
2457 2458 2459
2457 2459 2460
2458 2457 2461
2457 2460 2462
2457 2463 2461
2457 2462 2464
2457 2465 2463
2457 2464 2466
2457 2467 2465
2457 2466 2468
2457 2469 2467
2457 2468 2470
2457 2471 2469
2457 2470 2472
2457 2473 2471
2457 2472 2474
2457 2475 2473
2457 2474 2476
2457 2477 2475
2457 2476 2478
2457 2479 2477
2457 2478 2480
2457 2481 2479
2457 2480 2482
2457 2483 2481
2457 2482 2484
2457 2485 2483
2457 2484 2486
2457 2487 2485
2457 2486 2488
2457 2489 2487
2457 2488 2489
2490 2491 2492
2493 2490 2492
2491 2494 2492
2495 2493 2492
2494 2496 2492
2497 2495 2492
2496 2498 2492
2499 2497 2492
2498 2500 2492
2501 2499 2492
2500 2502 2492
2503 2501 2492
2502 2504 2492
2505 2503 2492
2504 2506 2492
2507 2505 2492
2506 2508 2492
2509 2507 2492
2508 2510 2492
2511 2509 2492
2510 2512 2492
2513 2511 2492
2512 2514 2492
2515 2513 2492
2514 2516 2492
2517 2515 2492
2516 2518 2492
2519 2517 2492
2518 2520 2492
2521 2519 2492
2520 2522 2492
2522 2521 2492
2523 2524 2525
2524 2526 2525
2527 2523 2525
2523 2527 2528
2523 2528 2529
2530 2523 2529
2530 2529 2531
2526 2530 2531
2527 2532 2528
2526 2531 2533
2527 2534 2532
2534 2527 2525
2534 2535 2532
2536 2526 2533
2526 2536 2525
2536 2533 2537
2534 2538 2535
2538 2534 2525
2538 2539 2535
2536 2540 2525
2540 2536 2537
2541 2538 2525
2538 2541 2539
2540 2542 2525
2540 2537 2543
2542 2540 2543
2541 2544 2539
2542 2543 2545
2541 2546 2544
2546 2541 2525
2546 2547 2544
2548 2542 2545
2542 2548 2525
2548 2545 2549
2546 2550 2547
2550 2546 2525
2550 2551 2547
2552 2548 2549
2548 2552 2525
2552 2549 2553
2550 2554 2551
2554 2550 2525
2554 2555 2551
2552 2556 2525
2556 2552 2553
2557 2554 2525
2554 2557 2555
2556 2558 2525
2556 2553 2559
2558 2556 2559
2557 2560 2555
2558 2559 2561
2557 2562 2560
2562 2557 2525
2562 2563 2560
2564 2558 2561
2558 2564 2525
2564 2561 2565
2562 2566 2563
2566 2562 2525
2566 2567 2563
2568 2564 2565
2564 2568 2525
2568 2565 2569
2566 2570 2567
2570 2566 2525
2570 2571 2567
2568 2572 2525
2572 2568 2569
2573 2570 2525
2570 2573 2571
2572 2574 2525
2572 2569 2575
2574 2572 2575
2573 2576 2571
2574 2575 2577
2573 2578 2576
2578 2573 2525
2578 2579 2576
2580 2574 2577
2574 2580 2525
2580 2577 2581
2578 2582 2579
2582 2578 2525
2582 2583 2579
2584 2580 2581
2580 2584 2525
2584 2581 2585
2582 2586 2583
2586 2582 2525
2586 2587 2583
2584 2588 2525
2588 2584 2585
2588 2586 2525
2588 2585 2587
2586 2588 2587
2589 2590 2591
2591 2592 2589
2589 2592 2593
2589 2593 2594
2595 2590 2589
2589 2594 2596
2595 2589 2596
2597 2596 2594
2598 2595 2596
2597 2598 2596
2597 2599 2598
2598 2600 2595
2599 2600 2598
2597 2601 2599
2599 2602 2600
2599 2601 2603
2604 2602 2599
2599 2603 2605
2604 2599 2605
2605 2603 2606
2607 2604 2605
2605 2606 2607
2607 2608 2604
2607 2606 2609
2610 2608 2607
2607 2609 2610
2610 2611 2608
2610 2609 2612
2612 2611 2610
2613 2614 2615
2615 2614 2616
2615 2616 2617
2617 2616 2618
2613 2615 2619
2620 2615 2617
2619 2615 2620
2620 2617 2621
2619 2620 2622
2619 2622 2623
2624 2621 2617
2625 2613 2619
2619 2623 2625
2625 2626 2613
2625 2623 2627
2628 2626 2625
2625 2627 2628
2628 2629 2626
2630 2628 2627
2631 2629 2628
2630 2631 2628
2631 2632 2629
2633 2631 2630
2634 2632 2631
2633 2635 2631
2634 2631 2635
2635 2633 2636
2637 2634 2635
2635 2636 2637
2637 2638 2634
2637 2636 2639
2639 2638 2637
2640 2641 2642
2640 2642 2643
2640 2644 2641
2643 2645 2640
2640 2645 2644
2643 2646 2645
2645 2646 2647
2644 2645 2648
2645 2647 2648
2644 2648 2649
2648 2647 2650
2651 2649 2648
2651 2648 2652
2648 2650 2652
2653 2651 2652
2652 2650 2653
2653 2654 2651
2655 2654 2653
2655 2656 2654
2657 2653 2650
2655 2653 2657
2658 2656 2655
2658 2659 2656
2658 2660 2659
2661 2660 2658
2662 2661 2658
2662 2663 2661
2662 2664 2663
2655 2665 2658
2665 2662 2658
2655 2666 2665
2655 2657 2666
2665 2667 2662
2666 2657 2668
2657 2650 2668
2666 2668 2669
2650 2670 2668
2669 2668 2670
2650 2671 2670
2669 2670 2672
2670 2671 2673
2672 2670 2674
2670 2673 2674
2672 2674 2675
2674 2673 2676
2675 2674 2677
2674 2676 2677
2675 2677 2678
2677 2676 2679
2678 2677 2679
2662 2667 2680
2680 2667 2681
2680 2681 2682
2682 2681 2683
2682 2683 2684
2684 2683 2685
2686 2684 2685
2687 2684 2686
2687 2682 2684
2688 2682 2687
2688 2680 2682
2688 2689 2680
2662 2680 2689
2689 2690 2662
2689 2691 2690
2662 2690 2664
2691 2692 2690
2693 2692 2691
2694 2664 2690
2694 2695 2664
2693 2696 2692
2697 2696 2693
2690 2692 2698
2698 2694 2690
2699 2698 2692
2696 2699 2692
2698 2700 2694
2696 2701 2699
2694 2700 2702
2703 2695 2694
2694 2702 2703
2703 2704 2695
2703 2705 2704
2697 2706 2696
2706 2701 2696
2707 2706 2697
2706 2708 2701
2707 2708 2706
2702 2709 2703
2703 2709 2705
2702 2710 2709
2618 2705 2709
2709 2710 2624
2618 2709 2711
2709 2624 2711
2617 2618 2711
2624 2617 2711
2712 2713 2714
2712 2715 2713
2714 2716 2712
2712 2717 2715
2712 2716 2718
2712 2719 2717
2712 2718 2720
2712 2721 2719
2712 2720 2722
2712 2723 2721
2712 2722 2724
2712 2725 2723
2712 2724 2726
2712 2727 2725
2712 2726 2728
2712 2729 2727
2712 2728 2730
2712 2731 2729
2712 2730 2732
2712 2733 2731
2712 2732 2734
2712 2735 2733
2712 2734 2736
2712 2737 2735
2712 2736 2738
2712 2739 2737
2712 2738 2740
2712 2741 2739
2712 2740 2742
2712 2743 2741
2712 2742 2744
2712 2744 2743
2745 2746 2747
2748 2746 2745
2747 2746 2749
2750 2746 2748
2749 2746 2751
2752 2746 2750
2751 2746 2753
2754 2746 2752
2753 2746 2755
2756 2746 2754
2755 2746 2757
2758 2746 2756
2757 2746 2759
2760 2746 2758
2759 2746 2761
2762 2746 2760
2761 2746 2763
2764 2746 2762
2763 2746 2765
2766 2746 2764
2765 2746 2767
2768 2746 2766
2767 2746 2769
2770 2746 2768
2769 2746 2771
2772 2746 2770
2771 2746 2773
2774 2746 2772
2773 2746 2775
2776 2746 2774
2775 2746 2777
2777 2746 2776
2778 2779 2780
2780 2779 2781
2782 2779 2778
2778 2783 2782
2778 2784 2783
2785 2784 2778
2785 2786 2784
2781 2786 2785
2782 2783 2787
2781 2788 2786
2782 2787 2789
2789 2779 2782
2789 2787 2790
2791 2788 2781
2781 2779 2791
2791 2792 2788
2789 2790 2793
2793 2779 2789
2793 2790 2794
2791 2779 2795
2795 2792 2791
2796 2779 2793
2793 2794 2796
2795 2779 2797
2795 2798 2792
2797 2798 2795
2796 2794 2799
2797 2800 2798
2796 2799 2801
2801 2779 2796
2801 2799 2802
2803 2800 2797
2797 2779 2803
2803 2804 2800
2801 2802 2805
2805 2779 2801
2805 2802 2806
2807 2804 2803
2803 2779 2807
2807 2808 2804
2805 2806 2809
2809 2779 2805
2809 2806 2810
2807 2779 2811
2811 2808 2807
2812 2779 2809
2809 2810 2812
2811 2779 2813
2811 2814 2808
2813 2814 2811
2812 2810 2815
2813 2816 2814
2812 2815 2817
2817 2779 2812
2817 2815 2818
2819 2816 2813
2813 2779 2819
2819 2820 2816
2817 2818 2821
2821 2779 2817
2821 2818 2822
2823 2820 2819
2819 2779 2823
2823 2824 2820
2821 2822 2825
2825 2779 2821
2825 2822 2826
2823 2779 2827
2827 2824 2823
2828 2779 2825
2825 2826 2828
2827 2779 2829
2827 2830 2824
2829 2830 2827
2828 2826 2831
2829 2832 2830
2828 2831 2833
2833 2779 2828
2833 2831 2834
2835 2832 2829
2829 2779 2835
2835 2836 2832
2833 2834 2837
2837 2779 2833
2837 2834 2838
2839 2836 2835
2835 2779 2839
2839 2840 2836
2837 2838 2841
2841 2779 2837
2841 2838 2842
2839 2779 2843
2843 2840 2839
2843 2779 2841
2843 2842 2840
2841 2842 2843
2844 2845 2846
2845 2844 2847
2844 2848 2847
2844 2849 2848
2850 2844 2846
2844 2851 2849
2850 2851 2844
2852 2849 2851
2853 2851 2850
2852 2851 2853
2852 2853 2854
2853 2850 2855
2854 2853 2855
2852 2854 2856
2854 2855 2857
2854 2858 2856
2859 2854 2857
2854 2860 2858
2859 2860 2854
2860 2861 2858
2862 2860 2859
2860 2862 2861
2862 2859 2863
2862 2864 2861
2865 2862 2863
2862 2865 2864
2865 2863 2866
2865 2867 2864
2867 2865 2866
2868 2869 2870
2869 2871 2870
2869 2872 2871
2872 2873 2871
2868 2874 2869
2875 2872 2869
2874 2875 2869
2875 2876 2872
2874 2877 2875
2874 2878 2877
2879 2872 2876
2880 2874 2868
2874 2880 2878
2880 2868 2881
2880 2882 2878
2883 2880 2881
2880 2883 2882
2883 2881 2884
2885 2882 2883
2886 2883 2884
2885 2883 2886
2886 2884 2887
2888 2885 2886
2889 2886 2887
2888 2886 2890
2889 2890 2886
2890 2891 2888
2892 2890 2889
2890 2892 2891
2892 2889 2893
2892 2894 2891
2894 2892 2893
2895 2896 2897
2895 2898 2896
2895 2897 2899
2898 2895 2900
2895 2899 2900
2898 2900 2901
2900 2902 2901
2899 2903 2900
2900 2903 2902
2899 2904 2903
2903 2905 2902
2906 2903 2904
2906 2907 2903
2903 2907 2905
2908 2907 2906
2907 2908 2905
2908 2906 2909
2910 2908 2909
2910 2909 2911
2912 2905 2908
2910 2912 2908
2913 2910 2911
2913 2911 2914
2913 2914 2915
2916 2913 2915
2917 2913 2916
2917 2916 2918
2917 2918 2919
2910 2913 2920
2920 2913 2917
2910 2920 2921
2910 2921 2912
2920 2917 2922
2921 2923 2912
2912 2923 2905
2921 2924 2923
2905 2923 2925
2924 2925 2923
2905 2925 2926
2924 2927 2925
2925 2928 2926
2927 2929 2925
2925 2929 2928
2927 2930 2929
2929 2931 2928
2930 2932 2929
2929 2932 2931
2930 2933 2932
2932 2934 2931
2933 2934 2932
2935 2936 2922
2917 2935 2922
2935 2937 2936
2937 2938 2936
2937 2939 2938
2939 2940 2938
2941 2940 2939
2942 2941 2939
2942 2939 2937
2943 2942 2937
2943 2937 2935
2943 2935 2944
2917 2944 2935
2944 2917 2945
2944 2945 2946
2917 2919 2945
2946 2945 2947
2948 2946 2947
2949 2945 2919
2949 2919 2950
2948 2947 2951
2952 2948 2951
2945 2953 2947
2953 2945 2949
2954 2947 2953
2951 2947 2954
2953 2949 2955
2951 2954 2956
2949 2957 2955
2958 2949 2950
2949 2958 2957
2958 2950 2959
2958 2959 2960
2952 2951 2961
2961 2951 2956
2962 2952 2961
2961 2956 2963
2962 2961 2963
2957 2958 2964
2958 2960 2964
2957 2964 2965
2873 2964 2960
2964 2879 2965
2873 2966 2964
2964 2966 2879
2872 2966 2873
2879 2966 2872
2967 2968 2969
2967 2969 2970
2967 2970 2971
2970 2972 2971
2972 2973 2971
2973 2967 2971
2973 2974 2967
2975 2967 2974
2967 2976 2968
2975 2976 2967
2968 2976 2977
2975 2977 2976
2968 2977 2978
2975 2979 2977
2977 2980 2978
2979 2981 2977
2977 2981 2980
2979 2982 2981
2981 2982 2983
2980 2981 2984
2981 2983 2984
2980 2984 2985
2984 2986 2985
2983 2987 2984
2984 2987 2986
2983 2988 2987
2989 2987 2988
2986 2987 2990
2989 2990 2987
2986 2990 2991
2990 2989 2992
2990 2993 2991
2990 2992 2994
2990 2994 2993
2995 2994 2992
2993 2994 2996
2995 2996 2994
2993 2996 2997
2996 2995 2998
2996 2999 2997
2996 2998 3000
2996 3000 2999
3000 2998 3001
2999 3000 3002
3000 3001 3002
2999 3002 3003
3002 3001 3004
3002 3005 3003
3002 3004 3006
3002 3006 3005
3007 3006 3004
3008 3005 3006
3007 3008 3006
3008 3009 3005
3010 3008 3007
3009 3008 3010
3010 3007 3011
3009 3010 3012
3013 3010 3011
3014 3012 3010
3013 3014 3010
3014 3015 3012
3014 3016 3015
3017 3014 3013
3014 3017 3016
3017 3013 3018
3019 3016 3017
3017 3018 3020
3019 3017 3021
3017 3020 3021
3022 3019 3021
3020 3023 3021
3022 3021 3023
3020 3024 3023
3025 3022 3023
3024 3025 3023
3026 3027 3028
3029 3027 3026
3026 3028 3030
3031 3030 3028
3029 3026 3032
3033 3029 3032
3033 3032 3034
3034 3035 3033
3030 3036 3026
3037 3032 3026
3037 3026 3036
3031 3038 3030
3030 3038 3036
3039 3034 3032
3039 3032 3037
3040 3036 3038
3040 3038 3041
3041 3038 3031
3042 3036 3040
3042 3037 3036
3043 3037 3042
3043 3039 3037
3041 3031 3044
3045 3039 3043
3031 3046 3044
3045 3047 3039
3034 3039 3047
3048 3047 3045
3031 3049 3046
3049 3050 3046
3034 3047 3051
3034 3051 3035
3048 3052 3047
3052 3051 3047
3053 3052 3048
3031 3054 3049
3031 3055 3054
3049 3056 3050
3054 3056 3049
3056 3057 3050
3058 3054 3055
3054 3058 3056
3058 3055 3059
3060 3058 3059
3056 3061 3057
3061 3056 3058
3061 3062 3057
3060 3063 3058
3061 3058 3063
3063 3060 3064
3061 3065 3062
3065 3061 3063
3066 3062 3065
3063 3064 3067
3065 3063 3067
3067 3064 3035
3066 3065 3068
3068 3065 3067
3069 3066 3068
3068 3067 3070
3067 3035 3070
3069 3068 3071
3071 3068 3070
3072 3070 3035
3071 3070 3072
3072 3035 3073
3073 3074 3072
3074 3071 3072
3073 3075 3074
3076 3069 3071
3074 3076 3071
3075 3076 3074
3076 3077 3069
3075 3078 3076
3077 3076 3078
3077 3078 3079
3078 3053 3079
3078 3080 3053
3080 3078 3081
3053 3080 3052
3080 3081 3082
3082 3052 3080
3082 3081 3083
3082 3084 3052
3082 3083 3084
3052 3084 3051
3083 3051 3084
3083 3035 3051
3085 3086 3087
3088 3085 3087
3085 3089 3086
3090 3086 3089
3088 3091 3085
3092 3091 3088
3092 3093 3091
3093 3092 3094
3089 3085 3095
3096 3085 3091
3096 3095 3085
3090 3089 3097
3089 3095 3097
3098 3091 3093
3098 3096 3091
3099 3097 3095
3099 3100 3097
3100 3090 3097
3101 3099 3095
3101 3095 3096
3102 3101 3096
3102 3096 3098
3100 3103 3090
3104 3102 3098
3090 3103 3105
3104 3098 3106
3093 3106 3098
3107 3104 3106
3090 3105 3108
3108 3105 3109
3093 3110 3106
3093 3094 3110
3107 3106 3111
3111 3106 3110
3112 3107 3111
3090 3108 3113
3090 3113 3114
3108 3109 3115
3113 3108 3115
3115 3109 3116
3117 3114 3113
3113 3115 3117
3117 3118 3114
3119 3118 3117
3115 3116 3120
3120 3117 3115
3120 3116 3121
3119 3117 3122
3120 3122 3117
3122 3123 3119
3120 3121 3124
3124 3122 3120
3125 3124 3121
3122 3126 3123
3124 3126 3122
3126 3094 3123
3125 3127 3124
3127 3126 3124
3128 3127 3125
3127 3129 3126
3126 3129 3094
3128 3130 3127
3130 3129 3127
3131 3094 3129
3130 3131 3129
3131 3132 3094
3132 3131 3133
3133 3131 3130
3132 3133 3134
3135 3130 3128
3133 3130 3135
3134 3133 3135
3135 3128 3136
3134 3135 3137
3136 3137 3135
3136 3138 3137
3137 3138 3112
3137 3112 3139
3139 3140 3137
3112 3111 3139
3139 3141 3140
3141 3139 3111
3141 3142 3140
3141 3111 3143
3141 3143 3142
3111 3110 3143
3142 3143 3110
3142 3110 3094
3144 3145 3146
3145 3147 3146
3144 3148 3145
3149 3148 3144
3149 3150 3148
3151 3150 3149
3151 3152 3150
3152 3151 3153
3145 3154 3147
3148 3155 3145
3155 3154 3145
3150 3156 3148
3148 3156 3155
3147 3154 3157
3147 3157 3158
3157 3159 3158
3152 3160 3150
3150 3160 3156
3155 3161 3154
3161 3157 3154
3152 3153 3162
3152 3163 3160
3163 3152 3162
3153 3164 3162
3153 3165 3164
3164 3165 3166
3166 3167 3164
3166 3168 3167
3169 3167 3168
3162 3164 3170
3170 3164 3167
3169 3171 3167
3172 3171 3169
3163 3162 3173
3162 3170 3173
3171 3174 3167
3170 3167 3174
3172 3175 3171
3176 3175 3172
3171 3177 3174
3177 3171 3175
3176 3178 3175
3179 3178 3176
3179 3180 3178
3181 3180 3179
3175 3178 3182
3180 3182 3178
3181 3183 3180
3183 3181 3184
3177 3175 3185
3175 3182 3185
3180 3186 3182
3183 3186 3180
3183 3184 3187
3188 3187 3184
3189 3185 3182
3189 3182 3186
3190 3177 3185
3189 3190 3185
3183 3191 3186
3191 3183 3187
3188 3192 3187
3192 3188 3193
3194 3192 3193
3195 3194 3193
3196 3194 3195
3192 3197 3187
3191 3187 3197
3191 3198 3186
3189 3186 3198
3191 3199 3198
3197 3199 3191
3198 3200 3189
3199 3200 3198
3196 3201 3194
3202 3201 3196
3194 3203 3192
3192 3203 3197
3200 3204 3189
3205 3204 3200
3205 3200 3206
3199 3206 3200
3189 3204 3190
3197 3207 3199
3206 3199 3207
3208 3197 3203
3208 3207 3197
3209 3206 3207
3205 3206 3209
3208 3209 3207
3194 3210 3203
3210 3208 3203
3204 3211 3190
3205 3211 3204
3212 3209 3208
3205 3209 3212
3213 3210 3194
3213 3194 3201
3210 3214 3208
3212 3208 3214
3214 3210 3213
3215 3212 3214
3205 3212 3215
3216 3214 3213
3215 3214 3216
3217 3213 3201
3217 3216 3213
3217 3201 3218
3202 3218 3201
3216 3217 3219
3219 3217 3218
3220 3218 3202
3219 3218 3220
3220 3202 3221
3222 3220 3221
3215 3216 3223
3216 3219 3223
3215 3223 3224
3224 3223 3219
3205 3215 3225
3215 3224 3225
3226 3219 3220
3224 3219 3226
3222 3227 3220
3226 3220 3227
3228 3224 3226
3225 3224 3228
3205 3225 3229
3205 3229 3230
3205 3230 3231
3232 3227 3222
3232 3222 3233
3234 3232 3233
3235 3226 3227
3228 3226 3235
3235 3227 3232
3225 3228 3236
3236 3229 3225
3236 3228 3235
3237 3235 3232
3236 3235 3237
3236 3238 3229
3238 3230 3229
3237 3238 3236
3234 3239 3232
3237 3232 3239
3237 3240 3238
3239 3240 3237
3234 3241 3239
3239 3241 3240
3234 3242 3241
3238 3243 3230
3240 3243 3238
3242 3244 3241
3242 3245 3244
3246 3244 3245
3241 3247 3240
3241 3244 3247
3240 3247 3243
3246 3248 3244
3248 3247 3244
3249 3248 3246
3230 3243 3250
3231 3230 3250
3243 3247 3251
3243 3251 3250
3248 3251 3247
3249 3252 3248
3159 3252 3249
3253 3250 3251
3253 3231 3250
3254 3251 3248
3254 3248 3252
3253 3251 3254
3159 3255 3252
3255 3254 3252
3157 3255 3159
3231 3253 3256
3256 3253 3254
3257 3255 3157
3161 3257 3157
3255 3258 3254
3257 3258 3255
3256 3254 3258
3259 3258 3257
3161 3259 3257
3259 3256 3258
3231 3256 3260
3205 3231 3260
3261 3260 3256
3261 3256 3259
3205 3260 3261
3161 3262 3259
3262 3261 3259
3263 3262 3161
3261 3262 3263
3263 3161 3155
3264 3261 3263
3205 3261 3264
3265 3263 3155
3264 3263 3265
3265 3155 3156
3266 3264 3265
3205 3264 3266
3267 3265 3156
3266 3265 3267
3267 3156 3160
3205 3266 3268
3268 3266 3267
3269 3267 3160
3268 3267 3269
3269 3160 3163
3270 3269 3163
3268 3269 3270
3270 3163 3173
3205 3268 3271
3271 3268 3270
3205 3271 3211
3272 3270 3173
3271 3270 3272
3272 3173 3170
3271 3272 3273
3273 3272 3170
3211 3271 3273
3273 3170 3174
3211 3273 3274
3274 3273 3174
3211 3274 3190
3274 3174 3177
3190 3274 3177
3275 3276 3277
3277 3276 3278
3275 3277 3279
3280 3275 3279
3280 3279 3281
3282 3280 3281
3282 3281 3283
3283 3284 3282
3277 3278 3285
3279 3277 3286
3286 3277 3285
3281 3279 3287
3279 3286 3287
3278 3288 3285
3278 3289 3288
3288 3289 3290
3283 3281 3291
3281 3287 3291
3286 3285 3292
3292 3285 3288
3283 3293 3284
3283 3291 3294
3294 3293 3283
3284 3293 3295
3284 3295 3296
3297 3296 3295
3298 3297 3295
3295 3299 3298
3300 3298 3299
3293 3301 3295
3301 3299 3295
3300 3299 3302
3303 3300 3302
3294 3304 3293
3293 3304 3301
3302 3299 3305
3301 3305 3299
3303 3302 3306
3307 3303 3306
3302 3305 3308
3308 3306 3302
3307 3306 3309
3310 3307 3309
3310 3309 3311
3312 3310 3311
3306 3313 3309
3311 3309 3313
3312 3311 3314
3314 3315 3312
3308 3316 3306
3306 3316 3313
3311 3313 3317
3314 3311 3317
3314 3318 3315
3319 3315 3318
3320 3313 3316
3320 3317 3313
3321 3316 3308
3320 3316 3321
3314 3317 3322
3322 3318 3314
3319 3318 3323
3324 3319 3323
3325 3324 3323
3326 3324 3325
3327 3326 3325
3323 3318 3328
3322 3328 3318
3322 3317 3329
3320 3329 3317
3322 3329 3330
3328 3322 3330
3329 3320 3331
3330 3329 3331
3320 3321 3332
3331 3320 3332
3333 3331 3332
3333 3332 3334
3332 3321 3334
3330 3331 3335
3333 3335 3331
3335 3336 3330
3328 3330 3336
3323 3328 3337
3325 3323 3337
3338 3336 3335
3333 3338 3335
3339 3328 3336
3339 3337 3328
3339 3336 3338
3334 3321 3340
3321 3308 3340
3340 3308 3305
3340 3305 3341
3334 3340 3341
3341 3305 3301
3334 3341 3342
3333 3334 3342
3341 3301 3343
3342 3341 3343
3343 3301 3304
3343 3304 3344
3342 3343 3344
3344 3304 3294
3342 3344 3345
3333 3342 3345
3344 3294 3346
3345 3344 3346
3346 3294 3291
3346 3291 3347
3345 3346 3347
3347 3291 3287
3333 3345 3348
3345 3347 3348
3347 3287 3349
3348 3347 3349
3349 3287 3286
3333 3348 3350
3348 3349 3350
3333 3350 3351
3333 3351 3352
3349 3286 3353
3350 3349 3353
3350 3353 3351
3353 3286 3292
3351 3353 3354
3353 3292 3354
3354 3355 3351
3292 3355 3354
3351 3356 3352
3351 3355 3356
3292 3357 3355
3292 3288 3357
3355 3357 3358
3355 3358 3356
3357 3288 3359
3357 3359 3358
3288 3290 3359
3359 3360 3358
3356 3358 3360
3290 3361 3359
3359 3361 3360
3290 3362 3361
3362 3363 3361
3360 3361 3363
3362 3364 3363
3365 3352 3356
3333 3352 3365
3356 3360 3366
3365 3356 3366
3366 3360 3367
3360 3363 3367
3364 3368 3363
3364 3369 3368
3370 3368 3369
3366 3371 3365
3366 3367 3371
3363 3368 3372
3363 3372 3367
3370 3373 3368
3373 3372 3368
3374 3373 3370
3365 3371 3375
3333 3365 3375
3376 3371 3367
3376 3367 3372
3375 3371 3376
3373 3377 3372
3377 3376 3372
3374 3378 3373
3378 3377 3373
3379 3375 3376
3377 3379 3376
3374 3380 3378
3374 3381 3380
3380 3381 3382
3378 3383 3377
3383 3379 3377
3383 3378 3380
3379 3384 3375
3333 3375 3384
3383 3385 3379
3385 3384 3379
3383 3380 3386
3385 3383 3386
3380 3382 3387
3386 3380 3387
3385 3388 3384
3333 3384 3388
3382 3389 3387
3382 3390 3389
3389 3390 3391
3386 3387 3392
3392 3387 3389
3385 3386 3393
3388 3385 3393
3393 3386 3392
3388 3393 3394
3393 3392 3394
3333 3388 3395
3395 3388 3394
3392 3389 3396
3394 3392 3396
3389 3391 3397
3396 3389 3397
3391 3398 3397
3391 3327 3398
3327 3325 3398
3399 3397 3398
3396 3397 3399
3394 3396 3400
3395 3394 3400
3401 3400 3396
3401 3396 3399
3395 3400 3401
3399 3398 3402
3402 3398 3325
3399 3402 3401
3333 3395 3403
3333 3403 3338
3403 3339 3338
3395 3401 3404
3395 3404 3403
3401 3402 3404
3403 3404 3339
3402 3325 3405
3404 3402 3405
3405 3339 3404
3325 3337 3405
3405 3337 3339
