byte offset: 0
first index: 78216
index count: 9423
topology: trianglelist
format: DXGI_FORMAT_R16_UINT

21236 21237 21238
21239 21240 21241
21242 21243 21244
21242 21245 21243
21246 21245 21242
21243 21245 21247
21243 21247 21248
21247 21249 21248
21250 21245 21246
21250 21247 21245
21251 21250 21246
21252 21250 21251
21247 21253 21249
21253 21254 21249
21250 21255 21247
21255 21253 21247
21256 21250 21252
21256 21255 21250
21256 21257 21255
21255 21258 21253
21258 21254 21253
21258 21255 21257
21256 21252 21259
21260 21259 21252
21258 21261 21254
21262 21254 21261
21256 21263 21257
21259 21263 21256
21262 21261 21264
21261 21265 21264
21266 21262 21264
21266 21264 21267
21265 21267 21264
21268 21266 21267
21269 21261 21258
21261 21269 21265
21258 21257 21270
21269 21258 21270
21271 21269 21270
21272 21265 21269
21271 21272 21269
21273 21270 21257
21273 21271 21270
21257 21263 21274
21275 21273 21257
21275 21257 21274
21274 21263 21276
21259 21276 21263
21274 21276 21277
21278 21274 21277
21279 21274 21278
21279 21275 21274
21259 21280 21276
21259 21281 21280
21260 21281 21259
21280 21281 21282
21260 21283 21281
21282 21281 21283
21260 21284 21283
21282 21283 21284
21285 21275 21279
21285 21279 21286
21285 21286 21287
21285 21287 21288
21289 21275 21285
21289 21285 21288
21289 21273 21275
21289 21288 21290
21273 21289 21291
21291 21289 21290
21291 21290 21292
21273 21291 21271
21293 21291 21292
21271 21291 21294
21293 21294 21291
21271 21294 21272
21295 21294 21293
21295 21272 21294
21295 21293 21296
21297 21295 21296
21295 21298 21272
21272 21298 21265
21297 21299 21295
21298 21295 21299
21300 21299 21297
21300 21301 21299
21298 21299 21302
21265 21298 21302
21302 21299 21301
21265 21302 21303
21265 21303 21267
21303 21302 21304
21302 21301 21304
21267 21303 21305
21303 21304 21305
21301 21306 21304
21305 21304 21306
21267 21305 21307
21268 21267 21307
21308 21307 21305
21305 21306 21308
21268 21307 21309
21308 21309 21307
21268 21309 21310
21309 21311 21310
21309 21308 21312
21306 21312 21308
21309 21313 21311
21309 21312 21313
21313 21314 21311
21306 21315 21312
21313 21312 21316
21316 21312 21315
21313 21317 21314
21313 21316 21317
21314 21317 21318
21314 21318 21319
21318 21320 21319
21317 21316 21321
21317 21321 21318
21318 21322 21320
21322 21323 21320
21315 21306 21324
21301 21324 21306
21325 21324 21301
21316 21315 21326
21321 21316 21326
21318 21321 21327
21318 21327 21322
21325 21301 21328
21300 21328 21301
21321 21326 21329
21329 21327 21321
21330 21328 21300
21331 21328 21330
21330 21300 21332
21333 21330 21332
21331 21330 21333
21333 21332 21334
21335 21333 21334
21331 21333 21335
21335 21334 21336
21337 21335 21336
21337 21336 21338
21339 21337 21338
21328 21331 21340
21328 21340 21325
21331 21335 21341
21341 21335 21337
21339 21342 21337
21341 21337 21343
21342 21343 21337
21341 21343 21344
21342 21344 21343
21341 21345 21331
21344 21345 21341
21346 21342 21339
21347 21346 21339
21331 21348 21340
21331 21345 21348
21349 21344 21342
21346 21349 21342
21350 21348 21345
21351 21345 21344
21350 21345 21351
21349 21352 21344
21351 21344 21352
21353 21340 21348
21353 21348 21350
21350 21354 21353
21350 21355 21354
21350 21351 21355
21355 21351 21352
21356 21352 21349
21346 21356 21349
21357 21340 21353
21353 21354 21357
21357 21358 21340
21354 21358 21357
21358 21325 21340
21355 21352 21359
21356 21359 21352
21354 21360 21358
21360 21325 21358
21361 21325 21360
21361 21360 21354
21361 21362 21325
21324 21325 21362
21324 21362 21363
21315 21324 21363
21364 21363 21362
21364 21362 21361
21315 21363 21365
21364 21365 21363
21315 21365 21326
21326 21365 21366
21326 21366 21329
21367 21365 21364
21367 21366 21365
21366 21368 21329
21368 21327 21329
21364 21361 21369
21367 21364 21369
21370 21366 21367
21366 21370 21368
21368 21370 21371
21372 21327 21368
21322 21327 21372
21370 21367 21373
21373 21371 21370
21367 21369 21374
21374 21373 21367
21375 21374 21369
21376 21373 21374
21377 21369 21361
21375 21369 21377
21368 21371 21378
21372 21368 21378
21322 21372 21379
21322 21379 21323
21380 21372 21378
21371 21380 21378
21379 21372 21381
21380 21381 21372
21323 21379 21382
21379 21381 21382
21323 21382 21383
21382 21384 21383
21385 21382 21381
21385 21381 21380
21382 21386 21384
21385 21386 21382
21386 21387 21384
21385 21380 21388
21389 21386 21385
21388 21389 21385
21386 21390 21387
21389 21390 21386
21387 21390 21391
21387 21391 21392
21393 21388 21380
21371 21393 21380
21394 21390 21389
21394 21391 21390
21392 21391 21395
21392 21395 21396
21391 21397 21395
21391 21394 21397
21396 21395 21398
21397 21398 21395
21396 21398 21399
21399 21398 21400
21399 21400 21401
21397 21402 21398
21402 21400 21398
21401 21400 21403
21401 21403 21404
21402 21405 21400
21405 21403 21400
21404 21403 21406
21404 21406 21407
21405 21408 21403
21408 21406 21403
21407 21406 21409
21407 21409 21410
21408 21411 21406
21411 21409 21406
21410 21409 21412
21410 21412 21413
21414 21413 21412
21414 21415 21413
21414 21416 21415
21417 21412 21409
21411 21417 21409
21418 21414 21412
21417 21418 21412
21419 21408 21405
21420 21411 21408
21420 21408 21419
21421 21417 21411
21421 21411 21420
21422 21418 21417
21422 21417 21421
21418 21423 21414
21422 21423 21418
21419 21405 21424
21424 21405 21402
21424 21402 21425
21425 21402 21397
21425 21397 21426
21426 21397 21394
21426 21394 21427
21389 21427 21394
21389 21428 21427
21388 21428 21389
21429 21428 21388
21393 21429 21388
21430 21427 21428
21429 21430 21428
21431 21426 21427
21430 21431 21427
21432 21425 21426
21431 21432 21426
21433 21424 21425
21432 21433 21425
21433 21434 21424
21434 21419 21424
21434 21435 21419
21435 21420 21419
21435 21436 21420
21436 21421 21420
21436 21437 21421
21437 21422 21421
21438 21431 21430
21431 21439 21432
21431 21438 21439
21432 21440 21433
21432 21439 21440
21433 21441 21434
21433 21440 21441
21434 21442 21435
21434 21441 21442
21435 21443 21436
21435 21442 21443
21436 21444 21437
21436 21443 21444
21438 21430 21445
21445 21430 21429
21445 21429 21446
21446 21429 21393
21446 21393 21447
21447 21393 21371
21447 21371 21448
21448 21371 21373
21448 21449 21447
21449 21446 21447
21450 21448 21373
21448 21450 21449
21450 21373 21376
21451 21438 21445
21452 21445 21446
21451 21445 21452
21449 21453 21446
21452 21446 21453
21438 21451 21454
21438 21454 21439
21439 21454 21455
21439 21455 21440
21440 21455 21456
21440 21456 21441
21441 21456 21457
21441 21457 21442
21442 21457 21458
21442 21458 21443
21443 21458 21459
21443 21459 21444
21454 21451 21460
21455 21454 21461
21454 21460 21461
21456 21455 21462
21455 21461 21462
21457 21456 21463
21456 21462 21463
21458 21457 21464
21457 21463 21464
21459 21458 21465
21458 21464 21465
21451 21466 21460
21451 21452 21466
21452 21467 21466
21452 21453 21467
21453 21468 21467
21453 21449 21468
21449 21469 21468
21449 21450 21469
21450 21470 21469
21450 21376 21470
21376 21471 21470
21376 21375 21471
21375 21472 21471
21375 21377 21472
21470 21471 21473
21472 21473 21471
21474 21466 21467
21475 21467 21468
21474 21467 21475
21469 21476 21468
21475 21468 21476
21477 21466 21474
21477 21460 21466
21460 21477 21478
21460 21478 21461
21461 21478 21479
21461 21479 21462
21462 21479 21480
21462 21480 21463
21463 21480 21481
21463 21481 21464
21464 21481 21482
21464 21482 21465
21483 21477 21474
21477 21484 21478
21477 21483 21484
21478 21485 21479
21478 21484 21485
21479 21486 21480
21479 21485 21486
21480 21487 21481
21480 21486 21487
21481 21488 21482
21481 21487 21488
21483 21474 21489
21489 21474 21475
21465 21482 21490
21482 21488 21491
21482 21491 21490
21465 21490 21492
21459 21465 21492
21493 21459 21492
21444 21459 21493
21444 21493 21494
21437 21444 21494
21437 21494 21495
21437 21495 21422
21495 21496 21422
21422 21496 21423
21492 21490 21497
21490 21491 21498
21490 21498 21497
21493 21492 21499
21492 21497 21499
21494 21493 21500
21495 21494 21501
21494 21500 21501
21502 21493 21499
21493 21502 21500
21495 21503 21496
21496 21504 21423
21503 21504 21496
21495 21501 21505
21495 21505 21503
21499 21497 21506
21497 21498 21507
21497 21507 21506
21502 21499 21508
21499 21506 21508
21501 21500 21509
21500 21502 21510
21500 21510 21509
21505 21501 21511
21501 21509 21511
21512 21502 21508
21510 21502 21512
21505 21513 21503
21505 21511 21514
21505 21514 21513
21503 21513 21515
21503 21515 21504
21514 21516 21513
21515 21513 21516
21514 21517 21516
21511 21517 21514
21515 21516 21518
21511 21519 21517
21520 21519 21511
21515 21518 21521
21515 21521 21504
21509 21520 21511
21509 21522 21520
21523 21522 21509
21510 21523 21509
21510 21524 21523
21512 21524 21510
21512 21525 21524
21526 21525 21512
21526 21512 21527
21528 21526 21527
21512 21508 21527
21528 21527 21529
21508 21529 21527
21508 21506 21529
21530 21528 21529
21506 21531 21529
21530 21529 21531
21506 21507 21531
21532 21530 21531
21507 21532 21531
21532 21533 21530
21534 21533 21532
21534 21535 21533
21532 21536 21534
21507 21537 21532
21532 21537 21536
21498 21537 21507
21537 21538 21536
21498 21539 21537
21537 21539 21538
21491 21539 21498
21539 21540 21538
21491 21541 21539
21539 21541 21540
21488 21541 21491
21541 21542 21540
21488 21543 21541
21541 21543 21542
21487 21543 21488
21543 21544 21542
21487 21545 21543
21543 21545 21544
21486 21545 21487
21545 21546 21544
21486 21547 21545
21545 21547 21546
21485 21547 21486
21547 21548 21546
21485 21549 21547
21547 21549 21548
21484 21549 21485
21549 21550 21548
21484 21551 21549
21549 21551 21550
21483 21551 21484
21551 21552 21550
21483 21553 21551
21551 21553 21552
21554 21553 21483
21552 21553 21554
21552 21554 21555
21554 21483 21489
21555 21554 21556
21556 21554 21489
21555 21556 21557
21556 21489 21558
21489 21475 21558
21557 21556 21559
21559 21556 21558
21557 21559 21560
21561 21558 21475
21559 21558 21561
21561 21475 21476
21560 21559 21562
21562 21559 21561
21560 21562 21563
21562 21564 21563
21561 21476 21565
21469 21565 21476
21562 21561 21566
21561 21565 21566
21469 21567 21565
21566 21565 21567
21470 21567 21469
21568 21562 21566
21566 21567 21568
21562 21568 21564
21470 21569 21567
21568 21567 21569
21470 21473 21569
21570 21564 21568
21568 21569 21570
21571 21564 21570
21569 21571 21570
21569 21473 21571
21571 21473 21572
21571 21573 21564
21572 21573 21571
21572 21574 21573
21572 21473 21575
21575 21473 21472
21575 21472 21576
21377 21576 21472
21572 21577 21574
21578 21574 21577
21578 21577 21579
21577 21580 21579
21581 21572 21575
21576 21581 21575
21572 21582 21577
21581 21582 21572
21577 21583 21580
21583 21577 21582
21584 21580 21583
21584 21585 21580
21586 21585 21584
21583 21582 21587
21581 21587 21582
21587 21584 21583
21576 21355 21581
21355 21359 21581
21581 21359 21587
21354 21355 21576
21359 21588 21587
21587 21588 21584
21359 21356 21588
21354 21576 21589
21361 21354 21589
21377 21589 21576
21377 21361 21589
21586 21584 21590
21588 21590 21584
21356 21591 21588
21588 21591 21590
21592 21586 21590
21586 21592 21593
21592 21594 21593
21356 21595 21591
21346 21595 21356
21596 21595 21346
21347 21596 21346
21596 21597 21595
21591 21595 21597
21598 21596 21347
21598 21597 21596
21598 21347 21599
21600 21598 21599
21591 21601 21590
21592 21590 21601
21591 21597 21602
21591 21602 21601
21601 21602 21603
21598 21604 21597
21602 21597 21604
21600 21605 21598
21605 21604 21598
21606 21602 21604
21606 21603 21602
21605 21606 21604
21592 21601 21607
21601 21603 21607
21608 21605 21600
21608 21600 21609
21610 21608 21609
21611 21606 21605
21611 21605 21608
21603 21606 21611
21610 21612 21608
21612 21611 21608
21592 21607 21613
21592 21613 21594
21613 21614 21594
21614 21615 21594
21616 21615 21614
21614 21617 21616
21607 21618 21613
21613 21618 21614
21614 21619 21617
21617 21619 21620
21607 21621 21618
21603 21621 21607
21614 21618 21622
21614 21622 21619
21621 21622 21618
21623 21603 21611
21612 21623 21611
21619 21624 21620
21620 21624 21625
21624 21626 21625
21627 21619 21622
21627 21624 21619
21624 21628 21626
21628 21624 21627
21629 21626 21628
21629 21628 21630
21631 21630 21628
21631 21628 21632
21628 21627 21632
21633 21627 21622
21633 21634 21627
21633 21635 21634
21636 21635 21633
21636 21633 21637
21621 21633 21622
21637 21633 21621
21638 21636 21637
21637 21621 21639
21603 21639 21621
21623 21639 21603
21640 21639 21623
21640 21637 21639
21640 21623 21612
21640 21612 21641
21641 21612 21610
21641 21610 21642
21643 21641 21642
21643 21644 21641
21644 21640 21641
21645 21644 21643
21645 21646 21644
21647 21644 21646
21644 21648 21640
21647 21648 21644
21640 21648 21637
21649 21648 21647
21637 21648 21649
21638 21637 21649
21650 21638 21649
21651 21638 21650
21652 21638 21651
21416 21653 21654
21416 21655 21653
21414 21655 21416
21414 21656 21655
21653 21655 21656
21423 21656 21414
21653 21656 21657
21657 21658 21653
21657 21659 21658
21660 21659 21657
21423 21661 21656
21657 21656 21661
21657 21661 21660
21423 21504 21661
21661 21662 21660
21504 21662 21661
21662 21663 21660
21504 21521 21662
21662 21664 21663
21521 21664 21662
21665 21666 21667
21665 21667 21668
21669 21665 21668
21669 21668 21670
21671 21669 21670
21671 21670 21672
21673 21671 21672
21673 21672 21674
21675 21673 21674
21675 21674 21676
21677 21675 21676
21677 21676 21678
21679 21677 21678
21679 21678 21680
21681 21679 21680
21681 21680 21682
21683 21681 21682
21683 21682 21684
21685 21683 21684
21685 21684 21686
21687 21685 21686
21687 21686 21688
21689 21687 21688
21689 21688 21690
21691 21689 21690
21691 21690 21692
21693 21691 21692
21693 21692 21694
21693 21694 21695
21695 21694 21696
21697 21698 21699
21697 21699 21700
21701 21697 21700
21702 21697 21701
21702 21701 21703
21704 21702 21703
21704 21703 21705
21706 21704 21705
21707 21704 21706
21707 21706 21708
21709 21707 21708
21709 21708 21710
21711 21709 21710
21711 21710 21712
21713 21711 21712
21713 21712 21714
21715 21713 21714
21715 21714 21716
21717 21715 21716
21717 21718 21715
21719 21718 21717
21719 21720 21718
21721 21720 21719
21721 21719 21722
21723 21721 21722
21723 21722 21724
21725 21723 21724
21725 21724 21726
21727 21725 21726
21727 21728 21725
21729 21728 21727
21729 21727 21730
21731 21732 21733
21731 21733 21734
21734 21735 21731
21735 21734 21736
21737 21738 21739
21739 21740 21737
21739 21741 21740
21739 21742 21741
21739 21743 21742
21744 21745 21746
21744 21746 21747
21748 21744 21747
21746 21749 21747
21746 21750 21749
21749 21750 21751
21752 21748 21747
21752 21747 21749
21753 21748 21752
21754 21753 21752
21749 21751 21755
21755 21751 21756
21752 21749 21757
21757 21749 21755
21758 21754 21752
21758 21752 21757
21758 21757 21759
21757 21755 21760
21760 21755 21756
21760 21759 21757
21758 21761 21754
21762 21754 21761
21760 21756 21763
21764 21763 21756
21758 21759 21765
21761 21758 21765
21764 21766 21763
21763 21766 21767
21768 21766 21764
21768 21769 21766
21767 21766 21769
21770 21769 21768
21771 21760 21763
21763 21767 21771
21760 21772 21759
21771 21772 21760
21773 21772 21771
21774 21771 21767
21773 21771 21774
21775 21759 21772
21775 21772 21773
21759 21776 21765
21777 21759 21775
21777 21776 21759
21776 21778 21765
21761 21765 21778
21776 21779 21778
21780 21779 21776
21781 21780 21776
21781 21776 21777
21761 21778 21782
21761 21782 21783
21762 21761 21783
21782 21784 21783
21762 21783 21785
21784 21785 21783
21762 21785 21786
21784 21786 21785
21787 21781 21777
21787 21788 21781
21787 21789 21788
21787 21790 21789
21791 21787 21777
21791 21790 21787
21791 21777 21775
21791 21792 21790
21775 21793 21791
21793 21792 21791
21793 21794 21792
21775 21773 21793
21795 21794 21793
21773 21796 21793
21795 21793 21796
21773 21774 21796
21797 21795 21796
21797 21796 21774
21797 21798 21795
21799 21798 21797
21797 21774 21800
21774 21767 21800
21799 21797 21801
21800 21801 21797
21802 21799 21801
21802 21801 21803
21800 21804 21801
21767 21804 21800
21804 21803 21801
21767 21805 21804
21767 21769 21805
21805 21806 21804
21804 21806 21803
21769 21807 21805
21805 21807 21806
21803 21806 21808
21807 21808 21806
21769 21809 21807
21770 21809 21769
21810 21807 21809
21807 21810 21808
21770 21811 21809
21810 21809 21811
21770 21812 21811
21811 21812 21813
21811 21814 21810
21808 21810 21814
21811 21813 21815
21811 21815 21814
21815 21813 21816
21808 21814 21817
21815 21818 21814
21818 21817 21814
21815 21816 21819
21815 21819 21818
21816 21820 21819
21816 21821 21820
21820 21821 21822
21819 21823 21818
21819 21820 21823
21820 21822 21824
21824 21822 21825
21817 21826 21808
21803 21808 21826
21827 21803 21826
21818 21828 21817
21823 21828 21818
21820 21829 21823
21820 21824 21829
21827 21830 21803
21802 21803 21830
21823 21831 21828
21831 21823 21829
21832 21802 21830
21833 21832 21830
21832 21834 21802
21835 21834 21832
21833 21835 21832
21835 21836 21834
21837 21836 21835
21833 21837 21835
21837 21838 21836
21839 21838 21837
21839 21840 21838
21841 21840 21839
21830 21842 21833
21830 21827 21842
21833 21843 21837
21843 21839 21837
21841 21839 21844
21843 21845 21839
21844 21839 21845
21843 21846 21845
21844 21845 21846
21843 21833 21847
21846 21843 21847
21848 21841 21844
21849 21841 21848
21833 21842 21850
21833 21850 21847
21851 21844 21846
21848 21844 21851
21852 21847 21850
21853 21846 21847
21852 21853 21847
21851 21846 21854
21853 21854 21846
21855 21850 21842
21855 21852 21850
21852 21855 21856
21852 21856 21857
21852 21857 21853
21857 21854 21853
21858 21851 21854
21848 21851 21858
21859 21855 21842
21855 21859 21856
21859 21842 21860
21856 21859 21860
21860 21842 21827
21857 21861 21854
21858 21854 21861
21856 21860 21862
21862 21860 21827
21863 21862 21827
21863 21856 21862
21863 21827 21864
21826 21864 21827
21826 21865 21864
21817 21865 21826
21866 21864 21865
21866 21863 21864
21817 21867 21865
21866 21865 21867
21817 21828 21867
21828 21868 21867
21828 21831 21868
21869 21866 21867
21869 21867 21868
21868 21831 21870
21870 21831 21829
21866 21871 21863
21869 21871 21866
21872 21869 21868
21868 21870 21872
21870 21873 21872
21874 21870 21829
21824 21874 21829
21872 21875 21869
21875 21872 21873
21869 21876 21871
21876 21869 21875
21877 21871 21876
21878 21876 21875
21879 21863 21871
21877 21879 21871
21870 21880 21873
21874 21880 21870
21824 21881 21874
21824 21825 21881
21882 21880 21874
21873 21880 21882
21825 21883 21881
21825 21884 21883
21883 21884 21885
21881 21886 21874
21882 21874 21886
21881 21883 21886
21883 21885 21887
21887 21885 21888
21889 21886 21883
21889 21882 21886
21889 21883 21887
21887 21888 21890
21891 21889 21887
21891 21887 21890
21889 21892 21882
21892 21889 21891
21888 21893 21890
21888 21894 21893
21895 21882 21892
21873 21882 21895
21896 21891 21890
21896 21890 21893
21894 21897 21893
21894 21898 21897
21893 21897 21899
21893 21899 21896
21898 21900 21897
21899 21897 21900
21898 21901 21900
21901 21902 21900
21901 21903 21902
21899 21900 21904
21904 21900 21902
21903 21905 21902
21903 21906 21905
21904 21902 21907
21907 21902 21905
21906 21908 21905
21906 21909 21908
21907 21905 21910
21910 21905 21908
21909 21911 21908
21909 21912 21911
21910 21908 21913
21913 21908 21911
21912 21914 21911
21912 21915 21914
21916 21914 21915
21916 21915 21917
21916 21917 21918
21919 21911 21914
21913 21911 21919
21920 21914 21916
21919 21914 21920
21921 21907 21910
21922 21910 21913
21922 21921 21910
21923 21913 21919
21923 21922 21913
21924 21919 21920
21924 21923 21919
21920 21916 21925
21924 21920 21925
21921 21926 21907
21926 21904 21907
21926 21927 21904
21927 21899 21904
21927 21928 21899
21928 21896 21899
21928 21929 21896
21891 21896 21929
21891 21929 21930
21892 21891 21930
21931 21892 21930
21895 21892 21931
21932 21930 21929
21931 21930 21932
21933 21929 21928
21932 21929 21933
21934 21928 21927
21933 21928 21934
21935 21927 21926
21934 21927 21935
21935 21926 21936
21936 21926 21921
21936 21921 21937
21937 21921 21922
21937 21922 21938
21938 21922 21923
21938 21923 21939
21939 21923 21924
21940 21932 21933
21933 21934 21941
21933 21941 21940
21934 21935 21942
21934 21942 21941
21935 21936 21943
21935 21943 21942
21936 21937 21944
21936 21944 21943
21937 21938 21945
21937 21945 21944
21938 21939 21946
21938 21946 21945
21940 21947 21932
21947 21931 21932
21947 21948 21931
21948 21895 21931
21948 21949 21895
21949 21873 21895
21949 21950 21873
21950 21875 21873
21950 21949 21951
21951 21949 21948
21952 21875 21950
21950 21951 21952
21952 21878 21875
21953 21947 21940
21954 21948 21947
21953 21954 21947
21951 21948 21955
21954 21955 21948
21940 21956 21953
21940 21941 21956
21941 21957 21956
21941 21942 21957
21942 21958 21957
21942 21943 21958
21943 21959 21958
21943 21944 21959
21944 21960 21959
21944 21945 21960
21945 21961 21960
21945 21946 21961
21956 21962 21953
21957 21963 21956
21956 21963 21962
21958 21964 21957
21957 21964 21963
21959 21965 21958
21958 21965 21964
21960 21966 21959
21959 21966 21965
21961 21967 21960
21960 21967 21966
21953 21962 21968
21953 21968 21954
21954 21968 21969
21954 21969 21955
21955 21969 21970
21955 21970 21951
21951 21970 21971
21951 21971 21952
21952 21971 21972
21952 21972 21878
21878 21972 21973
21878 21973 21877
21877 21973 21974
21877 21974 21879
21972 21975 21973
21974 21973 21975
21976 21969 21968
21977 21970 21969
21976 21977 21969
21971 21970 21978
21977 21978 21970
21979 21976 21968
21979 21968 21962
21962 21980 21979
21962 21963 21980
21963 21981 21980
21963 21964 21981
21964 21982 21981
21964 21965 21982
21965 21983 21982
21965 21966 21983
21966 21984 21983
21966 21967 21984
21985 21976 21979
21979 21980 21986
21979 21986 21985
21980 21981 21987
21980 21987 21986
21981 21982 21988
21981 21988 21987
21982 21983 21989
21982 21989 21988
21983 21984 21990
21983 21990 21989
21985 21991 21976
21991 21977 21976
21967 21992 21984
21984 21993 21990
21984 21992 21993
21967 21994 21992
21961 21994 21967
21995 21994 21961
21946 21995 21961
21946 21996 21995
21939 21996 21946
21939 21997 21996
21939 21924 21997
21997 21924 21998
21924 21925 21998
21994 21999 21992
21992 22000 21993
21992 21999 22000
21995 22001 21994
21994 22001 21999
21996 22002 21995
21997 22003 21996
21996 22003 22002
22004 22001 21995
21995 22002 22004
21997 21998 22005
21998 21925 22006
22005 21998 22006
21997 22007 22003
21997 22005 22007
22001 22008 21999
21999 22009 22000
21999 22008 22009
22004 22010 22001
22001 22010 22008
22003 22011 22002
22002 22012 22004
22002 22011 22012
22007 22013 22003
22003 22013 22011
22014 22010 22004
22012 22014 22004
22007 22005 22015
22007 22016 22013
22007 22015 22016
22005 22017 22015
22005 22006 22017
22016 22015 22018
22017 22018 22015
22016 22018 22019
22013 22016 22019
22017 22020 22018
22013 22019 22021
22022 22013 22021
22017 22023 22020
22017 22006 22023
22011 22013 22022
22011 22022 22024
22025 22011 22024
22012 22011 22025
22012 22025 22026
22014 22012 22026
22014 22026 22027
22028 22014 22027
22028 22029 22014
22030 22029 22028
22014 22029 22010
22030 22031 22029
22010 22029 22031
22010 22031 22008
22032 22031 22030
22008 22031 22033
22032 22033 22031
22008 22033 22009
22034 22033 22032
22009 22033 22034
22034 22032 22035
22036 22034 22035
22036 22035 22037
22034 22036 22038
22009 22034 22039
22034 22038 22039
22000 22009 22039
22039 22038 22040
22000 22039 22041
22039 22040 22041
21993 22000 22041
22041 22040 22042
21993 22041 22043
22041 22042 22043
21990 21993 22043
22043 22042 22044
21990 22043 22045
22043 22044 22045
21989 21990 22045
22045 22044 22046
21989 22045 22047
22045 22046 22047
21988 21989 22047
22047 22046 22048
21988 22047 22049
22047 22048 22049
21987 21988 22049
22049 22048 22050
21987 22049 22051
22049 22050 22051
21986 21987 22051
22051 22050 22052
21986 22051 22053
22051 22052 22053
21985 21986 22053
22053 22052 22054
21985 22053 22055
22053 22054 22055
22056 21985 22055
22054 22056 22055
22054 22057 22056
22056 21991 21985
22057 22058 22056
22058 21991 22056
22057 22059 22058
22058 22060 21991
21991 22060 21977
22059 22061 22058
22061 22060 22058
22059 22062 22061
22063 21977 22060
22061 22063 22060
22063 21978 21977
22062 22064 22061
22064 22063 22061
22062 22065 22064
22064 22065 22066
22063 22067 21978
21971 21978 22067
22064 22068 22063
22063 22068 22067
21971 22067 22069
22068 22069 22067
21972 21971 22069
22070 22068 22064
22068 22070 22069
22064 22066 22070
21972 22069 22071
22070 22071 22069
21972 22071 21975
22072 22070 22066
22070 22072 22071
22073 22072 22066
22071 22072 22073
22071 22073 21975
22073 22074 21975
22073 22066 22075
22074 22073 22075
22074 22075 22076
22074 22077 21975
22077 21974 21975
22077 22078 21974
21879 21974 22078
22074 22076 22079
22080 22079 22076
22080 22081 22079
22079 22081 22082
22083 22077 22074
22078 22077 22083
22074 22079 22084
22083 22074 22084
22079 22082 22085
22085 22084 22079
22086 22085 22082
22086 22082 22087
22088 22086 22087
22085 22089 22084
22083 22084 22089
22089 22085 22086
22078 22083 21857
21857 22083 21861
22083 22089 21861
21856 22078 21857
21861 22089 22090
22089 22086 22090
21861 22090 21858
21856 22091 22078
21863 22091 21856
21879 22078 22091
21879 22091 21863
22088 22092 22086
22090 22086 22092
21858 22090 22093
22090 22092 22093
22094 22092 22088
22088 22095 22094
22094 22095 22096
21858 22093 22097
21848 21858 22097
22098 21848 22097
21849 21848 22098
22098 22097 22099
22093 22099 22097
22100 21849 22098
22100 22098 22099
22100 22101 21849
22102 22101 22100
22093 22092 22103
22094 22103 22092
22093 22104 22099
22093 22103 22104
22103 22105 22104
22100 22099 22106
22104 22106 22099
22102 22100 22107
22107 22100 22106
22108 22106 22104
22108 22104 22105
22107 22106 22108
22094 22109 22103
22103 22109 22105
22110 22102 22107
22110 22111 22102
22112 22111 22110
22113 22107 22108
22113 22110 22107
22105 22113 22108
22112 22110 22114
22114 22110 22113
22094 22115 22109
22094 22096 22115
22115 22096 22116
22116 22096 22117
22118 22116 22117
22116 22118 22119
22109 22115 22120
22115 22116 22120
22116 22119 22121
22119 22122 22121
22109 22120 22123
22105 22109 22123
22116 22124 22120
22116 22121 22124
22123 22120 22124
22125 22113 22105
22114 22113 22125
22121 22122 22126
22122 22127 22126
22126 22127 22128
22129 22124 22121
22129 22121 22126
22126 22128 22130
22130 22129 22126
22131 22130 22128
22131 22132 22130
22133 22130 22132
22133 22134 22130
22130 22134 22129
22135 22124 22129
22135 22129 22136
22135 22136 22137
22138 22135 22137
22138 22139 22135
22123 22124 22135
22139 22123 22135
22140 22139 22138
22139 22141 22123
22105 22123 22141
22125 22105 22141
22142 22125 22141
22142 22141 22139
22142 22114 22125
22142 22143 22114
22143 22112 22114
22143 22144 22112
22145 22144 22143
22145 22143 22146
22146 22143 22142
22147 22145 22146
22147 22146 22148
22149 22148 22146
22146 22142 22150
22149 22146 22150
22142 22139 22150
22151 22149 22150
22139 22151 22150
22140 22151 22139
22152 22151 22140
22153 22152 22140
22154 22153 22140
22155 22156 22157
22155 22158 22156
22159 22158 22155
22159 22160 22158
22161 22160 22159
22161 22162 22160
22163 22162 22161
22163 22164 22162
22165 22164 22163
22165 22166 22164
22167 22166 22165
22167 22168 22166
22169 22168 22167
22169 22170 22168
22171 22170 22169
22171 22172 22170
22173 22172 22171
22173 22174 22172
22175 22174 22173
22175 22176 22174
22177 22176 22175
22177 22178 22176
22179 22178 22177
22179 22180 22178
22181 22180 22179
22181 22182 22180
22183 22182 22181
22183 22184 22182
22183 22185 22184
22185 22186 22184
22187 22188 22189
22187 22190 22188
22191 22190 22187
22192 22191 22187
22192 22193 22191
22194 22193 22192
22194 22195 22193
22196 22195 22194
22197 22196 22194
22197 22198 22196
22199 22198 22197
22199 22200 22198
22201 22200 22199
22201 22202 22200
22203 22202 22201
22203 22204 22202
22205 22204 22203
22205 22206 22204
22207 22206 22205
22207 22205 22208
22209 22207 22208
22209 22208 22210
22211 22209 22210
22211 22212 22209
22213 22212 22211
22213 22214 22212
22215 22214 22213
22215 22216 22214
22217 22216 22215
22217 22215 22218
22219 22217 22218
22219 22220 22217
22221 22222 22223
22224 22221 22223
22223 22225 22224
22225 22226 22224
22227 22228 22229
22229 22230 22227
22230 22231 22227
22227 22231 22232
22227 22232 22233
21918 22234 22235
21918 22235 22236
21916 21918 22236
21916 22236 22237
22235 22237 22236
21925 21916 22237
22235 22238 22237
22238 22235 22239
22238 22239 22240
22241 22238 22240
21925 22237 22242
22238 22242 22237
22238 22241 22242
21925 22242 22006
22242 22241 22243
22006 22242 22243
22243 22241 22244
22006 22243 22023
22243 22244 22245
22023 22243 22245
22246 22247 22248
22246 22249 22247
22249 22250 22247
22249 22251 22250
22252 22253 22254
22252 22254 22255
22256 22252 22255
22256 22255 22257
22256 22258 22252
22259 22258 22256
22259 22256 22260
22261 22259 22260
22261 22262 22259
22263 22264 22265
22263 22265 22266
22265 22267 22266
22265 22268 22267
22269 22270 22271
22269 22271 22272
22271 22273 22272
22271 22274 22273
22275 22276 22277
22275 22278 22276
22278 22279 22276
22278 22280 22279
22279 22280 22281
22282 22283 22284
22282 22284 22285
22286 22282 22285
22286 22287 22282
22288 22287 22286
22288 22289 22287
22290 22289 22288
22290 22288 22291
22292 22290 22291
22292 22291 22293
22294 22292 22293
22294 22293 22295
22296 22297 22298
22296 22299 22297
22300 22297 22299
22299 22301 22300
22299 22302 22301
22300 22301 22303
22303 22301 22302
22299 22296 22304
22299 22304 22302
22304 22296 22305
22304 22305 22306
22304 22306 22307
22302 22304 22307
22307 22306 22308
22307 22308 22309
22307 22309 22310
22310 22309 22311
22312 22310 22311
22313 22307 22310
22302 22307 22313
22313 22310 22312
22314 22300 22303
22315 22300 22314
22314 22303 22316
22316 22303 22317
22316 22317 22318
22302 22319 22303
22319 22317 22303
22302 22320 22319
22317 22319 22320
22302 22313 22320
22318 22317 22321
22317 22320 22321
22318 22321 22322
22321 22323 22322
22320 22313 22324
22324 22321 22320
22321 22325 22323
22324 22325 22321
22313 22326 22324
22325 22324 22326
22326 22313 22312
22323 22325 22327
22325 22326 22327
22323 22327 22328
22327 22329 22328
22330 22327 22326
22326 22312 22330
22330 22331 22327
22327 22331 22329
22331 22330 22312
22329 22331 22332
22331 22312 22332
22329 22332 22333
22334 22333 22332
22312 22335 22332
22312 22311 22335
22334 22332 22336
22332 22335 22336
22337 22334 22336
22338 22336 22335
22311 22338 22335
22338 22337 22336
22339 22337 22338
22338 22311 22340
22338 22340 22339
22337 22339 22341
22337 22341 22342
22341 22343 22342
22344 22343 22341
22339 22344 22341
22345 22343 22344
22339 22346 22344
22345 22344 22346
22346 22339 22340
22345 22346 22347
22346 22340 22348
22348 22347 22346
22311 22349 22340
22349 22348 22340
22311 22350 22349
22350 22311 22351
22352 22351 22311
22348 22353 22347
22354 22347 22353
22349 22355 22348
22355 22353 22348
22354 22353 22355
22355 22349 22350
22352 22356 22351
22356 22350 22351
22354 22355 22357
22358 22354 22357
22359 22358 22357
22360 22359 22357
22360 22357 22355
22355 22350 22360
22361 22356 22352
22361 22352 22362
22363 22361 22362
22364 22356 22361
22363 22365 22361
22365 22364 22361
22356 22366 22350
22364 22366 22356
22367 22365 22363
22367 22363 22368
22369 22367 22368
22350 22370 22360
22366 22371 22350
22350 22371 22370
22372 22366 22364
22366 22372 22371
22365 22373 22364
22373 22372 22364
22374 22365 22367
22374 22373 22365
22369 22375 22367
22375 22374 22367
22372 22373 22376
22376 22373 22374
22360 22370 22377
22360 22377 22378
22379 22378 22377
22380 22379 22377
22380 22377 22370
22380 22370 22381
22381 22370 22371
22371 22372 22382
22372 22376 22382
22383 22382 22376
22376 22374 22384
22375 22384 22374
22381 22371 22385
22371 22382 22385
22385 22386 22381
22381 22386 22387
22382 22388 22385
22385 22388 22386
22389 22387 22386
22389 22390 22387
22391 22390 22389
22386 22392 22389
22386 22388 22392
22382 22393 22388
22383 22393 22382
22388 22393 22394
22388 22394 22392
22394 22393 22383
22391 22389 22395
22395 22389 22392
22394 22396 22392
22395 22392 22396
22397 22391 22395
22397 22398 22391
22399 22395 22396
22399 22397 22395
22398 22397 22400
22399 22400 22397
22401 22398 22400
22394 22402 22396
22402 22399 22396
22401 22400 22403
22401 22403 22404
22405 22404 22403
22399 22406 22400
22403 22400 22406
22402 22394 22407
22394 22383 22407
22406 22399 22408
22402 22408 22399
22405 22403 22409
22403 22406 22410
22410 22409 22403
22405 22409 22411
22405 22411 22412
22411 22413 22412
22409 22414 22411
22414 22413 22411
22410 22415 22409
22409 22415 22414
22406 22416 22410
22416 22415 22410
22406 22408 22417
22406 22417 22416
22418 22408 22402
22418 22417 22408
22414 22419 22413
22419 22420 22413
22415 22421 22414
22421 22419 22414
22416 22422 22415
22415 22422 22421
22423 22416 22417
22423 22422 22416
22418 22423 22417
22418 22402 22424
22402 22407 22424
22425 22418 22424
22425 22423 22418
22423 22426 22422
22421 22422 22426
22407 22427 22424
22425 22424 22427
22425 22428 22423
22426 22423 22428
22407 22429 22427
22383 22429 22407
22430 22425 22427
22430 22428 22425
22421 22426 22431
22426 22428 22432
22431 22426 22432
22430 22433 22428
22432 22428 22433
22434 22433 22430
22430 22427 22435
22434 22430 22435
22427 22436 22435
22427 22429 22436
22437 22421 22431
22421 22437 22419
22435 22438 22434
22435 22436 22438
22439 22419 22437
22419 22439 22420
22439 22440 22420
22420 22440 22441
22440 22442 22441
22443 22436 22429
22444 22438 22436
22444 22436 22443
22434 22438 22445
22445 22438 22444
22443 22429 22446
22383 22446 22429
22447 22446 22383
22447 22383 22376
22384 22447 22376
22448 22446 22447
22448 22443 22446
22384 22448 22447
22443 22448 22449
22443 22449 22444
22384 22450 22448
22450 22449 22448
22450 22384 22451
22451 22384 22375
22451 22375 22452
22452 22375 22369
22452 22369 22453
22454 22452 22453
22454 22451 22452
22454 22453 22455
22300 22454 22455
22454 22456 22451
22456 22450 22451
22450 22456 22457
22456 22454 22458
22300 22458 22454
22456 22458 22457
22300 22457 22458
22450 22459 22449
22450 22457 22459
22460 22449 22459
22457 22460 22459
22461 22457 22300
22315 22461 22300
22461 22315 22462
22457 22461 22463
22457 22463 22460
22461 22462 22464
22463 22461 22464
22465 22464 22462
22465 22462 22466
22467 22465 22466
22463 22464 22468
22460 22463 22468
22465 22468 22464
22460 22469 22449
22444 22449 22469
22467 22470 22465
22470 22467 22471
22470 22471 22472
22473 22470 22472
22465 22474 22468
22470 22474 22465
22460 22468 22475
22469 22460 22475
22474 22475 22468
22473 22476 22470
22470 22476 22474
22474 22477 22475
22476 22477 22474
22478 22476 22473
22476 22478 22477
22478 22473 22479
22477 22480 22475
22469 22475 22480
22478 22481 22477
22477 22481 22480
22482 22478 22479
22478 22482 22481
22482 22479 22483
22484 22482 22483
22481 22482 22484
22484 22483 22485
22486 22469 22480
22481 22486 22480
22481 22484 22487
22481 22487 22486
22488 22484 22485
22488 22485 22489
22484 22490 22487
22484 22488 22490
22491 22488 22489
22491 22489 22492
22493 22491 22492
22486 22494 22469
22444 22469 22494
22445 22444 22494
22486 22445 22494
22495 22486 22487
22486 22495 22445
22495 22487 22490
22496 22490 22488
22496 22488 22491
22497 22445 22495
22434 22445 22497
22498 22495 22490
22498 22490 22496
22497 22495 22498
22491 22499 22496
22499 22498 22496
22500 22497 22498
22499 22500 22498
22501 22434 22497
22500 22501 22497
22491 22502 22499
22493 22502 22491
22500 22499 22503
22503 22499 22502
22504 22502 22493
22503 22502 22504
22504 22493 22505
22504 22505 22506
22507 22500 22503
22501 22500 22507
22508 22503 22504
22507 22503 22508
22509 22504 22506
22508 22504 22509
22509 22506 22510
22501 22511 22434
22434 22511 22433
22512 22433 22511
22432 22433 22512
22513 22511 22501
22512 22511 22513
22514 22501 22507
22513 22501 22514
22432 22512 22515
22515 22512 22513
22508 22509 22516
22516 22509 22510
22517 22507 22508
22514 22507 22517
22518 22513 22514
22515 22513 22518
22519 22508 22516
22517 22508 22519
22520 22516 22510
22519 22516 22520
22518 22514 22521
22521 22514 22517
22522 22517 22519
22521 22517 22522
22523 22518 22521
22515 22518 22523
22520 22510 22524
22524 22510 22525
22525 22526 22524
22526 22520 22524
22525 22527 22526
22526 22527 22528
22529 22519 22520
22522 22519 22529
22526 22530 22520
22530 22526 22528
22530 22529 22520
22531 22521 22522
22523 22521 22531
22532 22530 22528
22533 22532 22528
22534 22522 22529
22531 22522 22534
22535 22523 22531
22536 22531 22534
22535 22531 22536
22537 22534 22529
22537 22536 22534
22530 22538 22529
22538 22537 22529
22539 22538 22530
22539 22530 22532
22539 22537 22538
22533 22540 22532
22540 22539 22532
22537 22541 22536
22541 22535 22536
22539 22542 22537
22542 22541 22537
22543 22523 22535
22515 22523 22543
22544 22540 22533
22544 22533 22545
22540 22546 22539
22546 22542 22539
22543 22547 22515
22432 22515 22547
22431 22432 22547
22548 22431 22547
22437 22431 22548
22543 22549 22547
22548 22547 22549
22550 22437 22548
22439 22437 22550
22551 22546 22540
22551 22540 22544
22552 22549 22543
22543 22535 22552
22553 22548 22549
22550 22548 22553
22553 22549 22554
22552 22554 22549
22555 22552 22535
22541 22555 22535
22556 22550 22553
22556 22553 22554
22557 22554 22552
22555 22557 22552
22558 22555 22541
22542 22558 22541
22556 22559 22550
22559 22439 22550
22556 22554 22560
22557 22560 22554
22561 22557 22555
22558 22561 22555
22562 22558 22542
22546 22562 22542
22559 22563 22439
22439 22563 22440
22563 22564 22440
22440 22564 22442
22565 22561 22558
22562 22565 22558
22566 22562 22546
22566 22546 22551
22559 22567 22563
22563 22567 22564
22568 22442 22564
22442 22568 22569
22568 22570 22569
22568 22564 22571
22571 22564 22567
22572 22565 22562
22572 22562 22566
22568 22573 22570
22571 22573 22568
22574 22566 22551
22575 22572 22566
22575 22566 22574
22574 22551 22576
22544 22576 22551
22565 22572 22577
22578 22572 22575
22578 22577 22572
22565 22577 22579
22565 22579 22561
22579 22580 22561
22561 22580 22557
22581 22557 22580
22581 22560 22557
22582 22560 22581
22582 22556 22560
22556 22582 22583
22559 22556 22583
22584 22559 22583
22559 22584 22567
22585 22584 22583
22567 22584 22585
22586 22583 22582
22585 22583 22586
22587 22582 22581
22586 22582 22587
22588 22581 22580
22587 22581 22588
22579 22589 22580
22588 22580 22589
22590 22589 22579
22590 22588 22589
22590 22579 22577
22567 22585 22591
22571 22567 22591
22591 22592 22571
22571 22592 22573
22585 22593 22591
22591 22593 22592
22594 22587 22588
22590 22594 22588
22595 22590 22577
22595 22577 22578
22585 22596 22593
22596 22585 22586
22587 22597 22586
22596 22586 22597
22598 22594 22590
22598 22590 22595
22594 22599 22587
22587 22599 22597
22600 22599 22594
22600 22594 22598
22597 22599 22601
22599 22600 22601
22602 22601 22600
22598 22603 22600
22602 22600 22603
22595 22604 22598
22598 22604 22603
22597 22601 22605
22605 22601 22602
22596 22597 22606
22597 22605 22606
22595 22607 22604
22578 22607 22595
22608 22596 22606
22609 22608 22606
22593 22596 22608
22593 22608 22610
22610 22608 22609
22610 22592 22593
22611 22606 22605
22609 22606 22611
22610 22612 22592
22612 22573 22592
22578 22613 22607
22575 22613 22578
22611 22605 22614
22605 22602 22614
22615 22611 22614
22602 22615 22614
22616 22609 22611
22615 22616 22611
22610 22609 22617
22617 22612 22610
22612 22618 22573
22570 22573 22618
22570 22618 22619
22619 22620 22570
22621 22620 22619
22612 22622 22618
22619 22618 22622
22621 22619 22623
22619 22622 22623
22624 22621 22623
22622 22624 22623
22624 22625 22621
22624 22626 22625
22612 22627 22622
22617 22627 22612
22622 22628 22624
22628 22622 22627
22624 22629 22626
22628 22629 22624
22630 22626 22629
22631 22630 22629
22629 22632 22631
22633 22627 22617
22628 22627 22633
22628 22634 22629
22629 22634 22632
22633 22634 22628
22632 22634 22635
22633 22635 22634
22632 22635 22636
22635 22637 22636
22635 22638 22637
22638 22635 22633
22638 22639 22637
22633 22617 22640
22638 22633 22640
22609 22640 22617
22638 22641 22639
22641 22638 22640
22641 22642 22639
22609 22643 22640
22640 22643 22641
22616 22643 22609
22641 22644 22642
22644 22641 22643
22645 22642 22644
22646 22644 22643
22645 22644 22646
22646 22643 22616
22646 22647 22645
22648 22646 22616
22646 22648 22647
22648 22649 22647
22648 22616 22615
22648 22650 22649
22650 22648 22615
22650 22651 22649
22650 22615 22652
22602 22652 22615
22650 22653 22651
22653 22650 22652
22651 22653 22654
22602 22655 22652
22653 22652 22655
22602 22603 22655
22656 22655 22603
22656 22653 22655
22656 22603 22604
22653 22657 22654
22656 22657 22653
22657 22658 22654
22659 22656 22604
22659 22657 22656
22659 22604 22607
22658 22657 22660
22659 22660 22657
22658 22660 22661
22662 22659 22607
22662 22660 22659
22662 22607 22613
22661 22660 22663
22662 22663 22660
22661 22663 22664
22665 22662 22613
22665 22663 22662
22664 22663 22666
22665 22666 22663
22664 22666 22667
22667 22666 22668
22665 22613 22669
22575 22669 22613
22574 22669 22575
22670 22668 22666
22670 22671 22668
22671 22670 22672
22673 22666 22665
22673 22665 22669
22673 22670 22666
22574 22674 22669
22673 22669 22674
22576 22674 22574
22675 22672 22670
22675 22676 22672
22676 22675 22677
22678 22670 22673
22678 22673 22674
22678 22675 22670
22576 22679 22674
22678 22674 22679
22680 22677 22675
22680 22681 22677
22682 22675 22678
22682 22678 22679
22682 22680 22675
22683 22679 22576
22544 22683 22576
22681 22680 22684
22681 22684 22685
22684 22686 22685
22684 22687 22686
22688 22687 22684
22689 22684 22680
22688 22684 22689
22689 22680 22682
22688 22689 22690
22690 22689 22682
22688 22690 22691
22682 22679 22692
22683 22692 22679
22690 22682 22692
22683 22544 22693
22693 22692 22683
22693 22690 22692
22693 22691 22690
22544 22545 22693
22693 22694 22691
22545 22694 22693
22695 22696 22697
22695 22697 22698
22698 22697 22699
22698 22699 22700
22701 22702 22703
22701 22704 22702
22705 22704 22701
22705 22706 22704
22705 22701 22707
22708 22705 22707
22708 22709 22705
22710 22709 22708
22710 22708 22711
22712 22713 22714
22712 22715 22713
22713 22715 22716
22713 22716 22717
22718 22719 22720
22718 22721 22719
22719 22721 22722
22719 22722 22723
22724 22725 22726
22724 22726 22727
22727 22726 22728
22727 22728 22729
22728 22730 22729
22731 22732 22733
22731 22734 22732
22735 22734 22731
22735 22731 22736
22737 22735 22736
22737 22736 22738
22739 22737 22738
22739 22740 22737
22741 22740 22739
22741 22742 22740
22743 22742 22741
22743 22744 22742
22745 22746 22747
22745 22747 22748
22749 22748 22747
22748 22749 22750
22748 22750 22751
22749 22752 22750
22751 22750 22752
22748 22753 22745
22748 22751 22753
22753 22754 22745
22753 22755 22754
22753 22756 22755
22751 22756 22753
22751 22757 22756
22756 22758 22755
22756 22759 22758
22756 22760 22759
22757 22760 22756
22760 22761 22759
22762 22761 22760
22757 22762 22760
22763 22752 22749
22764 22763 22749
22763 22765 22752
22765 22766 22752
22765 22767 22766
22752 22768 22751
22752 22766 22768
22751 22768 22769
22766 22769 22768
22751 22769 22757
22767 22770 22766
22766 22770 22769
22767 22771 22770
22770 22771 22772
22769 22770 22773
22770 22772 22773
22764 22749 22774
22774 22749 22775
22774 22776 22764
22757 22769 22777
22769 22773 22777
22772 22778 22773
22772 22779 22778
22778 22779 22780
22773 22781 22777
22757 22777 22781
22773 22778 22781
22778 22780 22782
22781 22778 22782
22757 22781 22783
22781 22782 22783
22757 22783 22762
22782 22762 22783
22780 22784 22782
22782 22784 22762
22780 22785 22784
22786 22784 22785
22762 22784 22787
22762 22787 22761
22786 22788 22784
22784 22788 22787
22789 22788 22786
22790 22787 22788
22761 22787 22790
22790 22788 22789
22791 22790 22789
22790 22792 22761
22790 22791 22792
22789 22793 22791
22789 22794 22793
22793 22794 22795
22796 22793 22795
22791 22793 22796
22797 22796 22795
22791 22796 22798
22797 22798 22796
22798 22792 22791
22797 22799 22798
22798 22800 22792
22800 22798 22799
22761 22792 22801
22801 22792 22800
22761 22801 22802
22802 22803 22761
22804 22761 22803
22800 22799 22805
22806 22805 22799
22801 22800 22807
22807 22800 22805
22806 22807 22805
22807 22802 22801
22804 22803 22808
22808 22803 22802
22806 22809 22807
22810 22809 22806
22811 22809 22810
22812 22809 22811
22812 22807 22809
22807 22812 22802
22813 22804 22808
22813 22814 22804
22815 22814 22813
22816 22813 22808
22815 22813 22817
22817 22813 22816
22808 22802 22818
22816 22808 22818
22819 22815 22817
22819 22820 22815
22821 22820 22819
22802 22812 22822
22818 22802 22823
22802 22822 22823
22824 22816 22818
22818 22823 22824
22817 22816 22825
22825 22816 22824
22826 22819 22817
22826 22817 22825
22821 22819 22827
22827 22819 22826
22824 22828 22825
22826 22825 22828
22812 22829 22822
22812 22830 22829
22831 22829 22830
22832 22829 22831
22832 22822 22829
22832 22833 22822
22833 22823 22822
22823 22834 22824
22824 22834 22828
22835 22828 22834
22836 22826 22828
22827 22826 22836
22833 22837 22823
22823 22837 22834
22837 22833 22838
22833 22839 22838
22834 22837 22840
22837 22838 22840
22841 22838 22839
22841 22839 22842
22843 22841 22842
22838 22841 22844
22838 22844 22840
22834 22840 22845
22835 22834 22845
22840 22846 22845
22840 22844 22846
22846 22835 22845
22843 22847 22841
22847 22844 22841
22846 22844 22848
22847 22848 22844
22849 22847 22843
22849 22843 22850
22851 22848 22847
22851 22847 22849
22850 22852 22849
22851 22849 22852
22853 22852 22850
22846 22848 22854
22854 22848 22851
22853 22855 22852
22853 22856 22855
22857 22855 22856
22851 22852 22858
22855 22858 22852
22854 22859 22846
22846 22859 22835
22858 22860 22851
22854 22851 22860
22857 22861 22855
22855 22862 22858
22862 22855 22861
22857 22863 22861
22857 22864 22863
22863 22864 22865
22861 22863 22866
22866 22863 22865
22862 22861 22867
22861 22866 22867
22858 22862 22868
22868 22862 22867
22858 22869 22860
22858 22868 22869
22870 22854 22860
22870 22860 22869
22866 22865 22871
22871 22865 22872
22867 22866 22873
22873 22866 22871
22868 22867 22874
22867 22873 22874
22875 22869 22868
22875 22868 22874
22870 22869 22875
22870 22876 22854
22854 22876 22859
22877 22876 22870
22877 22870 22875
22875 22874 22878
22873 22878 22874
22859 22876 22879
22877 22879 22876
22877 22875 22880
22878 22880 22875
22859 22879 22881
22835 22859 22881
22882 22879 22877
22882 22877 22880
22873 22883 22878
22878 22884 22880
22883 22884 22878
22882 22880 22885
22884 22885 22880
22886 22882 22885
22882 22887 22879
22886 22887 22882
22879 22887 22888
22879 22888 22881
22889 22883 22873
22873 22871 22889
22887 22886 22890
22887 22890 22888
22891 22889 22871
22871 22872 22891
22891 22872 22892
22872 22893 22892
22892 22893 22894
22895 22881 22888
22896 22888 22890
22896 22895 22888
22886 22897 22890
22897 22896 22890
22895 22898 22881
22835 22881 22898
22899 22835 22898
22899 22828 22835
22828 22899 22836
22900 22899 22898
22900 22898 22895
22836 22899 22900
22895 22901 22900
22895 22896 22901
22836 22900 22902
22902 22900 22901
22902 22903 22836
22903 22827 22836
22903 22904 22827
22904 22821 22827
22904 22905 22821
22906 22905 22904
22906 22904 22903
22906 22907 22905
22749 22907 22906
22906 22903 22908
22908 22903 22902
22749 22906 22909
22908 22909 22906
22749 22909 22775
22908 22775 22909
22902 22775 22908
22902 22901 22910
22902 22910 22775
22911 22910 22901
22775 22910 22911
22911 22901 22912
22896 22912 22901
22775 22911 22913
22775 22913 22774
22913 22914 22774
22774 22914 22776
22911 22915 22913
22913 22915 22914
22916 22776 22914
22916 22914 22915
22916 22917 22776
22918 22917 22916
22911 22919 22915
22912 22919 22911
22918 22916 22920
22920 22921 22918
22920 22922 22921
22923 22922 22920
22916 22915 22924
22920 22916 22924
22924 22915 22919
22923 22920 22925
22920 22924 22925
22924 22919 22926
22925 22924 22926
22927 22923 22925
22925 22926 22927
22927 22928 22923
22926 22919 22929
22912 22929 22919
22927 22926 22930
22926 22929 22930
22931 22928 22927
22927 22930 22931
22931 22932 22928
22933 22932 22931
22930 22933 22931
22933 22934 22932
22935 22929 22912
22930 22929 22935
22930 22936 22933
22930 22935 22936
22937 22934 22933
22937 22938 22934
22933 22936 22939
22933 22939 22937
22940 22938 22937
22940 22941 22938
22942 22941 22940
22935 22912 22943
22896 22943 22912
22897 22943 22896
22935 22943 22897
22944 22936 22935
22935 22897 22944
22944 22939 22936
22945 22937 22939
22945 22940 22937
22946 22944 22897
22886 22946 22897
22947 22939 22944
22947 22945 22939
22946 22947 22944
22940 22945 22948
22948 22945 22947
22949 22947 22946
22948 22947 22949
22950 22946 22886
22949 22946 22950
22940 22948 22951
22942 22940 22951
22952 22948 22949
22952 22951 22948
22953 22942 22951
22952 22953 22951
22953 22954 22942
22955 22954 22953
22956 22952 22949
22956 22949 22950
22957 22955 22953
22958 22955 22957
22959 22953 22952
22959 22957 22953
22959 22952 22956
22950 22886 22960
22886 22885 22960
22961 22960 22885
22884 22961 22885
22962 22950 22960
22961 22962 22960
22963 22956 22950
22962 22963 22950
22884 22964 22961
22964 22962 22961
22965 22958 22957
22965 22957 22959
22966 22959 22956
22966 22956 22963
22967 22963 22962
22964 22967 22962
22968 22965 22959
22968 22959 22966
22969 22958 22965
22969 22965 22968
22967 22970 22963
22970 22966 22963
22971 22968 22966
22971 22966 22970
22972 22970 22967
22964 22972 22967
22969 22973 22958
22973 22969 22974
22973 22975 22958
22973 22976 22975
22977 22969 22968
22977 22968 22971
22974 22969 22977
22973 22978 22976
22973 22974 22978
22979 22976 22978
22979 22978 22974
22980 22971 22970
22972 22980 22970
22981 22977 22971
22981 22971 22980
22982 22979 22974
22983 22979 22982
22984 22980 22972
22985 22981 22980
22984 22985 22980
22977 22981 22986
22986 22981 22985
22974 22977 22987
22987 22977 22986
22988 22974 22987
22988 22982 22974
22988 22987 22986
22983 22982 22989
22989 22982 22988
22986 22985 22990
22990 22985 22984
22988 22986 22991
22991 22986 22990
22992 22984 22972
22964 22992 22972
22993 22983 22989
22993 22994 22983
22989 22988 22995
22995 22988 22991
22992 22964 22996
22884 22996 22964
22883 22996 22884
22997 22996 22883
22889 22997 22883
22992 22996 22998
22997 22998 22996
22999 22997 22889
22891 22999 22889
23000 22989 22995
23000 22993 22989
23001 22992 22998
22992 23001 22984
23002 22998 22997
22999 23002 22997
23002 23003 22998
23001 22998 23003
23004 22984 23001
22990 22984 23004
23005 23002 22999
23005 23003 23002
23006 23001 23003
23004 23001 23006
23007 22990 23004
22991 22990 23007
23005 22999 23008
23008 22999 22891
23005 23009 23003
23006 23003 23009
23010 23004 23006
23007 23004 23010
23011 22991 23007
22995 22991 23011
23008 22891 23012
22891 22892 23012
23012 22892 23013
22892 22894 23013
23014 23007 23010
23011 23007 23014
23015 22995 23011
23015 23000 22995
23008 23012 23016
23012 23013 23016
23017 23013 22894
22894 23018 23017
23017 23018 23019
23017 23020 23013
23020 23016 23013
23021 23011 23014
23021 23015 23011
23017 23019 23022
23020 23017 23022
23023 23000 23015
23024 23015 23021
23024 23023 23015
23023 23025 23000
22993 23000 23025
23014 23026 23021
23027 23024 23021
23027 23021 23026
23014 23028 23026
23014 23010 23028
23028 23010 23029
23010 23006 23029
23030 23029 23006
23030 23006 23009
23031 23030 23009
23031 23009 23005
23005 23032 23031
23008 23032 23005
23033 23032 23008
23008 23016 23033
23034 23032 23033
23016 23034 23033
23035 23031 23032
23034 23035 23032
23036 23030 23031
23035 23036 23031
23037 23029 23030
23036 23037 23030
23028 23029 23038
23037 23038 23029
23039 23028 23038
23039 23038 23037
23039 23026 23028
23016 23040 23034
23020 23040 23016
23040 23020 23041
23020 23022 23041
23034 23040 23042
23040 23041 23042
23043 23037 23036
23039 23037 23043
23044 23026 23039
23044 23027 23026
23034 23042 23045
23045 23035 23034
23036 23035 23046
23045 23046 23035
23047 23039 23043
23047 23044 23039
23043 23036 23048
23036 23046 23048
23049 23043 23048
23049 23047 23043
23046 23050 23048
23048 23050 23049
23051 23049 23050
23046 23052 23050
23052 23051 23050
23045 23053 23046
23046 23053 23052
23042 23054 23045
23054 23053 23045
23055 23053 23054
23042 23056 23054
23056 23055 23054
23056 23042 23041
23057 23052 23053
23055 23057 23053
23056 23041 23058
23058 23041 23022
23052 23059 23051
23057 23059 23052
23060 23059 23057
23051 23059 23060
23061 23057 23055
23060 23057 23061
23056 23062 23055
23062 23056 23058
23058 23022 23063
23019 23063 23022
23019 23064 23063
23064 23019 23065
23066 23064 23065
23058 23063 23067
23064 23067 23063
23066 23068 23064
23064 23068 23067
23069 23068 23066
23067 23068 23069
23069 23066 23070
23069 23070 23071
23058 23067 23072
23062 23058 23072
23067 23069 23073
23073 23072 23067
23069 23071 23074
23073 23069 23074
23074 23071 23075
23076 23074 23075
23074 23076 23077
23078 23062 23072
23073 23078 23072
23073 23074 23079
23074 23077 23079
23078 23073 23079
23077 23080 23079
23078 23079 23080
23077 23081 23080
23080 23081 23082
23080 23082 23083
23083 23078 23080
23083 23082 23084
23078 23085 23062
23083 23085 23078
23055 23062 23085
23083 23084 23086
23086 23085 23083
23086 23084 23087
23055 23085 23088
23085 23086 23088
23061 23055 23088
23086 23087 23089
23089 23088 23086
23090 23089 23087
23091 23088 23089
23090 23091 23089
23091 23061 23088
23091 23090 23092
23093 23061 23091
23091 23092 23093
23093 23092 23094
23093 23060 23061
23093 23094 23095
23095 23060 23093
23095 23094 23096
23095 23097 23060
23051 23060 23097
23095 23096 23098
23098 23097 23095
23096 23099 23098
23051 23097 23100
23098 23100 23097
23098 23099 23101
23101 23100 23098
23051 23100 23102
23051 23102 23049
23103 23102 23100
23101 23103 23100
23104 23049 23102
23103 23104 23102
23047 23049 23104
23101 23099 23105
23105 23099 23106
23107 23103 23101
23107 23104 23103
23107 23101 23105
23047 23104 23108
23107 23108 23104
23044 23047 23108
23106 23109 23105
23106 23110 23109
23111 23107 23105
23111 23108 23107
23111 23105 23109
23044 23108 23112
23111 23112 23108
23027 23044 23112
23110 23113 23109
23110 23114 23113
23115 23111 23109
23115 23112 23111
23115 23109 23113
23027 23112 23116
23115 23116 23112
23024 23027 23116
23114 23117 23113
23114 23118 23117
23118 23119 23117
23120 23115 23113
23120 23116 23115
23120 23113 23117
23024 23116 23121
23120 23121 23116
23023 23024 23121
23117 23119 23122
23119 23123 23122
23123 23124 23122
23125 23120 23117
23125 23121 23120
23125 23117 23122
23023 23121 23126
23125 23126 23121
23025 23023 23126
23127 23122 23124
23127 23124 23128
23128 23129 23127
23130 23125 23122
23130 23126 23125
23130 23122 23127
23025 23126 23131
23130 23131 23126
23132 23127 23129
23132 23129 23133
23134 23130 23127
23134 23131 23130
23134 23127 23132
23135 23025 23131
22993 23025 23135
23133 23136 23132
23133 23137 23136
23136 23137 23138
23136 23138 23139
23140 23136 23139
23141 23132 23136
23140 23141 23136
23141 23134 23132
23140 23142 23141
23142 23134 23141
23140 23143 23142
23134 23144 23131
23135 23131 23144
23142 23144 23134
23135 23145 22993
23145 23135 23144
23145 23144 23142
23145 23142 23143
22993 23145 22994
23145 23143 23146
22994 23145 23146
23147 23148 23149
23150 23147 23149
23150 23149 23151
23152 23150 23151
23152 23151 23153
23154 23152 23153
23154 23153 23155
23156 23154 23155
23156 23155 23157
23156 23157 23158
23159 23156 23158
23157 23160 23158
23161 23158 23160
23161 23160 23162
23163 23161 23162
23164 23160 23157
23164 23162 23160
23165 23164 23157
23165 23157 23166
23167 23165 23166
23167 23166 23168
23169 23167 23168
23169 23168 23170
23171 23169 23170
23171 23170 23172
23173 23171 23172
23173 23172 23174
23175 23173 23174
23175 23176 23173
23175 23177 23176
23175 23178 23177
23178 23179 23177
23178 23180 23179
23180 23181 23179
23180 23182 23181
23181 23183 23179
23182 23184 23181
23181 23185 23183
23185 23186 23183
23184 23187 23181
23185 23181 23187
23184 23188 23187
23188 23189 23187
23188 23190 23189
23190 23191 23189
23190 23192 23191
23191 23192 23193
23191 23193 23194
23193 23195 23194
23193 23196 23195
23195 23196 23197
23195 23197 23198
23197 23199 23198
23185 23187 23200
23197 23201 23199
23202 23185 23200
23185 23202 23186
23202 23200 23203
23202 23204 23186
23205 23202 23203
23202 23206 23204
23205 23206 23202
23206 23207 23204
23205 23207 23206
23201 23208 23199
23201 23209 23208
23210 23199 23208
23210 23211 23199
23210 23212 23211
23210 23213 23212
23213 23214 23212
23213 23215 23214
23215 23216 23214
23215 23217 23216
23217 23218 23216
23217 23219 23218
23219 23220 23218
23219 23221 23220
23221 23222 23220
23223 23210 23208
23223 23208 23224
23225 23223 23224
23209 23224 23208
23226 23225 23224
23209 23226 23224
23164 23227 23162
23227 23228 23162
23163 23162 23228
23227 23229 23228
23230 23163 23228
23229 23231 23228
23230 23228 23231
23229 23232 23231
23233 23230 23231
23232 23234 23231
23233 23231 23234
23232 23235 23234
23236 23233 23234
23235 23236 23234
