byte offset: 0
first index: 150
index count: 12258
topology: trianglelist
format: DXGI_FORMAT_R16_UINT

54 55 56
54 57 55
58 55 57
58 57 59
59 60 58
59 61 60
61 62 60
61 63 62
57 64 59
61 59 64
65 63 61
61 64 65
65 66 63
67 66 65
67 65 68
64 68 65
68 69 67
68 70 69
71 70 68
64 71 68
71 72 70
71 73 72
57 74 64
74 71 64
74 57 54
71 75 73
74 75 71
76 73 75
74 54 77
75 74 77
76 75 78
75 77 78
79 76 78
77 54 80
80 54 81
80 81 82
80 82 83
77 80 84
78 77 84
84 80 83
79 85 83
79 78 85
85 84 83
78 84 85
86 87 88
86 88 89
90 89 88
90 91 89
91 90 92
91 92 93
93 92 94
93 94 95
89 91 96
93 96 91
97 93 95
93 97 96
97 95 98
99 97 98
99 100 97
96 97 100
100 99 101
100 101 102
103 100 102
96 100 103
103 102 104
103 104 105
89 96 106
106 96 103
106 86 89
103 105 107
106 103 107
108 107 105
106 109 86
107 109 106
108 110 107
107 110 109
111 110 108
109 112 86
112 113 86
112 114 113
112 115 114
109 116 112
110 116 109
116 115 112
111 115 117
111 117 110
117 115 116
110 117 116
118 119 120
121 120 119
121 119 122
123 121 122
123 124 121
124 123 125
124 125 126
125 127 126
125 128 127
129 127 128
129 128 130
131 129 130
131 132 129
131 133 132
131 134 133
135 133 134
135 136 133
136 135 137
136 137 138
138 137 139
138 139 140
141 140 139
141 142 140
142 141 143
142 143 144
145 144 143
145 143 146
145 146 147
145 147 148
147 149 148
150 151 152
153 152 151
153 154 152
155 154 153
155 153 156
156 157 155
156 158 157
157 158 159
157 159 160
161 160 159
161 162 160
163 162 161
163 161 164
163 164 165
163 165 166
167 166 165
167 165 168
168 169 167
168 170 169
170 171 169
170 172 171
173 171 172
173 172 174
174 175 173
174 176 175
177 175 176
177 178 175
177 179 178
177 180 179
179 180 181
182 183 184
182 185 183
186 185 182
186 182 187
186 187 188
185 189 183
185 190 189
186 190 185
190 191 189
186 188 192
193 192 188
193 188 194
195 193 194
195 194 196
197 195 196
197 198 195
195 198 199
200 193 195
195 199 200
192 193 201
200 201 193
186 192 202
192 201 202
203 200 199
203 199 204
203 204 205
200 206 201
200 203 206
203 205 207
206 203 207
206 207 208
209 206 208
210 201 206
209 210 206
210 202 201
211 210 209
211 202 210
211 209 212
213 211 212
211 214 202
186 202 214
186 214 190
211 190 214
211 215 190
213 215 211
215 191 190
213 216 215
215 216 191
213 217 216
216 218 191
219 218 216
218 220 191
219 221 218
218 183 220
183 218 221
183 221 222
223 224 225
225 224 226
224 227 226
224 228 227
228 229 227
230 225 226
227 230 226
230 231 225
230 232 231
233 227 229
233 229 234
233 234 235
236 235 234
227 233 237
235 237 233
230 227 238
227 237 238
230 239 232
239 230 238
240 232 239
240 241 232
241 240 242
240 243 242
244 243 240
245 244 240
246 240 239
245 240 246
239 238 246
247 245 246
247 246 238
247 238 248
237 248 238
237 249 248
250 248 249
235 249 237
250 249 235
235 251 250
236 251 235
251 236 252
253 254 255
253 256 254
257 256 253
258 254 256
258 259 254
258 260 259
257 261 256
261 258 256
262 261 257
261 262 263
261 263 264
264 263 265
264 265 266
267 266 265
268 261 264
268 258 261
266 268 264
258 268 269
258 269 260
266 269 268
270 260 269
270 271 260
272 271 270
266 267 273
267 274 273
266 275 269
275 270 269
275 276 270
266 277 275
266 273 277
276 275 277
272 270 278
276 278 270
272 278 279
276 279 278
272 279 280
279 281 280
279 282 281
276 282 279
282 283 281
273 274 284
285 284 274
285 286 284
287 284 286
273 284 288
287 288 284
273 288 277
289 288 287
277 288 289
289 287 290
291 289 290
276 277 292
277 289 292
293 276 292
293 292 289
293 289 291
293 282 276
294 293 291
282 293 294
294 291 283
282 294 283
295 296 297
296 298 297
297 298 299
297 299 300
300 299 301
302 298 296
299 298 302
302 296 303
302 303 304
305 301 299
305 306 301
305 307 306
308 306 307
299 309 305
307 305 309
302 310 299
299 310 309
302 304 311
311 310 302
312 311 304
312 304 313
313 314 312
312 314 315
316 312 315
317 312 316
318 311 312
317 318 312
311 318 310
319 318 317
319 310 318
319 320 310
309 310 320
309 320 321
322 321 320
307 309 321
322 307 321
307 322 323
308 307 323
323 324 308
325 326 327
325 327 328
329 325 328
330 328 327
330 327 331
330 331 332
329 328 333
333 328 330
334 329 333
333 335 334
333 336 335
336 337 335
336 338 337
339 337 338
340 336 333
340 333 330
338 336 340
330 341 340
330 332 341
338 340 341
342 341 332
342 332 343
344 342 343
338 345 339
339 345 346
338 341 347
347 341 342
347 342 348
338 347 349
338 349 345
348 349 347
344 350 342
348 342 350
344 351 350
348 350 351
344 352 351
351 352 353
351 353 354
348 351 354
354 353 355
345 356 346
357 346 356
357 356 358
359 358 356
345 360 356
359 356 360
345 349 360
361 359 360
349 361 360
361 362 359
363 362 361
348 364 349
349 364 361
365 364 348
365 361 364
365 363 361
365 348 354
366 355 363
366 363 365
354 366 365
354 355 366
367 368 369
369 368 370
370 368 371
372 370 371
372 373 370
372 371 374
375 373 372
375 372 376
376 372 374
377 375 376
378 375 377
374 379 376
377 376 379
374 380 379
380 374 381
380 381 382
382 381 383
378 377 384
378 384 385
378 385 386
377 379 387
377 388 384
377 387 388
389 387 379
389 379 380
384 390 385
384 388 390
388 387 391
389 391 387
392 390 388
388 391 392
385 393 386
394 385 390
394 393 385
386 393 395
386 395 396
395 397 396
394 398 393
393 398 395
390 399 394
399 398 394
395 400 397
400 401 397
392 402 390
390 402 399
403 395 398
403 400 395
403 398 404
399 405 398
404 398 405
405 399 406
402 406 399
404 405 407
405 406 407
400 408 401
409 400 403
409 408 400
401 408 410
401 410 411
409 403 412
412 403 404
408 409 413
408 413 410
413 409 412
411 410 414
411 414 415
414 416 415
410 413 417
417 414 410
416 414 418
418 414 417
416 418 419
418 420 419
421 419 420
422 421 420
423 420 418
417 423 418
417 413 424
413 412 424
422 420 425
425 420 423
422 425 426
422 426 427
428 427 426
429 423 417
417 424 429
425 423 430
430 423 429
426 425 430
429 424 431
431 430 429
412 432 424
431 424 432
433 432 412
412 404 433
431 432 434
434 432 433
430 431 435
431 434 435
404 436 433
434 433 436
430 435 437
426 430 437
438 435 434
435 438 437
426 437 439
437 438 439
404 440 436
404 407 440
438 434 441
441 434 436
426 439 442
428 426 442
442 443 428
440 407 444
440 444 445
436 440 445
436 445 446
441 436 446
447 444 407
447 407 406
448 441 446
449 447 406
402 449 406
449 450 447
402 451 449
451 450 449
402 392 451
451 452 450
392 453 451
453 452 451
453 454 452
392 391 453
453 455 454
391 456 453
453 456 455
457 455 456
391 389 456
457 456 389
457 458 455
457 459 458
457 389 460
389 380 460
380 461 460
457 460 461
380 382 461
457 462 459
457 461 462
463 461 382
463 462 461
464 459 462
463 464 462
464 465 459
464 466 465
466 467 465
463 382 468
382 383 468
383 469 468
463 468 469
383 470 469
464 463 471
463 469 471
470 472 469
471 469 472
470 473 472
473 474 472
473 475 474
476 474 475
464 477 466
464 471 477
478 477 471
466 477 478
471 472 479
474 479 472
478 471 479
476 480 474
480 476 481
474 482 479
478 479 482
483 474 480
483 482 474
484 483 480
480 481 485
484 480 485
485 481 486
486 487 485
487 484 485
486 488 487
482 483 489
489 483 484
478 482 490
482 489 490
487 488 491
491 488 492
493 491 492
494 478 490
495 490 489
495 494 490
494 496 478
466 478 496
497 487 491
493 498 491
497 491 498
493 499 498
499 497 498
493 500 499
499 500 501
497 502 487
487 502 484
496 494 503
466 496 504
496 503 504
505 503 494
503 505 506
505 494 495
495 507 505
506 505 507
466 504 508
466 508 467
509 467 508
503 510 504
510 503 506
506 511 510
510 512 504
504 512 508
512 510 511
512 513 508
508 513 509
495 514 507
514 515 507
514 495 489
514 489 516
489 484 516
517 514 516
514 517 515
518 516 484
517 516 518
518 484 502
502 519 518
517 518 519
511 520 512
513 512 520
515 521 507
506 507 521
521 522 506
502 523 519
497 523 502
524 523 497
499 524 497
519 523 525
524 525 523
526 524 499
526 525 524
519 525 527
517 519 527
528 515 517
528 517 527
515 529 521
521 529 522
515 530 529
522 529 530
526 499 531
499 501 531
532 531 501
526 531 532
532 501 533
526 534 525
525 534 527
528 535 515
515 535 530
528 536 535
530 535 536
537 528 527
528 537 536
533 538 532
533 539 538
526 532 540
526 540 534
534 541 527
537 527 541
534 542 541
540 542 534
532 543 540
532 538 543
544 538 539
544 539 545
542 546 541
541 546 537
540 547 542
540 543 547
546 542 547
543 538 548
548 538 544
549 544 545
549 545 550
551 549 550
551 550 552
551 552 553
543 554 547
543 548 554
546 547 555
555 547 554
548 544 556
556 544 549
548 556 557
548 557 554
556 549 558
557 556 558
549 559 558
551 559 549
551 553 560
560 553 561
555 562 546
546 562 537
557 558 563
559 563 558
564 537 562
564 536 537
564 565 536
530 536 565
551 566 559
559 567 563
566 567 559
557 563 568
567 568 563
551 569 566
569 551 560
557 568 570
554 557 570
554 570 571
555 554 571
572 571 570
572 570 568
555 571 573
572 573 571
555 573 574
555 574 562
575 574 573
572 575 573
562 574 576
575 576 574
576 575 577
562 576 564
572 578 575
578 577 575
572 568 579
579 578 572
580 564 576
576 577 580
581 580 577
580 582 564
581 582 580
564 582 565
583 565 582
583 530 565
584 579 568
567 584 568
581 585 582
583 582 585
583 586 530
522 530 586
587 583 585
587 586 583
581 588 585
587 585 588
586 589 522
587 589 586
589 587 590
591 590 587
591 587 588
589 590 592
522 589 592
593 591 588
594 522 592
522 594 506
594 592 595
511 506 594
593 588 596
581 596 588
597 593 596
598 594 595
511 594 598
598 595 599
511 598 599
511 599 600
600 520 511
600 601 520
600 602 601
601 513 520
602 603 601
513 601 603
604 513 603
604 603 605
513 604 509
606 604 605
509 604 607
606 607 604
607 608 509
606 609 607
607 609 608
606 610 609
611 608 609
612 609 610
611 609 613
612 613 609
614 611 613
612 614 613
612 615 614
614 616 611
617 614 615
617 615 618
619 617 618
614 620 616
614 617 620
621 616 620
621 622 616
621 623 622
619 624 617
620 617 624
619 625 624
619 626 625
625 626 627
620 624 628
628 621 620
628 624 625
621 629 623
630 623 629
630 629 631
632 630 631
625 627 633
628 625 634
625 633 634
627 635 633
627 636 635
637 634 633
637 633 635
628 634 638
637 638 634
628 639 621
628 638 639
621 640 629
621 639 640
641 635 636
641 636 642
641 642 643
639 638 644
639 644 640
629 640 645
629 645 631
637 646 638
646 644 638
637 647 646
637 648 647
635 648 637
635 641 648
649 648 641
649 647 648
650 640 644
650 645 640
646 651 644
651 650 644
646 652 651
646 647 652
651 653 650
652 653 651
645 650 654
653 654 650
649 641 655
641 643 655
643 656 655
656 649 655
645 654 657
657 631 645
658 656 643
643 659 658
659 660 658
659 661 660
656 658 662
662 658 660
662 660 663
664 660 661
664 663 660
664 661 665
666 664 665
664 667 663
666 667 664
666 665 668
666 669 667
666 668 670
671 669 666
666 670 672
671 666 672
672 670 673
674 671 672
672 673 675
674 672 675
676 675 673
675 677 674
676 678 675
675 678 677
597 678 676
679 677 678
597 680 678
679 678 680
597 596 680
596 679 680
596 581 679
681 581 682
683 681 682
581 577 682
683 682 684
684 682 577
685 683 684
684 577 686
578 686 577
685 684 687
687 684 686
686 578 688
579 688 578
686 688 689
687 686 689
685 687 690
685 690 691
692 691 690
692 693 691
694 690 687
694 687 689
694 692 690
689 688 695
689 695 694
695 688 579
692 694 695
695 579 696
584 696 579
696 697 695
692 695 697
698 693 692
698 699 693
699 698 700
701 696 584
696 701 697
702 692 697
702 698 692
702 697 701
698 703 700
702 703 698
703 704 700
656 704 703
701 584 705
567 705 584
702 701 706
706 701 705
707 656 703
656 707 649
708 649 707
702 709 703
707 703 709
709 702 706
709 708 707
567 710 705
566 710 567
710 711 705
706 705 711
712 710 566
710 712 711
712 566 569
709 706 713
709 713 708
706 714 713
706 711 714
714 708 713
715 712 569
569 560 715
716 711 712
716 714 711
715 716 712
717 715 560
560 561 717
717 718 715
715 718 719
715 719 716
719 720 716
714 716 720
719 721 720
714 720 722
714 722 708
723 720 721
722 720 723
723 721 724
725 708 722
722 723 725
726 723 724
725 723 726
726 724 727
725 728 708
708 728 649
649 728 647
725 647 728
729 647 725
725 726 729
647 729 730
730 729 726
647 730 652
731 726 727
730 726 731
731 727 732
733 731 732
730 734 652
652 734 653
733 735 731
736 735 733
737 730 731
737 731 735
730 737 734
736 738 735
737 735 738
738 736 739
737 738 740
734 737 740
738 739 741
741 740 738
742 741 739
734 743 653
653 743 654
734 740 744
734 744 743
743 745 654
745 657 654
746 743 744
743 746 745
744 740 747
746 744 747
741 748 740
747 740 748
742 749 741
741 749 748
749 742 750
742 751 750
751 752 750
749 753 748
747 748 753
753 749 750
747 754 746
745 746 754
745 754 755
756 745 755
745 756 657
757 750 752
758 757 752
759 757 758
759 758 760
761 759 760
750 757 762
762 757 759
762 753 750
747 753 763
763 753 762
747 763 754
764 763 762
754 763 764
762 759 764
754 764 765
765 764 759
755 754 765
761 766 759
765 759 766
766 761 767
766 768 765
755 765 768
769 766 767
766 769 768
767 770 769
767 771 770
772 768 769
769 770 772
773 770 771
773 771 774
775 773 774
776 768 772
755 768 776
777 772 770
777 770 773
777 776 772
773 778 777
775 779 773
773 779 778
775 780 779
780 778 779
775 781 780
782 780 781
777 783 776
778 783 777
782 784 780
784 782 785
784 785 786
786 787 784
787 780 784
786 788 787
789 787 788
787 790 780
780 790 778
789 791 787
790 787 791
789 792 791
789 793 792
790 791 794
778 790 794
794 791 792
778 794 795
795 794 792
778 795 783
796 783 795
776 783 796
793 797 792
793 798 797
795 792 799
796 795 799
792 800 799
792 797 800
798 801 797
798 802 801
803 799 800
803 796 799
804 800 797
804 797 801
803 800 804
805 801 802
804 801 805
805 802 806
807 805 806
807 808 805
809 808 807
804 805 810
808 810 805
803 804 811
811 804 810
812 796 803
812 803 811
812 813 796
776 796 813
755 776 813
812 755 813
812 814 755
756 755 814
812 811 815
815 814 812
811 810 816
811 816 815
808 817 810
816 810 817
818 817 808
809 818 808
819 818 809
819 809 820
820 821 819
820 822 821
821 822 823
818 819 824
821 824 819
818 825 817
818 824 825
821 826 824
827 825 824
821 823 828
828 826 821
828 829 826
830 828 823
829 828 831
830 831 828
829 831 832
833 832 831
834 831 830
833 831 834
834 830 835
836 834 835
827 837 825
837 827 838
833 834 839
836 839 834
825 837 840
825 840 817
816 817 840
841 816 840
841 840 837
815 816 841
837 838 842
841 837 842
843 842 838
844 815 841
842 844 841
843 844 842
844 814 815
843 845 844
845 814 844
843 846 845
845 756 814
632 845 846
847 756 845
632 847 845
847 657 756
632 631 847
657 847 631
848 849 850
848 850 851
848 851 852
848 852 853
852 854 853
850 855 851
850 856 855
851 857 852
851 855 857
858 855 856
858 856 859
860 858 859
861 857 855
861 855 858
852 862 854
852 863 862
852 857 863
854 862 864
863 864 862
854 864 865
866 865 864
866 864 867
867 864 868
863 868 864
867 868 869
857 870 863
870 868 863
871 869 868
871 868 870
871 872 869
857 873 870
857 861 873
874 872 871
874 875 872
871 870 876
870 873 876
877 876 873
874 871 878
878 871 876
878 876 877
874 878 879
880 879 878
878 877 880
877 881 880
861 882 873
877 873 882
877 883 881
884 881 883
861 885 882
885 861 858
877 882 886
877 886 883
882 885 887
882 887 886
885 858 888
888 887 885
860 888 858
860 889 888
888 889 887
860 890 889
883 886 891
891 886 887
884 883 892
883 891 892
893 889 890
893 890 894
895 893 894
889 896 887
891 887 896
889 893 896
897 891 896
897 896 893
895 898 893
897 893 898
898 895 899
898 899 900
900 897 898
901 900 899
884 892 902
884 902 903
892 891 904
897 904 891
892 904 902
901 905 900
905 901 906
905 906 907
908 905 907
903 902 909
903 909 910
911 902 904
911 904 897
911 909 902
900 912 897
905 912 900
911 897 912
910 909 913
911 913 909
910 913 914
908 915 905
905 915 912
916 911 912
916 912 915
908 916 915
911 916 913
908 917 916
916 917 918
916 918 913
918 914 913
918 919 914
920 921 922
920 923 921
924 925 920
924 920 926
925 924 927
925 927 928
927 929 928
927 930 929
931 929 930
932 930 927
931 930 933
932 933 930
934 931 933
934 935 931
934 936 935
937 927 924
932 927 937
937 938 932
932 939 933
939 934 933
938 939 932
934 940 936
941 940 934
940 942 936
940 943 942
940 941 943
943 944 942
939 945 934
941 934 945
939 946 945
939 938 946
946 941 945
943 947 944
948 944 947
941 949 943
949 947 943
948 947 950
950 951 948
952 950 947
952 947 949
953 952 949
941 954 949
953 949 954
946 955 941
941 955 954
950 956 951
956 950 952
951 956 957
952 957 956
951 957 958
959 958 957
959 957 960
957 961 960
952 962 957
957 962 961
953 962 952
953 961 962
953 963 961
964 963 953
965 953 954
964 953 965
965 954 955
965 966 964
965 955 967
965 968 966
967 968 965
955 969 967
969 968 967
955 946 969
938 969 946
968 970 966
971 966 970
970 972 971
969 973 968
938 974 969
973 969 974
968 975 970
975 968 973
970 975 976
970 976 977
970 977 972
976 975 978
975 973 978
973 974 979
973 979 978
980 974 938
980 979 974
980 938 981
937 981 938
982 979 980
981 982 980
978 979 982
981 983 982
937 983 981
983 978 982
937 984 983
937 924 984
983 985 978
985 983 984
976 978 985
986 984 924
985 984 986
986 924 926
986 987 985
926 987 986
987 976 985
926 988 987
989 987 988
989 988 923
989 923 990
987 991 976
989 991 987
992 989 990
992 990 993
994 991 989
991 994 976
994 989 992
993 995 992
993 996 995
997 995 996
998 994 992
994 998 976
998 992 995
998 999 976
995 999 998
999 977 976
997 1000 995
995 1000 999
1001 1000 997
999 1000 1001
1001 997 1002
999 1003 977
999 1001 1003
1002 1004 1001
1002 1005 1004
1006 1004 1005
1007 1003 1001
1003 1007 977
1007 1001 1004
977 1007 1008
1008 1007 1004
1008 972 977
1006 1009 1004
1008 1004 1009
1008 1010 972
1010 1008 1009
972 1010 1011
1010 1012 1011
1013 1009 1006
1010 1009 1013
1010 1013 1012
1013 1006 1014
1014 1012 1013
1014 1015 1012
1016 1017 1018
1016 1018 1019
1020 1019 1018
1020 1021 1019
1020 1022 1021
1020 1023 1022
1024 1022 1023
1024 1025 1022
1026 1025 1024
1026 1027 1025
1026 1028 1027
1026 1029 1028
1028 1029 1030
1028 1030 1031
1032 1031 1030
1032 1030 1033
1032 1033 1034
1032 1034 1035
1036 1035 1034
1036 1034 1037
1038 1036 1037
1038 1037 1039
1040 1041 1042
1040 1043 1041
1043 1044 1041
1043 1045 1044
1046 1044 1045
1046 1047 1044
1048 1047 1046
1048 1049 1047
1048 1050 1049
1048 1051 1050
1052 1050 1051
1052 1051 1053
1053 1054 1052
1053 1055 1054
1056 1054 1055
1056 1057 1054
1058 1057 1056
1058 1056 1059
1060 1058 1059
1060 1061 1058
1062 1061 1060
1062 1060 1063
1064 1065 1066
1064 1067 1065
1064 1068 1067
1064 1069 1068
1070 1068 1069
1070 1069 1071
1072 1070 1071
1072 1073 1070
1073 1072 1074
1073 1074 1075
1076 1075 1074
1076 1077 1075
1076 1078 1077
1076 1079 1078
1080 1078 1079
1080 1081 1078
1080 1082 1081
1080 1083 1082
1084 1082 1083
1084 1083 1085
1086 1087 1088
1086 1089 1087
1090 1087 1089
1090 1089 1091
1092 1093 1094
1092 1095 1093
1093 1095 1096
1093 1096 1097
1098 1097 1096
1098 1099 1097
1099 1098 1100
1099 1100 1101
1100 1102 1101
1100 1103 1102
1104 1102 1103
1104 1103 1105
1106 1104 1105
1106 1105 1107
1107 1108 1106
1107 1109 1108
1109 1110 1108
1109 1111 1110
1112 1110 1111
1112 1113 1110
1114 1115 1116
1117 1116 1115
1117 1118 1116
1119 1118 1117
1119 1120 1118
1121 1120 1119
1121 1122 1120
1121 1123 1122
1124 1125 1126
1125 1127 1126
1125 1128 1127
1129 1127 1128
1129 1128 1130
1130 1131 1129
1130 1132 1131
1133 1131 1132
1133 1134 1131
1135 1134 1133
1135 1136 1134
1135 1137 1136
1135 1138 1137
1139 1137 1138
1139 1140 1137
1141 1140 1139
1141 1139 1142
1141 1142 1143
1141 1143 1144
1143 1145 1144
1145 1146 1144
1145 1147 1146
1145 1148 1147
1149 1147 1148
1149 1148 1150
1150 1151 1149
1152 1151 1150
1152 1150 1153
1152 1153 1154
1152 1154 1155
1156 1155 1154
1156 1154 1157
1156 1157 1158
1156 1158 1159
1158 1160 1159
1158 1161 1160
1160 1161 1162
1160 1162 1163
1160 1163 1164
1165 1164 1163
1165 1163 1166
1166 1163 1162
1165 1166 1167
1165 1167 1168
1169 1168 1167
1169 1167 1170
1171 1169 1170
1161 1172 1162
1166 1162 1173
1172 1173 1162
1174 1167 1166
1174 1166 1173
1167 1175 1170
1167 1174 1175
1170 1176 1171
1170 1175 1176
1161 1177 1172
1177 1161 1158
1172 1178 1173
1178 1174 1173
1171 1176 1179
1171 1179 1180
1180 1179 1181
1180 1181 1182
1181 1183 1182
1174 1184 1175
1178 1185 1174
1174 1185 1184
1186 1178 1172
1185 1178 1186
1175 1187 1176
1175 1184 1187
1188 1179 1176
1188 1176 1187
1189 1181 1179
1189 1179 1188
1181 1190 1183
1189 1190 1181
1185 1191 1184
1191 1187 1184
1186 1172 1192
1192 1172 1177
1185 1186 1193
1185 1193 1191
1186 1194 1193
1192 1194 1186
1193 1194 1191
1195 1194 1192
1192 1177 1195
1191 1194 1196
1191 1196 1187
1197 1187 1196
1196 1194 1197
1197 1188 1187
1198 1188 1197
1194 1198 1197
1198 1189 1188
1199 1195 1177
1199 1194 1195
1189 1198 1200
1198 1194 1200
1199 1177 1201
1177 1158 1201
1194 1199 1202
1201 1202 1199
1158 1203 1201
1201 1203 1202
1158 1204 1203
1205 1203 1204
1206 1194 1202
1203 1206 1202
1207 1194 1206
1200 1194 1208
1205 1209 1203
1203 1209 1206
1209 1207 1206
1210 1209 1205
1210 1211 1209
1209 1211 1207
1210 1212 1211
1207 1211 1212
1210 1213 1212
1212 1213 1214
1215 1194 1207
1207 1212 1215
1212 1214 1216
1216 1214 1217
1218 1215 1212
1218 1212 1216
1218 1194 1215
1216 1217 1219
1218 1216 1219
1220 1194 1218
1218 1219 1220
1221 1219 1217
1221 1217 1222
1223 1220 1219
1223 1194 1220
1223 1219 1221
1222 1224 1221
1222 1225 1224
1221 1226 1223
1226 1194 1223
1221 1224 1226
1227 1194 1226
1224 1227 1226
1228 1194 1227
1229 1228 1227
1230 1194 1228
1230 1228 1229
1231 1224 1225
1224 1231 1227
1229 1227 1231
1231 1225 1232
1229 1231 1232
1229 1232 1233
1229 1233 1234
1230 1229 1235
1229 1234 1235
1235 1236 1230
1236 1194 1230
1234 1237 1235
1235 1237 1236
1236 1237 1238
1234 1239 1237
1238 1237 1239
1238 1239 1240
1238 1240 1241
1242 1194 1236
1236 1238 1242
1238 1243 1242
1243 1194 1242
1238 1241 1244
1238 1244 1243
1245 1244 1241
1245 1241 1246
1247 1245 1246
1244 1248 1243
1248 1194 1243
1244 1245 1248
1249 1194 1248
1245 1249 1248
1247 1250 1245
1245 1250 1249
1247 1251 1250
1249 1250 1251
1252 1194 1249
1249 1251 1252
1208 1194 1252
1251 1208 1252
1247 1253 1251
1254 1253 1247
1255 1253 1254
1255 1256 1253
1256 1251 1253
1256 1255 1183
1256 1183 1190
1251 1257 1208
1256 1257 1251
1190 1257 1256
1200 1208 1257
1190 1258 1257
1200 1257 1258
1189 1258 1190
1189 1200 1258
1259 1260 1261
1260 1259 1262
1260 1262 1263
1262 1264 1263
1262 1265 1264
1264 1265 1266
1264 1266 1267
1267 1266 1268
1267 1268 1269
1268 1270 1269
1268 1271 1270
1272 1270 1271
1272 1273 1270
1272 1274 1273
1272 1275 1274
1276 1274 1275
1277 1278 1279
1278 1280 1279
1280 1281 1279
1282 1281 1280
1282 1280 1283
1282 1284 1281
1285 1282 1283
1285 1286 1282
1286 1284 1282
1287 1286 1285
1288 1287 1285
1284 1286 1289
1287 1289 1286
1284 1289 1290
1290 1291 1284
1290 1292 1291
1292 1293 1291
1288 1294 1287
1288 1295 1294
1288 1296 1295
1287 1297 1289
1287 1294 1298
1287 1298 1297
1299 1289 1297
1299 1290 1289
1294 1295 1300
1294 1300 1298
1298 1301 1297
1299 1297 1301
1302 1298 1300
1298 1302 1301
1295 1296 1303
1304 1300 1295
1304 1295 1303
1296 1305 1303
1296 1306 1305
1305 1306 1307
1304 1303 1308
1303 1305 1308
1300 1304 1309
1309 1304 1308
1305 1307 1310
1310 1307 1311
1302 1300 1312
1300 1309 1312
1313 1308 1305
1313 1305 1310
1313 1314 1308
1309 1308 1315
1314 1315 1308
1315 1316 1309
1312 1309 1316
1314 1317 1315
1315 1317 1316
1310 1311 1318
1319 1313 1310
1319 1310 1318
1311 1320 1318
1311 1321 1320
1319 1322 1313
1322 1314 1313
1318 1323 1319
1318 1320 1323
1323 1322 1319
1321 1324 1320
1321 1325 1324
1324 1325 1326
1320 1327 1323
1327 1320 1324
1326 1328 1324
1328 1327 1324
1326 1329 1328
1328 1329 1330
1331 1330 1329
1332 1330 1331
1333 1328 1330
1327 1328 1333
1327 1334 1323
1323 1334 1322
1332 1335 1330
1335 1333 1330
1332 1336 1335
1332 1337 1336
1338 1336 1337
1339 1327 1333
1327 1339 1334
1335 1340 1333
1340 1339 1333
1336 1340 1335
1339 1341 1334
1341 1339 1340
1322 1334 1342
1341 1342 1334
1343 1322 1342
1322 1343 1314
1341 1344 1342
1344 1343 1342
1340 1345 1341
1341 1345 1344
1314 1343 1346
1344 1346 1343
1340 1347 1345
1336 1347 1340
1348 1344 1345
1345 1347 1348
1336 1349 1347
1347 1349 1348
1314 1346 1350
1314 1350 1317
1348 1351 1344
1351 1346 1344
1336 1352 1349
1338 1352 1336
1352 1338 1353
1346 1354 1350
1346 1355 1354
1351 1355 1346
1350 1354 1356
1350 1356 1317
1357 1317 1356
1357 1316 1317
1358 1355 1351
1359 1316 1357
1312 1316 1359
1359 1357 1360
1312 1359 1361
1361 1359 1360
1312 1361 1302
1361 1360 1362
1302 1361 1363
1363 1361 1362
1363 1362 1364
1302 1363 1301
1363 1364 1365
1301 1363 1366
1363 1365 1366
1367 1366 1365
1301 1366 1299
1367 1299 1366
1367 1365 1368
1367 1368 1369
1367 1370 1299
1299 1370 1290
1290 1370 1371
1367 1371 1370
1290 1371 1292
1367 1369 1372
1367 1372 1371
1373 1292 1371
1373 1371 1372
1374 1372 1369
1373 1372 1374
1374 1369 1375
1374 1375 1376
1376 1375 1377
1373 1378 1292
1292 1378 1293
1293 1378 1379
1373 1379 1378
1293 1379 1380
1374 1381 1373
1373 1381 1379
1380 1379 1382
1381 1382 1379
1380 1382 1383
1383 1382 1384
1383 1384 1385
1386 1385 1384
1374 1376 1387
1374 1387 1381
1388 1381 1387
1376 1388 1387
1381 1389 1382
1384 1382 1389
1388 1389 1381
1386 1384 1390
1390 1391 1386
1384 1389 1392
1388 1392 1389
1393 1390 1384
1393 1384 1392
1394 1390 1393
1390 1395 1391
1394 1395 1390
1395 1396 1391
1396 1395 1397
1397 1395 1394
1396 1397 1398
1392 1399 1393
1399 1394 1393
1388 1400 1392
1392 1400 1399
1397 1401 1398
1401 1402 1398
1403 1402 1401
1404 1400 1388
1405 1399 1400
1405 1400 1404
1404 1388 1406
1376 1406 1388
1407 1401 1397
1403 1401 1408
1407 1408 1401
1403 1408 1409
1409 1408 1407
1403 1409 1410
1409 1411 1410
1407 1397 1412
1397 1394 1412
1406 1413 1404
1376 1414 1406
1406 1414 1413
1415 1404 1413
1413 1416 1415
1415 1405 1404
1405 1415 1417
1416 1417 1415
1376 1418 1414
1376 1377 1418
1419 1418 1377
1413 1414 1420
1420 1416 1413
1416 1420 1421
1420 1414 1422
1414 1418 1422
1422 1421 1420
1422 1418 1423
1418 1419 1423
1405 1417 1424
1424 1417 1425
1424 1399 1405
1424 1426 1399
1399 1426 1394
1427 1426 1424
1424 1425 1427
1428 1394 1426
1427 1428 1426
1428 1412 1394
1412 1428 1429
1427 1429 1428
1423 1430 1422
1421 1422 1430
1425 1417 1431
1416 1431 1417
1431 1416 1432
1412 1429 1433
1407 1412 1433
1434 1407 1433
1409 1407 1434
1429 1435 1433
1434 1433 1435
1436 1409 1434
1436 1434 1435
1429 1437 1435
1427 1437 1429
1438 1427 1425
1438 1437 1427
1425 1431 1439
1431 1432 1439
1425 1439 1440
1432 1440 1439
1436 1441 1409
1409 1441 1411
1442 1411 1441
1436 1442 1441
1442 1443 1411
1436 1435 1444
1435 1437 1444
1438 1425 1445
1425 1440 1445
1438 1445 1446
1440 1446 1445
1447 1437 1438
1438 1446 1447
1443 1442 1448
1443 1448 1449
1436 1450 1442
1436 1444 1450
1444 1437 1451
1447 1451 1437
1444 1451 1452
1450 1444 1452
1442 1450 1453
1442 1453 1448
1454 1449 1448
1454 1455 1449
1452 1451 1456
1451 1447 1456
1450 1452 1457
1450 1457 1453
1456 1457 1452
1453 1458 1448
1458 1454 1448
1459 1455 1454
1459 1460 1455
1461 1460 1459
1461 1462 1460
1461 1463 1462
1453 1457 1464
1453 1464 1458
1456 1465 1457
1465 1464 1457
1458 1466 1454
1466 1459 1454
1458 1467 1466
1458 1464 1467
1466 1468 1459
1467 1468 1466
1459 1468 1469
1461 1459 1469
1461 1470 1463
1470 561 1463
1470 1471 561
1471 1470 1472
1471 1472 1473
1472 1474 1473
1475 1470 1461
1475 1472 1470
1461 1476 1475
1461 1469 1476
1469 1468 1477
1467 1477 1468
1472 1475 1478
1478 1475 1476
1472 1479 1474
1472 1478 1479
1469 1477 1480
1476 1469 1480
1467 1481 1477
1480 1477 1481
1478 1476 1482
1476 1480 1482
1482 1483 1478
1479 1478 1483
1474 1479 1484
1474 1484 1485
1480 1486 1482
1482 1486 1483
1479 1483 1487
1487 1484 1479
1488 1485 1484
1488 1489 1485
1467 1490 1481
1464 1490 1467
1464 1491 1490
1465 1491 1464
1492 1490 1491
1492 1481 1490
1493 1483 1486
1493 1487 1483
1487 1494 1484
1494 1488 1484
1487 1495 1494
1494 1496 1488
1496 1494 1495
1465 1497 1491
1492 1491 1497
1493 1498 1487
1487 1498 1495
1496 1499 1488
1499 1489 1488
1499 1500 1489
1501 1498 1493
1501 1495 1498
1502 1500 1499
1502 1503 1500
1504 1503 1502
1504 1502 1505
1506 1504 1505
1506 1505 1507
1507 1508 1506
1509 1505 1502
1509 1507 1505
1510 1502 1499
1509 1502 1510
1507 1511 1508
1512 1508 1511
1509 1513 1507
1511 1507 1513
1510 1499 1514
1515 1510 1514
1514 1496 1515
1496 1514 1499
1510 1516 1509
1516 1513 1509
1515 1517 1510
1510 1517 1516
1496 1518 1515
1519 1515 1518
1496 1495 1518
1495 1519 1518
1495 1520 1519
1501 1520 1495
1520 1501 1521
1522 1519 1520
1520 1521 1522
1523 1521 1501
1501 1493 1523
1522 1521 1524
1521 1525 1524
1526 1525 1521
1523 1526 1521
1523 1527 1526
1528 1525 1526
1526 1529 1528
1526 1527 1529
1527 1530 1529
1523 1493 1531
1493 1486 1531
1523 1532 1527
1523 1531 1532
1531 1486 1533
1480 1533 1486
1480 1481 1533
1534 1532 1531
1531 1533 1534
1533 1481 1535
1533 1535 1534
1492 1535 1481
1534 1536 1532
1527 1532 1536
1536 1534 1535
1527 1537 1530
1538 1530 1537
1539 1537 1527
1527 1536 1539
1538 1537 1540
1539 1540 1537
1541 1539 1536
1539 1541 1540
1536 1535 1542
1541 1536 1542
1535 1492 1543
1535 1543 1542
1544 1541 1542
1540 1541 1544
1544 1542 1543
1543 1545 1544
1538 1540 1546
1540 1544 1546
1546 1544 1545
1538 1546 1547
1492 1548 1543
1543 1548 1545
1492 1497 1548
1547 1546 1549
1546 1545 1549
1550 1549 1545
1547 1549 1551
1551 1549 1550
1548 1497 1552
1465 1552 1497
1553 1545 1548
1548 1552 1553
1465 1554 1552
1554 1553 1552
1465 1456 1554
1456 1447 1554
1555 1554 1447
1554 1555 1553
1555 1447 1446
1553 1556 1545
1550 1545 1556
1556 1553 1555
1555 1446 1557
1440 1557 1446
1556 1555 1558
1555 1557 1558
1550 1556 1558
1559 1557 1440
1559 1558 1557
1550 1558 1560
1559 1560 1558
1559 1440 1561
1432 1561 1440
1562 1560 1559
1562 1559 1561
1550 1560 1563
1562 1563 1560
1561 1432 1564
1562 1561 1564
1550 1563 1565
1565 1566 1550
1567 1563 1562
1567 1562 1568
1564 1568 1562
1569 1563 1567
1569 1565 1563
1564 1570 1568
1432 1570 1564
1571 1565 1569
1572 1570 1432
1432 1416 1572
1572 1573 1570
1421 1572 1416
1574 1573 1572
1421 1574 1572
1574 1575 1573
1575 1574 1421
1576 1575 1421
1421 1430 1576
1576 1430 1577
1576 1577 1578
1577 1430 1423
1578 1577 1579
1423 1579 1577
1580 1579 1423
1580 1581 1579
1423 1419 1580
1582 1581 1580
1419 1583 1580
1582 1580 1583
1583 1419 1584
1582 1583 1585
1583 1584 1585
1582 1585 1586
1587 1585 1584
1588 1586 1585
1587 1589 1585
1588 1585 1589
1590 1589 1587
1588 1589 1590
1588 1590 1591
1590 1587 1592
1593 1591 1590
1593 1594 1591
1595 1594 1593
1590 1592 1596
1590 1596 1593
1597 1596 1592
1597 1592 1598
1597 1598 1599
1595 1593 1600
1596 1600 1593
1595 1600 1601
1595 1601 1602
1601 1603 1602
1596 1604 1600
1604 1596 1597
1604 1601 1600
1597 1599 1605
1606 1605 1599
1606 1607 1605
1608 1607 1606
1601 1609 1603
1604 1610 1601
1601 1610 1609
1603 1609 1611
1603 1611 1612
1613 1609 1610
1613 1611 1609
1604 1614 1610
1613 1610 1614
1604 1597 1615
1604 1615 1614
1597 1605 1616
1597 1616 1615
1617 1612 1611
1617 1618 1612
1617 1619 1618
1615 1620 1614
1615 1616 1620
1605 1621 1616
1605 1607 1621
1613 1614 1622
1622 1614 1620
1611 1613 1623
1611 1623 1617
1624 1620 1616
1624 1616 1621
1613 1515 1623
1613 1622 1515
1519 1623 1515
1519 1617 1623
1622 1517 1515
1622 1620 1625
1622 1625 1517
1625 1620 1624
1519 1626 1617
1522 1626 1519
1617 1626 1619
1619 1626 1522
1517 1625 1627
1625 1624 1627
1517 1627 1516
1628 1619 1522
1619 1628 1629
1522 1630 1628
1629 1628 1631
1630 1631 1628
1629 1631 1632
1630 1633 1631
1634 1632 1631
1634 1631 1633
1634 1635 1632
1636 1635 1634
1634 1633 1637
1636 1634 1637
1636 1638 1635
1636 1637 1639
1636 1640 1638
1641 1636 1639
1636 1642 1640
1641 1642 1636
1642 1643 1640
1644 1642 1641
1642 1645 1643
1644 1645 1642
1646 1643 1645
1645 1644 1647
1646 1645 1648
1645 1647 1648
1571 1646 1648
1566 1648 1647
1571 1648 1649
1566 1649 1648
1571 1649 1565
1565 1649 1566
1650 1651 1652
1650 1653 1651
1650 1654 1653
1650 1655 1654
1654 1655 1656
1651 1653 1657
1651 1657 1658
1653 1654 1659
1653 1659 1657
1660 1658 1657
1660 1661 1658
1662 1661 1660
1663 1657 1659
1663 1660 1657
1654 1656 1664
1654 1664 1665
1654 1665 1659
1656 1666 1664
1665 1664 1666
1656 1667 1666
1668 1666 1667
1668 1669 1666
1669 1670 1666
1665 1666 1670
1669 1671 1670
1659 1665 1672
1672 1665 1670
1673 1670 1671
1673 1672 1670
1673 1671 1674
1659 1672 1675
1659 1675 1663
1676 1673 1674
1676 1674 1677
1673 1678 1672
1672 1678 1675
1679 1675 1678
1676 1680 1673
1680 1678 1673
1680 1679 1678
1676 1681 1680
1682 1680 1681
1680 1682 1679
1679 1682 1683
1663 1675 1684
1679 1684 1675
1679 1683 1685
1686 1685 1683
1663 1684 1687
1687 1660 1663
1679 1688 1684
1679 1685 1688
1684 1689 1687
1684 1688 1689
1687 1690 1660
1690 1687 1689
1662 1660 1690
1662 1690 1691
1690 1689 1691
1662 1691 1692
1685 1693 1688
1693 1689 1688
1686 1694 1685
1685 1694 1693
1695 1692 1691
1695 1696 1692
1697 1696 1695
1691 1689 1698
1693 1698 1689
1691 1698 1695
1699 1698 1693
1699 1695 1698
1697 1695 1700
1699 1700 1695
1700 1701 1697
1700 1702 1701
1702 1700 1699
1703 1701 1702
1686 1704 1694
1686 1705 1704
1694 1706 1693
1699 1693 1706
1694 1704 1706
1703 1702 1707
1707 1708 1703
1707 1709 1708
1710 1709 1707
1705 1711 1704
1705 1712 1711
1713 1706 1704
1713 1699 1706
1713 1704 1711
1702 1699 1714
1707 1702 1714
1713 1714 1699
1712 1715 1711
1713 1711 1715
1712 1716 1715
1710 1707 1717
1707 1714 1717
1718 1714 1713
1718 1717 1714
1710 1717 1718
1713 1715 1718
1710 1718 1719
1718 1720 1719
1718 1715 1720
1720 1715 1716
1720 1716 1721
1722 1723 1724
1722 1724 1725
1726 1725 1724
1726 1727 1725
1726 1724 1728
1729 1728 1724
1730 1729 1722
1730 1722 1731
1732 1727 1726
1732 1733 1727
1729 1734 1728
1734 1729 1730
1731 1735 1730
1731 1736 1735
1735 1736 1737
1733 1732 1738
1733 1738 1739
1740 1739 1738
1735 1737 1741
1742 1741 1737
1734 1730 1743
1744 1730 1735
1744 1743 1730
1745 1735 1741
1745 1744 1735
1744 1745 1746
1742 1747 1741
1745 1741 1747
1748 1747 1742
1748 1742 1749
1748 1749 1750
1745 1747 1751
1746 1745 1751
1751 1747 1748
1752 1734 1743
1734 1752 1728
1744 1753 1743
1752 1743 1753
1728 1752 1754
1728 1754 1755
1754 1752 1756
1753 1756 1752
1726 1728 1755
1757 1726 1755
1755 1754 1757
1757 1732 1726
1758 1732 1757
1757 1754 1758
1758 1738 1732
1744 1759 1753
1744 1746 1759
1738 1758 1760
1758 1754 1760
1759 1761 1753
1753 1761 1756
1759 1762 1761
1762 1759 1746
1761 1762 1763
1756 1761 1763
1762 1764 1763
1762 1746 1764
1765 1756 1763
1765 1763 1764
1746 1766 1764
1765 1764 1766
1767 1756 1765
1754 1756 1767
1767 1765 1768
1766 1768 1765
1769 1754 1767
1768 1769 1767
1760 1754 1770
1769 1770 1754
1746 1771 1766
1751 1771 1746
1751 1772 1771
1771 1772 1773
1751 1748 1772
1773 1772 1748
1774 1766 1771
1771 1773 1774
1766 1775 1768
1774 1775 1766
1775 1776 1768
1776 1775 1774
1768 1777 1769
1776 1777 1768
1778 1769 1777
1769 1778 1779
1776 1780 1777
1780 1776 1781
1780 1781 1782
1769 1779 1770
1781 1783 1782
1776 1774 1784
1773 1784 1774
1776 1784 1781
1773 1785 1784
1781 1784 1785
1781 1786 1783
1787 1783 1786
1787 1788 1783
1789 1788 1787
1789 1787 1790
1791 1790 1787
1781 1792 1786
1792 1787 1786
1781 1785 1792
1791 1787 1793
1792 1793 1787
1794 1791 1793
1793 1792 1794
1794 1795 1791
1792 1796 1794
1795 1794 1796
1792 1785 1796
1795 1796 1797
1785 1798 1796
1798 1797 1796
1773 1798 1785
1798 1799 1797
1800 1798 1773
1800 1799 1798
1773 1748 1800
1800 1750 1799
1748 1750 1800
1801 1802 1803
1801 1804 1802
1805 1802 1804
1805 1804 1806
1805 1806 1807
1805 1807 1808
1809 1808 1807
1809 1807 1810
1811 1809 1810
1811 1810 1812
1811 1812 1813
1811 1813 1814
1813 1815 1814
1813 1816 1815
1817 1815 1816
1817 1818 1815
1817 1819 1818
1817 1820 1819
1821 1819 1820
1821 1822 1819
1823 1822 1821
1823 1824 1822
1825 1826 1827
1825 1827 1828
1828 1827 1829
1828 1829 1830
1831 1830 1829
1831 1829 1832
1833 1831 1832
1833 1832 1834
1833 1834 1835
1833 1835 1836
1837 1836 1835
1837 1838 1836
1838 1837 1839
1838 1839 1840
1841 1840 1839
1841 1839 1842
1843 1841 1842
1843 1844 1841
1845 1844 1843
1845 1843 1846
1847 1845 1846
1847 1848 1845
1849 1850 1851
1849 1851 1852
1849 1852 1853
1849 1853 1854
1855 1854 1853
1855 1856 1854
1857 1856 1855
1857 1855 1858
1858 1859 1857
1858 1860 1859
1861 1859 1860
1861 1860 1862
1861 1862 1863
1861 1863 1864
1865 1864 1863
1865 1863 1866
1865 1866 1867
1865 1867 1868
1869 1868 1867
1869 1870 1868
1871 1872 1873
1871 1873 1874
1875 1876 1874
1875 1874 1877
1878 1871 1879
1878 1879 1880
1879 1881 1880
1879 1882 1881
1883 1881 1882
1883 1882 1884
1884 1885 1883
1884 1886 1885
1885 1886 1887
1885 1887 1888
1889 1888 1887
1889 1890 1888
1891 1890 1889
1891 1892 1890
1892 1891 1893
1892 1893 1894
1894 1893 1895
1894 1895 1896
1897 1896 1895
1897 1895 1898
1899 1900 1901
1899 1902 1900
1902 1899 1903
1904 1900 1902
1904 1905 1900
1779 1905 1904
1902 1903 1906
1904 1902 1906
1907 1779 1904
1904 1906 1907
1907 1770 1779
1903 1908 1906
1907 1906 1908
1903 1909 1908
1910 1908 1909
1770 1907 1911
1907 1908 1911
1910 1912 1908
1911 1908 1912
1912 1910 1740
1913 1770 1911
1911 1912 1913
1760 1770 1913
1760 1913 1912
1912 1740 1914
1760 1912 1914
1740 1738 1914
1738 1760 1914
1915 1916 1917
1918 1917 1916
1918 1916 1919
1920 1918 1919
1920 1919 1921
1922 1920 1921
1922 1921 1923
1922 1923 1924
1925 1926 1927
1927 1926 1928
1927 1928 1929
1930 1929 1928
1930 1931 1929
1931 1930 1932
1931 1932 1933
1934 1933 1932
1934 1932 1935
1936 1934 1935
1936 1935 1937
1936 1937 1938
1936 1938 1939
1940 1939 1938
1940 1938 1941
1942 1940 1941
1942 1943 1940
1942 1944 1943
1942 1945 1944
1944 1945 1946
1946 1945 1947
1946 1947 1948
1946 1948 1949
1949 1948 1950
1951 1949 1950
1950 1952 1951
1953 1951 1952
1953 1954 1951
1953 1955 1954
1953 1956 1955
1957 1955 1956
1957 1958 1955
1957 1959 1958
1957 1960 1959
1961 1960 1962
1961 1962 1963
1962 1964 1963
1962 1965 1964
1962 1966 1965
1967 1965 1966
1967 1968 1965
1968 1964 1965
1967 1969 1968
1967 1970 1969
1971 1969 1970
1971 1972 1969
1973 1972 1971
1963 1964 1974
1968 1975 1964
1974 1964 1975
1976 1968 1969
1976 1975 1968
1969 1972 1977
1969 1977 1976
1972 1973 1978
1972 1978 1977
1963 1974 1979
1979 1961 1963
1974 1975 1980
1980 1975 1976
1973 1981 1978
1973 1982 1981
1982 1983 1981
1982 1984 1983
1983 1984 1985
1976 1977 1986
1980 1976 1987
1976 1986 1987
1988 1974 1980
1987 1988 1980
1977 1978 1989
1977 1989 1986
1990 1978 1981
1990 1989 1978
1991 1981 1983
1991 1990 1981
1983 1985 1992
1991 1983 1992
1987 1986 1993
1993 1986 1989
1988 1994 1974
1994 1979 1974
1987 1995 1988
1987 1993 1995
1988 1995 1996
1994 1988 1996
1995 1993 1996
1997 1994 1996
1994 1997 1979
1993 1998 1996
1993 1989 1998
1999 1998 1989
1998 1999 1996
1999 1989 1990
2000 1999 1990
1996 1999 2000
2000 1990 1991
2001 1979 1997
2001 1997 1996
1991 2002 2000
2000 2002 1996
2001 2003 1979
1979 2003 1961
1996 2004 2001
2003 2001 2004
1961 2003 2005
2003 2004 2005
1961 2005 2006
2007 2006 2005
2008 2004 1996
2005 2004 2008
2009 2008 1996
2002 2010 1996
2007 2005 2011
2005 2008 2011
2011 2008 2009
2012 2007 2011
2012 2011 2013
2011 2009 2013
2012 2013 2014
2009 2014 2013
2012 2014 2015
2014 2016 2015
2017 2009 1996
2009 2017 2014
2014 2018 2016
2018 2019 2016
2020 2014 2017
2020 2018 2014
2020 2017 1996
2018 2021 2019
2020 2021 2018
2022 2020 1996
2020 2022 2021
2023 2019 2021
2023 2024 2019
2025 2021 2022
2025 2022 1996
2025 2023 2021
2024 2023 2026
2024 2026 2027
2023 2025 2028
2028 2025 1996
2023 2028 2026
2029 2028 1996
2026 2028 2029
2030 2029 1996
2031 2029 2030
2032 2030 1996
2032 2031 2030
2033 2027 2026
2026 2029 2033
2031 2033 2029
2033 2034 2027
2031 2034 2033
2031 2035 2034
2031 2036 2035
2032 2037 2031
2031 2037 2036
2037 2032 2038
2038 2032 1996
2036 2037 2039
2037 2038 2039
2038 2040 2039
2036 2039 2041
2040 2041 2039
2040 2042 2041
2040 2043 2042
2044 2038 1996
2038 2044 2040
2040 2044 2045
2045 2044 1996
2040 2046 2043
2040 2045 2046
2047 2043 2046
2047 2048 2043
2049 2048 2047
2046 2045 2050
2050 2045 1996
2046 2050 2047
2051 2050 1996
2047 2050 2051
2049 2047 2052
2047 2051 2052
2049 2052 2053
2051 2053 2052
2054 2051 1996
2051 2054 2053
2010 2054 1996
2053 2054 2010
2049 2053 2055
2056 2049 2055
2057 2056 2055
2057 2055 2058
2058 2055 2053
2058 1985 2057
2058 1992 1985
2053 2010 2059
2058 2053 2059
1992 2058 2059
2002 2059 2010
1992 2059 2060
2002 2060 2059
1991 1992 2060
1991 2060 2002
2061 2062 2063
2063 2064 2061
2063 2065 2064
2064 2065 2066
2064 2066 2067
2066 2068 2067
2066 2069 2068
2069 2070 2068
2069 2071 2070
2070 2071 2072
2070 2072 2073
2074 2073 2072
2074 2072 2075
2074 2075 2076
2074 2076 2077
2078 2077 2076
2079 2080 2081
2082 2080 2079
2082 2079 2083
2084 2083 2079
2079 2081 2085
2084 2079 2085
2085 2081 2086
2085 2087 2084
2085 2086 2088
2085 2088 2087
2089 2088 2086
2090 2087 2088
2089 2091 2088
2090 2088 2091
2092 2091 2089
2091 2093 2090
2092 2093 2091
2094 2095 2096
2094 2096 2097
2094 2098 2095
2099 2095 2098
2094 2097 2100
2100 2097 2101
2099 2098 2102
2103 2098 2094
2102 2098 2103
2099 2102 2104
2099 2104 2105
2106 2094 2100
2103 2094 2106
2102 2103 2107
2107 2104 2102
2108 2105 2104
2108 2109 2105
2110 2109 2108
2111 2110 2108
2112 2111 2108
2112 2108 2104
2107 2112 2104
2103 2113 2107
2103 2106 2113
2114 2107 2113
2114 2113 2115
2116 2114 2115
2116 2115 2117
2118 2116 2117
2118 2117 2119
2120 2118 2119
2120 2119 2121
2122 2121 2119
2122 2119 2117
2117 2123 2122
2117 2115 2123
2115 2124 2123
2115 2113 2124
2113 2125 2124
2113 2106 2125
2126 2125 2106
2126 2106 2100
2127 2126 2100
2127 2128 2126
2100 2101 2127
2127 2129 2128
2130 2127 2101
2127 2130 2129
2130 2101 2131
2129 2130 2132
2131 2132 2130
2129 2132 2133
2131 2134 2132
2135 2133 2132
2134 2136 2132
2135 2132 2136
2134 2137 2136
2136 2138 2135
2137 2139 2136
2136 2139 2138
2137 2140 2139
2138 2139 2141
2141 2139 2140
2138 2141 2142
2141 2140 2143
2144 2142 2141
2143 2144 2141
2144 2145 2142
2143 2146 2144
2145 2144 2147
2147 2144 2146
2145 2147 2148
2147 2146 2149
2150 2148 2147
2149 2150 2147
2150 2151 2148
2151 2150 2152
2149 2153 2150
2153 2152 2150
2152 2154 2151
2153 2155 2152
2152 2156 2154
2152 2155 2157
2158 2156 2152
2152 2157 2158
2159 2156 2158
2160 2158 2157
2159 2158 2161
2160 2161 2158
2161 2162 2159
2161 2160 2163
2161 2164 2162
2161 2163 2164
2165 2162 2164
2165 2164 2163
2165 2166 2162
2165 2163 2167
2165 2168 2166
2167 2168 2165
2169 2170 2171
2172 2169 2171
2172 2173 2169
2174 2169 2173
2169 2175 2170
2174 2175 2169
2175 2176 2170
2175 2174 2177
2175 2178 2176
2175 2177 2178
2179 2176 2178
2180 2178 2177
2179 2178 2181
2180 2181 2178
2182 2179 2181
2181 2180 2183
2182 2181 2183
2184 2185 2186
2184 2187 2185
2184 2186 2188
2189 2188 2186
2184 2190 2187
2190 2191 2187
2189 2192 2188
2193 2184 2188
2192 2193 2188
2189 2194 2192
2189 2195 2194
2196 2190 2184
2193 2196 2184
2192 2197 2193
2197 2192 2194
2198 2194 2195
2198 2195 2199
2200 2198 2199
2201 2198 2200
2202 2198 2201
2202 2194 2198
2197 2194 2202
2193 2197 2203
2193 2203 2196
2204 2203 2197
2204 2205 2203
2206 2205 2204
2206 2207 2205
2208 2207 2206
2208 2209 2207
2210 2209 2208
2210 2211 2209
2212 2209 2211
2212 2207 2209
2207 2212 2213
2207 2213 2205
2205 2213 2214
2205 2214 2203
2203 2214 2215
2203 2215 2196
2216 2196 2215
2216 2190 2196
2217 2190 2216
2217 2216 2218
2190 2217 2191
2217 2218 2219
2220 2191 2217
2217 2219 2220
2220 2221 2191
2219 2222 2220
2221 2220 2222
2219 2223 2222
2221 2222 2224
2225 2222 2223
2224 2222 2226
2225 2226 2222
2224 2226 2227
2226 2225 2228
2227 2226 2229
2226 2228 2229
2227 2229 2230
2228 2231 2229
2231 2230 2229
2228 2232 2231
2231 2233 2230
2234 2231 2232
2233 2231 2234
2234 2232 2235
2233 2234 2236
2235 2237 2234
2237 2236 2234
2235 2238 2237
2237 2239 2236
2240 2237 2238
2239 2237 2240
2240 2238 2241
2241 2242 2240
2239 2240 2243
2243 2240 2242
2241 2244 2242
2243 2242 2245
2246 2242 2244
2242 2247 2245
2248 2242 2246
2242 2248 2247
2249 2248 2246
2250 2247 2248
2249 2251 2248
2250 2248 2251
2251 2249 2252
2251 2253 2250
2251 2252 2254
2251 2254 2253
2255 2254 2252
2255 2253 2254
2255 2252 2256
2255 2257 2253
2255 2256 2258
2257 2255 2258
2259 2260 2261
2259 2261 2262
2263 2259 2262
2262 2261 2264
2263 2262 2265
2262 2264 2266
2266 2265 2262
2267 2266 2264
2267 2264 2268
2263 2265 2269
2263 2269 2270
2266 2271 2265
2271 2266 2267
2272 2267 2268
2272 2268 2273
2270 2269 2274
2270 2274 2275
2276 2274 2269
2277 2269 2265
2276 2269 2277
2277 2265 2271
2278 2276 2277
2271 2267 2279
2279 2267 2272
2280 2277 2271
2278 2277 2280
2280 2271 2279
2281 2278 2280
2281 2280 2279
2281 2282 2278
2283 2272 2273
2283 2273 2284
2283 2284 2285
2283 2285 2286
2283 2286 2287
2288 2283 2287
2288 2272 2283
2289 2288 2287
2279 2272 2290
2281 2279 2290
2288 2290 2272
2281 2290 2288
2291 2282 2281
2281 2288 2291
2291 2288 2289
2291 2292 2282
2291 2289 2293
2291 2294 2292
2291 2293 2294
2295 2296 2260
2295 2297 2296
2298 2297 2295
2297 2299 2296
2298 2300 2297
2297 2301 2299
2301 2297 2300
2302 2299 2301
2302 2303 2299
2298 2304 2300
2298 2305 2304
2301 2300 2306
2306 2302 2301
2307 2303 2302
2307 2308 2303
2305 2309 2304
2305 2275 2309
2310 2304 2309
2311 2300 2304
2310 2311 2304
2311 2306 2300
2312 2311 2310
2306 2313 2302
2313 2307 2302
2314 2306 2311
2312 2314 2311
2314 2313 2306
2315 2314 2312
2315 2313 2314
2315 2312 2316
2313 2317 2307
2315 2317 2313
2318 2315 2316
2318 2316 2319
2318 2319 2320
2315 2321 2317
2321 2307 2317
2315 2318 2321
2321 2322 2307
2322 2308 2307
2322 2323 2308
2322 2324 2323
2318 2320 2325
2318 2326 2321
2318 2325 2326
2327 2325 2320
2326 2325 2327
2327 2320 2328
2327 2328 2324
2326 2329 2321
2321 2329 2322
2326 2327 2329
2322 2330 2324
2327 2324 2330
2327 2330 2329
2322 2329 2330
2331 2332 2333
2331 2333 2334
2331 2335 2332
2336 2331 2334
2331 2337 2335
2336 2338 2331
2331 2338 2337
2339 2340 2341
197 2340 2339
197 2339 2342
2339 2343 2342
2339 2341 2344
2344 2341 2345
2339 2346 2343
2346 2339 2344
2347 2343 2346
2347 2348 2343
2347 205 2348
2347 2349 205
2350 2349 2347
2346 2350 2347
2350 2351 2349
2352 2351 2350
2346 2344 2353
2346 2353 2350
2344 2345 2354
2354 2353 2344
2355 2354 2345
2355 2345 2356
2355 2356 2357
2352 2350 2358
2358 2350 2353
2359 2352 2358
2359 2360 2352
2361 2360 2359
2354 2362 2353
2358 2353 2362
2355 2362 2354
2359 2358 2362
2355 2363 2362
2359 2362 2363
2355 2364 2363
2359 2363 2364
2355 2357 2365
2355 2365 2364
2361 2359 2366
2359 2364 2366
2357 2367 2365
2357 2368 2367
2367 2368 2369
2361 2366 2370
2361 2370 2371
2371 2372 2369
2367 2369 2372
2371 2370 2372
2365 2367 2373
2365 2373 2364
2372 2373 2367
2366 2374 2370
2366 2364 2374
2370 2374 2372
2364 2373 2374
2372 2374 2373
2375 2376 2377
2375 2378 2376
2375 2379 2378
2375 2377 2380
2381 2380 2377
2382 2379 2375
2380 2382 2375
2382 2383 2379
2384 2383 2382
2380 2384 2382
2384 2385 2383
2386 2385 2384
2381 2387 2380
2387 2384 2380
2388 2387 2381
2386 2384 2389
2387 2389 2384
2390 2386 2389
2390 2389 2391
2391 2389 2387
2391 2392 2390
2388 2393 2387
2391 2387 2393
2391 2394 2392
2394 2391 2393
2394 2395 2392
2396 2393 2388
2394 2393 2396
2396 2388 2397
2394 2398 2395
2398 2394 2396
2398 2399 2395
2400 2396 2397
2398 2396 2400
2400 2397 2401
2398 2402 2399
2400 2402 2398
2402 2403 2399
2401 2404 2400
2400 2404 2402
2401 2405 2404
2402 2406 2403
2404 2406 2402
2405 2407 2404
2404 2407 2406
2407 2403 2406
2405 2408 2407
2407 2409 2403
2409 2407 2408
2409 2408 2410
2411 2410 2412
2411 2412 2413
2414 2413 2412
2411 2413 2415
2411 2415 2416
2414 2417 2413
2417 2415 2413
2418 2417 2414
2419 2416 2415
2417 2419 2415
2419 2420 2416
2418 2421 2417
2421 2419 2417
2421 2418 2422
2423 2420 2419
2421 2423 2419
2423 2424 2420
2421 2422 2425
2425 2423 2421
2425 2422 2426
2424 2423 2427
2425 2427 2423
2424 2427 2428
2425 2426 2429
2429 2427 2425
2430 2429 2426
2428 2427 2431
2429 2431 2427
2428 2431 2432
2433 2432 2431
2430 2434 2429
2431 2429 2434
2433 2431 2435
2431 2434 2435
2435 2436 2433
2435 2437 2436
2434 2437 2435
2437 2438 2436
2439 2434 2430
2434 2439 2437
2439 2430 2440
2437 2441 2438
2439 2441 2437
2442 2438 2441
2440 2443 2439
2439 2443 2441
2442 2441 2443
2440 2444 2443
2442 2443 2444
2442 2444 2378
2445 2446 2447
2448 2445 2447
2445 2449 2446
2449 2450 2446
2449 2451 2450
2451 2452 2450
2451 2453 2452
2451 2454 2453
2455 2451 2449
2451 2455 2454
2455 2449 2445
2456 2454 2455
2456 2455 2457
2457 2455 2445
2458 2456 2457
2448 2459 2445
2457 2445 2459
2460 2459 2448
2460 2461 2459
2461 2457 2459
2461 2460 2462
2458 2457 2463
2461 2463 2457
2461 2462 2464
2464 2463 2461
2464 2462 2465
2466 2458 2463
2464 2466 2463
2466 2467 2458
2464 2465 2468
2468 2466 2464
2468 2465 2469
2470 2467 2466
2468 2470 2466
2470 2471 2467
2468 2469 2472
2470 2468 2472
2472 2469 2473
2471 2470 2474
2470 2472 2474
2471 2474 2475
2472 2473 2476
2474 2472 2476
2475 2474 2477
2474 2476 2477
2477 2476 2473
2475 2477 2478
2477 2473 2479
2479 2478 2477
2479 2480 2478
2481 2482 2480
2481 2483 2482
2484 2482 2483
2481 2485 2483
2481 2486 2485
2484 2483 2487
2487 2483 2485
2488 2484 2487
2489 2485 2486
2487 2485 2489
2489 2486 2490
2488 2487 2491
2491 2487 2489
2491 2492 2488
2493 2489 2490
2491 2489 2493
2493 2490 2494
2491 2495 2492
2495 2491 2493
2495 2496 2492
2494 2497 2493
2495 2493 2497
2494 2498 2497
2495 2499 2496
2499 2495 2497
2500 2496 2499
2498 2501 2497
2499 2497 2501
2498 2502 2501
2503 2501 2502
2500 2499 2504
2501 2504 2499
2503 2505 2501
2501 2505 2504
2505 2503 2506
2505 2506 2507
2504 2505 2507
2507 2506 2508
2509 2500 2504
2504 2507 2509
2509 2510 2500
2507 2508 2511
2509 2507 2511
2512 2511 2508
2510 2509 2513
2509 2511 2513
2512 2513 2511
2510 2513 2514
2512 2514 2513
2512 2452 2514
2515 2516 2517
2515 2518 2516
2515 2517 2519
2515 2520 2518
2515 2519 2521
2515 2522 2520
2515 2521 2523
2515 2524 2522
2515 2523 2525
2515 2526 2524
2515 2525 2527
2515 2528 2526
2515 2527 2529
2515 2530 2528
2515 2529 2531
2515 2532 2530
2515 2531 2533
2515 2534 2532
2515 2533 2535
2515 2535 2534
2536 2537 2538
2539 2537 2536
2536 2538 2540
2539 2536 2541
2542 2540 2538
2542 2538 2543
2544 2542 2543
2544 2543 2545
2539 2541 2546
2539 2546 2547
2545 2548 2544
2545 2549 2548
2546 2550 2547
2546 2551 2550
2550 2551 2552
2550 2552 2553
2554 2553 2552
2554 2555 2553
2555 2554 2556
2555 2556 2557
2558 2548 2549
2558 2559 2548
2560 2559 2558
2560 2558 2561
2562 2557 2556
2562 2563 2557
2561 2564 2560
2561 2565 2564
2566 2564 2565
2566 2567 2564
2567 2566 2568
2567 2568 2569
2570 2569 2568
2570 2571 2569
2572 2571 2570
2572 2573 2571
2562 2574 2563
2574 2573 2572
2562 2575 2574
2574 2575 2573
2576 2577 2578
2576 2578 2579
2576 2580 2577
2576 2579 2581
2576 2582 2580
2576 2581 2583
2576 2584 2582
2576 2583 2585
2576 2586 2584
2576 2585 2587
2576 2588 2586
2576 2587 2589
2576 2590 2588
2576 2589 2591
2576 2592 2590
2576 2591 2593
2576 2594 2592
2576 2593 2595
2576 2596 2594
2576 2595 2596
2597 2598 2599
2600 2597 2599
2597 2601 2598
2600 2602 2597
2603 2598 2601
2603 2604 2598
2605 2604 2603
2605 2606 2604
2600 2607 2602
2600 2608 2607
2606 2605 2609
2606 2609 2610
2607 2608 2611
2607 2611 2612
2611 2613 2612
2611 2614 2613
2615 2613 2614
2615 2614 2616
2616 2617 2615
2616 2618 2617
2619 2610 2609
2619 2609 2620
2621 2619 2620
2621 2622 2619
2623 2617 2618
2623 2618 2624
2622 2621 2625
2622 2625 2626
2627 2626 2625
2627 2625 2628
2628 2629 2627
2628 2630 2629
2631 2629 2630
2631 2630 2632
2633 2631 2632
2633 2632 2634
2623 2624 2635
2635 2633 2634
2623 2635 2636
2635 2634 2636
438 441 2637
448 2637 441
448 2638 2637
448 2639 2638
2640 2638 2639
2641 438 2637
2638 2641 2637
438 2641 439
2641 2642 439
442 439 2642
2640 2643 2638
2643 2640 2644
2638 2645 2641
2642 2641 2645
2646 442 2642
442 2646 443
2643 2647 2638
2638 2647 2645
2643 2644 2648
2648 2647 2643
2642 2649 2646
2649 2642 2645
2646 2650 443
2649 2650 2646
2650 2651 443
2651 2650 2652
2653 2651 2652
2644 2654 2648
2655 2648 2654
2644 833 2654
833 839 2654
839 2655 2654
2649 2656 2650
2650 2656 2652
2657 2653 2652
2657 2658 2653
2655 2659 2648
2648 2659 2647
2660 2647 2659
2645 2647 2660
2645 2661 2649
2660 2661 2645
2660 2659 2662
2662 2659 2655
2661 2660 2662
2649 2661 2663
2656 2649 2663
2652 2656 2664
2652 2664 2657
2665 2658 2657
2665 2666 2658
2667 2666 2665
2661 2662 2668
2663 2661 2668
2669 2656 2663
2669 2664 2656
2663 2668 2669
2670 2657 2664
2670 2665 2657
2670 2664 2669
2671 2665 2670
2667 2665 2672
2671 2672 2665
2673 2667 2672
2673 2672 2671
2673 2674 2667
2675 2674 2673
2675 2673 2676
2673 2677 2676
2673 2678 2677
2673 2671 2678
2678 2679 2677
2670 2669 2680
2671 2670 2680
2681 2678 2671
2678 2681 2679
2682 2679 2681
2682 2683 2679
2681 2671 2684
2671 2680 2684
2681 2684 2682
2680 2682 2684
2685 2680 2669
2680 2685 2682
2685 2669 2668
2668 2686 2685
2682 2685 2686
2668 2662 2686
2662 2655 2686
2687 2683 2682
2682 2686 2687
2687 2686 2655
2687 2688 2683
2687 2655 2689
2688 2687 2689
839 2689 2655
2688 2689 2690
836 2689 839
836 2690 2689
1621 2691 1624
1627 1624 2691
1621 2692 2691
2692 1621 1607
1627 2691 2693
1516 1627 2693
2692 1607 2694
1608 2694 1607
2695 2691 2692
2693 2691 2695
1516 2693 2696
1516 2696 1513
1608 2697 2694
1608 2698 2697
2699 2697 2698
2694 2700 2692
2695 2692 2700
2694 2697 2700
2700 2701 2695
2700 2702 2701
2697 2702 2700
2703 2696 2693
2693 2695 2703
2696 2704 1513
2703 2704 2696
2695 2705 2703
2695 2701 2705
2704 2703 2705
2699 2706 2697
2697 2706 2702
2704 2707 1513
1511 1513 2707
1511 2707 2708
1512 1511 2708
2704 2709 2707
2708 2707 2709
2708 2710 1512
2709 2710 2708
1512 2710 2711
2711 2710 2712
2704 2713 2709
2704 2705 2713
2714 2712 2710
2715 2712 2714
2716 2715 2714
2716 2717 2715
2718 2717 2716
2719 2710 2709
2710 2719 2714
2713 2719 2709
2719 2716 2714
2720 2719 2713
2705 2720 2713
2719 2720 2716
2705 2721 2720
2721 2716 2720
2701 2721 2705
2718 2716 2722
2721 2722 2716
2722 2723 2718
2722 2721 2724
2701 2724 2721
2725 2723 2722
2722 2724 2725
2723 2725 2726
2723 2726 2727
2728 2725 2724
2725 2728 2726
2729 2727 2726
2729 2730 2727
2731 2730 2729
2732 2728 2724
2701 2732 2724
2733 2726 2728
2733 2729 2726
2733 2728 2732
2729 2733 2734
2731 2729 2735
2729 2734 2735
2731 2735 2736
2736 2735 2734
2731 2736 2737
2738 2737 2736
2733 2732 2739
2734 2733 2739
2738 2736 2740
2740 2741 2738
2740 2742 2741
2742 2740 2743
2743 2740 2736
2742 2743 2744
2745 2744 2743
2743 2736 2746
2736 2734 2746
2745 2743 2747
2746 2747 2743
2745 2747 2748
2745 2748 2749
2746 2750 2747
2734 2750 2746
2750 2748 2747
2734 2751 2750
2734 2739 2751
2751 2748 2750
2752 2751 2739
2732 2752 2739
2749 2748 2753
2749 2753 2754
2751 2755 2748
2752 2755 2751
2748 2755 2756
2748 2756 2753
2754 2753 2757
2754 2757 2758
2759 2756 2755
2759 2755 2752
2760 2753 2756
2760 2757 2753
2759 2760 2756
2761 2758 2757
2760 2761 2757
2761 2762 2758
2763 2762 2761
2763 2761 2764
2765 2763 2764
2760 2766 2761
2764 2761 2766
2759 2767 2760
2767 2766 2760
2768 2759 2752
2768 2767 2759
2768 2752 2769
2732 2769 2752
2701 2769 2732
2768 2769 2701
2768 2701 2702
2770 2768 2702
2768 2770 2767
2706 2770 2702
2767 2771 2766
2767 2770 2771
2764 2766 2772
2771 2772 2766
2706 2773 2770
2770 2773 2771
2774 2764 2772
2765 2764 2774
2771 2775 2772
2773 2775 2771
2776 2773 2706
2699 2776 2706
2699 2777 2776
2773 2776 2778
2778 2776 2777
2773 2778 2775
2778 2777 2779
2780 2772 2775
2780 2775 2778
2779 2780 2778
2774 2772 2780
2779 2781 2780
2774 2780 2781
2782 2765 2774
2774 2781 2782
2782 2783 2765
2784 2782 2781
2783 2782 2784
2783 2784 2785
2784 2781 2786
2784 2787 2785
2788 2784 2786
2784 2788 2787
2788 2786 2789
2790 2787 2788
2789 2791 2788
2790 2788 2791
2789 2792 2791
2793 2791 2792
2794 2790 2791
2793 2794 2791
2794 2795 2790
2796 2795 2794
2793 2797 2794
2796 2794 2797
2793 2798 2797
2797 2798 2799
2800 2798 2793
2796 2797 2801
2797 2799 2801
2796 2801 2802
2803 2802 2801
2803 2801 2804
2804 2801 2799
2804 2805 2803
2804 2806 2805
2806 2807 2805
2800 2808 2798
2799 2798 2808
2804 2799 2809
2806 2804 2809
2810 2808 2800
2810 2800 2811
2811 2812 2810
2811 2813 2812
1358 2812 2813
2808 2810 2814
2810 2812 2814
2799 2808 2815
2808 2814 2815
2816 2799 2815
2816 2809 2799
2817 2815 2814
2817 2816 2815
2818 2817 2814
2812 2818 2814
1358 2819 2812
1358 1351 2819
1348 2819 1351
2812 2819 2820
2820 2819 1348
2812 2820 2818
1348 1349 2820
2820 1349 2821
2821 2818 2820
1352 2821 1349
2822 2816 2817
2817 2818 2822
2823 2821 1352
1352 1353 2823
2824 2818 2821
2821 2823 2824
2818 2824 2822
2823 1353 2825
2824 2823 2825
2825 1353 2826
2822 2827 2816
2827 2809 2816
2824 2828 2822
2828 2827 2822
2824 2825 2829
2829 2828 2824
2826 2830 2825
2825 2830 2829
2831 2830 2826
2827 2832 2809
2806 2809 2832
2828 2833 2827
2833 2828 2829
2832 2827 2833
2834 2830 2831
2834 2831 2835
2830 2836 2829
2833 2829 2836
2830 2834 2836
2832 2833 2837
2837 2806 2832
2838 2833 2836
2838 2836 2834
2838 2837 2833
2839 2837 2838
2840 2834 2835
2838 2834 2840
2839 2838 2840
2840 2835 2841
2842 2840 2841
2837 2843 2806
2839 2843 2837
2844 2806 2843
2844 2843 2839
2806 2844 2807
2845 2807 2844
2844 2839 2845
2846 2845 2839
2845 2847 2807
2846 2847 2845
2846 2848 2847
2849 2848 2846
2849 2846 2850
2846 2842 2850
2842 2851 2840
2839 2840 2851
2846 2851 2842
2846 2839 2851
