byte offset: 0
first index: 0
index count: 2808
topology: trianglelist
format: DXGI_FORMAT_R16_UINT

0 1 2
3 0 2
3 2 4
5 3 4
5 4 6
7 5 6
7 6 8
9 7 8
9 8 10
9 10 11
9 11 12
13 12 11
13 14 12
13 15 14
13 16 15
17 14 15
17 18 14
17 19 18
16 20 15
16 21 20
22 17 15
22 15 20
23 19 17
24 19 23
25 24 23
23 26 25
27 26 23
28 23 17
27 23 28
28 17 22
29 27 28
28 30 29
28 31 30
22 31 28
32 30 31
21 33 20
21 34 33
35 33 34
20 36 22
22 36 31
20 33 36
32 31 37
37 31 36
37 38 32
35 39 33
39 35 40
41 36 33
37 36 41
41 33 39
39 40 42
41 39 42
40 43 42
37 41 44
37 44 38
41 42 44
43 45 42
42 45 44
38 44 45
45 43 46
38 45 47
46 47 45
48 49 50
48 50 51
52 53 54
52 54 55
56 57 58
56 58 59
60 61 62
60 62 63
64 65 66
64 66 67
68 69 70
71 69 68
71 72 69
73 72 71
73 74 72
75 74 73
75 76 74
77 76 75
77 78 76
77 79 78
77 80 79
81 79 80
81 80 82
81 82 83
81 83 84
85 83 82
85 82 86
85 86 87
84 83 88
84 88 89
90 83 85
90 88 83
91 85 87
92 91 87
93 91 92
91 93 94
95 91 94
96 85 91
95 96 91
96 90 85
97 96 95
96 97 98
96 98 99
90 96 99
100 99 98
89 88 101
89 101 102
103 102 101
88 90 104
90 99 104
88 104 101
100 105 99
105 104 99
105 100 106
103 101 107
107 108 103
109 101 104
105 109 104
109 107 101
107 110 108
109 110 107
108 110 111
105 112 109
105 106 112
109 112 110
111 110 113
110 112 113
106 113 112
113 114 111
106 115 113
114 113 115
116 117 118
116 119 117
120 119 116
119 121 117
121 122 117
120 123 119
124 123 120
124 125 123
123 126 119
119 126 121
125 127 123
123 127 126
125 128 127
129 127 128
129 130 127
126 127 130
131 130 129
122 121 132
122 132 133
121 126 134
126 130 134
121 134 132
131 135 130
135 134 130
136 135 131
137 133 132
134 137 132
137 138 133
139 138 137
140 139 137
141 140 137
142 141 137
143 142 137
143 137 144
145 144 137
146 144 145
147 146 145
148 147 145
148 145 149
150 149 145
145 137 151
134 151 137
135 151 134
151 152 145
151 135 152
150 145 152
150 152 153
150 153 154
136 152 135
136 153 152
153 155 154
136 156 153
153 157 155
158 153 156
153 159 157
158 159 153
159 160 157
159 158 161
162 160 159
159 161 163
162 159 163
164 162 163
165 164 163
166 163 161
166 165 163
167 165 166
168 167 166
168 166 169
170 168 169
170 169 171
170 171 172
170 172 173
172 174 173
172 175 174
174 175 176
174 176 177
176 178 177
176 179 178
179 180 178
179 181 180
181 182 180
181 183 182
183 184 182
183 185 184
185 186 184
185 187 186
187 188 186
189 190 191
189 192 190
189 193 192
189 194 193
194 195 193
194 196 195
196 197 195
196 198 197
198 199 197
199 198 200
198 201 200
198 202 201
202 203 201
203 202 204
202 205 204
204 205 206
206 205 207
205 208 207
208 209 207
209 208 210
209 210 211
210 212 211
210 213 212
213 214 212
213 215 214
213 216 215
216 217 215
218 217 216
218 219 217
220 219 218
220 218 221
222 220 221
221 223 222
220 222 224
222 225 224
220 224 226
224 227 226
224 228 227
225 228 224
225 229 228
230 229 225
225 231 230
225 232 231
232 233 231
232 234 233
235 233 234
235 234 236
236 234 237
222 238 225
238 232 225
223 238 222
223 239 238
239 240 238
238 240 232
239 241 240
241 242 240
242 232 240
241 243 242
242 243 244
242 245 232
232 245 234
242 244 246
246 245 242
244 247 246
234 245 248
246 248 245
234 248 249
234 249 237
237 249 250
237 250 251
251 250 252
253 252 250
253 254 252
253 255 254
253 256 255
257 250 249
248 257 249
257 253 250
246 258 248
248 258 257
247 259 246
246 259 258
253 257 260
258 260 257
261 256 253
253 260 261
262 256 261
262 263 256
262 264 263
265 264 262
265 262 266
267 266 262
268 259 247
268 247 269
270 268 269
271 259 268
271 258 259
258 271 260
272 261 260
272 260 271
262 261 273
272 273 261
270 274 268
275 274 270
268 276 271
268 274 276
272 271 276
275 276 274
272 276 277
275 277 276
278 262 273
267 262 278
272 277 279
279 273 272
280 277 275
280 275 281
282 280 281
283 279 277
283 277 280
282 284 280
284 283 280
285 284 282
279 286 273
283 286 279
285 287 284
287 285 288
284 289 283
287 289 284
273 290 278
273 286 290
283 291 286
289 291 283
286 292 290
286 291 292
289 293 291
292 291 293
287 288 294
295 294 288
295 296 294
296 287 294
295 297 296
287 298 289
296 298 287
298 293 289
297 299 296
299 298 296
297 300 299
301 299 300
299 302 298
298 302 293
301 303 299
303 302 299
304 293 302
303 304 302
301 305 303
305 304 303
301 306 305
305 306 307
305 307 308
308 307 309
304 310 293
292 293 310
305 311 304
311 305 308
304 312 310
304 311 312
313 292 310
313 310 312
312 311 314
311 308 314
315 314 308
308 309 316
315 308 316
317 316 309
312 314 318
318 313 312
318 314 315
317 319 316
319 315 316
319 317 320
319 320 321
322 319 321
322 323 319
319 323 315
315 323 324
325 323 322
325 324 323
326 324 325
327 324 326
328 324 327
328 329 324
315 324 330
330 324 329
318 315 330
330 329 331
332 331 329
333 331 332
334 331 333
335 318 330
335 330 331
318 335 313
336 331 334
336 335 331
337 336 334
337 338 336
338 335 336
337 339 338
340 313 335
340 335 338
292 313 340
292 340 290
340 278 290
339 341 338
339 342 341
342 343 341
338 344 340
338 341 344
340 344 278
344 341 343
345 278 344
345 344 343
345 267 278
345 343 346
267 345 347
347 345 346
267 347 348
347 346 349
350 348 347
351 347 349
350 347 351
351 349 352
350 351 353
353 351 352
353 352 354
350 353 355
356 353 354
355 353 357
356 357 353
355 357 358
359 357 356
358 357 359
359 356 360
358 359 361
362 363 364
362 364 365
366 367 368
366 368 369
370 371 372
370 372 373
374 375 376
374 376 377
378 379 380
378 380 381
382 383 384
382 384 385
386 387 388
386 388 389
390 391 392
390 392 393
394 395 396
394 396 397
398 399 400
398 400 401
402 403 404
402 404 405
402 405 406
402 406 407
407 406 408
407 408 409
407 409 410
409 411 410
409 412 411
412 413 411
413 414 411
413 415 414
414 415 416
416 417 414
417 418 414
417 419 418
419 420 418
420 421 418
420 422 421
422 423 421
422 424 423
423 424 425
423 425 426
425 427 426
426 427 428
426 428 429
428 430 429
431 429 430
431 430 432
433 431 432
433 432 434
435 433 434
435 436 433
434 437 435
435 437 438
434 439 437
437 439 440
437 440 441
438 437 441
438 441 442
443 438 442
438 443 444
438 444 445
445 444 446
445 446 447
448 447 446
448 449 447
449 450 447
435 438 451
451 438 445
436 435 451
436 451 452
452 451 453
451 445 453
452 453 454
454 453 455
455 453 445
454 455 456
455 457 456
455 445 458
445 447 458
455 459 457
459 455 458
457 459 460
447 461 458
459 458 461
447 462 461
447 450 462
450 463 462
450 464 463
464 465 463
466 463 465
466 465 467
466 467 468
466 468 469
470 462 463
461 462 470
470 463 466
459 461 471
461 470 471
460 459 472
459 471 472
466 473 470
471 470 473
474 466 469
466 474 473
475 474 469
475 469 476
475 476 477
478 475 477
478 479 475
480 475 479
481 460 472
481 482 460
483 482 481
484 481 472
484 472 471
471 473 484
485 473 474
485 484 473
486 474 475
485 474 486
483 481 487
488 483 487
481 484 489
481 489 487
485 489 484
488 487 489
485 490 489
488 489 490
491 486 475
480 491 475
485 492 490
492 485 486
493 488 490
493 494 488
495 494 493
496 490 492
496 493 490
495 493 497
497 493 496
498 495 497
492 486 499
496 492 499
498 497 500
500 501 498
497 496 502
500 497 502
486 503 499
486 491 503
496 499 504
502 496 504
499 503 505
499 505 504
502 504 506
505 506 504
500 507 501
508 501 507
508 507 509
509 507 500
508 509 510
500 502 511
509 500 511
511 502 506
510 509 512
512 509 511
510 512 513
514 513 512
512 511 515
511 506 515
514 512 516
516 512 515
517 515 506
516 515 517
514 516 518
518 516 517
514 518 519
518 520 519
518 521 520
521 522 520
517 506 523
505 523 506
518 517 524
524 521 518
517 523 525
517 525 524
526 523 505
526 525 523
525 527 524
524 527 521
528 521 527
521 529 522
528 529 521
530 522 529
525 531 527
531 525 526
531 528 527
530 529 532
532 529 528
532 533 530
532 534 533
535 534 532
535 532 536
532 528 536
528 537 536
538 535 536
538 536 537
539 538 537
540 539 537
541 540 537
541 537 542
528 543 537
543 542 537
531 543 528
543 544 542
545 542 544
546 545 544
547 546 544
548 543 531
548 544 543
531 526 548
549 547 544
549 544 548
550 547 549
550 549 551
551 549 548
550 551 552
553 548 526
553 551 548
505 553 526
505 503 553
553 503 491
552 551 554
552 554 555
554 556 555
551 553 557
551 557 554
553 491 557
557 556 554
558 557 491
558 556 557
558 491 480
558 559 556
480 560 558
560 559 558
480 561 560
560 562 559
563 560 561
564 562 560
563 564 560
564 565 562
563 566 564
566 565 564
566 567 565
563 568 566
569 567 566
568 570 566
569 566 570
568 571 570
572 569 570
571 572 570
572 573 569
571 574 572
575 576 577
575 577 578
579 575 578
578 577 580
580 577 581
579 578 582
583 579 582
583 582 584
582 578 585
578 580 585
584 582 586
582 585 586
584 586 587
588 587 586
588 586 589
585 589 586
590 588 589
581 591 580
581 592 591
580 593 585
585 593 589
580 591 593
590 589 594
594 589 593
595 590 594
596 591 592
593 591 596
596 592 597
598 596 597
599 596 598
600 596 599
601 596 600
602 596 601
602 603 596
604 596 603
605 604 603
606 604 605
607 604 606
607 608 604
609 604 608
604 610 596
593 596 610
594 593 610
610 604 611
610 611 594
609 611 604
609 612 611
609 613 612
595 594 611
595 611 612
612 613 614
595 612 615
612 614 616
617 615 612
612 616 618
617 612 618
618 616 619
618 620 617
621 618 619
618 622 620
621 622 618
623 622 621
624 622 623
625 620 622
625 622 624
626 625 624
627 625 626
627 628 625
629 628 627
629 630 628
629 631 630
629 632 631
631 632 633
631 633 634
633 635 634
633 636 635
635 636 637
635 637 638
638 637 639
638 639 640
640 639 641
640 641 642
642 641 643
642 643 644
644 643 645
644 645 646
646 645 647
648 649 650
651 650 649
648 652 649
648 653 652
653 654 652
649 655 651
656 651 655
654 657 652
654 658 657
658 659 657
660 656 655
660 661 656
660 662 661
663 649 652
663 652 664
657 664 652
649 663 665
649 665 655
666 655 665
666 660 655
657 667 664
668 660 666
669 667 657
657 659 669
669 670 667
668 671 660
672 671 668
662 660 671
672 673 671
673 662 671
672 674 673
673 675 662
674 675 673
659 676 669
677 669 676
659 678 676
678 679 676
676 679 680
680 677 676
680 681 677
681 682 677
682 683 677
683 684 677
683 685 684
685 686 684
684 686 687
677 688 669
684 688 677
670 669 688
689 670 688
690 689 688
684 690 688
690 691 689
684 687 692
690 684 692
687 693 692
692 693 694
695 691 690
695 690 692
694 695 692
696 691 695
694 696 695
697 698 699
699 698 700
697 701 698
701 697 702
703 701 702
704 701 703
704 703 705
706 704 705
707 704 706
707 708 704
709 708 707
710 708 709
711 708 710
698 712 700
698 701 712
712 701 704
712 713 700
704 714 712
712 714 713
704 708 714
713 714 715
715 714 716
708 716 714
716 717 715
711 718 708
708 718 716
718 711 719
720 718 719
721 718 720
721 716 718
716 722 717
722 716 721
723 722 721
722 724 717
725 722 723
722 726 724
725 726 722
727 726 725
728 724 726
729 726 727
728 726 730
729 730 726
729 731 730
730 732 728
733 730 731
730 734 732
730 733 734
735 732 734
736 734 733
735 734 737
737 734 736
737 736 738
739 735 737
737 738 740
739 737 741
740 741 737
742 739 741
743 741 740
742 741 743
743 740 744
742 743 745
745 743 744
