byte offset: 0
first index: 83607
index count: 3396
topology: trianglelist
format: DXGI_FORMAT_R16_UINT

22284 22285 22286
22284 22287 22285
22288 22287 22284
22285 22287 22289
22285 22289 22290
22288 22291 22287
22292 22291 22288
22290 22289 22293
22290 22293 22294
22293 22295 22294
22287 22296 22289
22287 22291 22296
22292 22297 22291
22298 22297 22292
22289 22299 22293
22289 22296 22299
22291 22300 22296
22291 22297 22300
22298 22301 22297
22301 22298 22302
22296 22303 22299
22296 22300 22303
22293 22299 22304
22303 22304 22299
22293 22305 22295
22293 22304 22305
22297 22306 22300
22297 22301 22306
22301 22302 22307
22308 22307 22302
22295 22305 22309
22295 22309 22310
22300 22311 22303
22300 22306 22311
22312 22306 22301
22312 22301 22307
22308 22313 22307
22314 22313 22308
22307 22313 22315
22307 22315 22312
22314 22316 22313
22315 22313 22316
22317 22316 22314
22318 22306 22312
22318 22311 22306
22317 22319 22316
22320 22319 22317
22321 22318 22312
22321 22312 22315
22322 22311 22318
22321 22322 22318
22315 22316 22323
22323 22316 22319
22315 22324 22321
22315 22323 22324
22320 22325 22319
22326 22325 22320
22322 22327 22311
22303 22311 22327
22321 22328 22322
22324 22328 22321
22329 22322 22328
22327 22322 22329
22329 22328 22330
22324 22330 22331
22323 22332 22324
22324 22332 22330
22323 22319 22333
22323 22333 22332
22303 22327 22334
22303 22334 22304
22327 22329 22335
22329 22336 22335
22334 22327 22337
22334 22337 22338
22304 22334 22338
22338 22337 22336
22319 22339 22333
22319 22325 22339
22333 22340 22332
22333 22339 22340
22340 22330 22332
22340 22341 22330
22330 22342 22329
22329 22342 22336
22330 22343 22342
22340 22344 22343
22339 22344 22340
22345 22341 22344
22345 22344 22346
22336 22342 22347
22325 22348 22339
22339 22348 22344
22344 22349 22347
22344 22348 22349
22325 22350 22348
22326 22350 22325
22351 22350 22326
22352 22348 22350
22351 22352 22350
22352 22349 22348
22353 22352 22351
22353 22354 22352
22354 22349 22352
22355 22354 22353
22349 22356 22347
22336 22347 22356
22357 22336 22356
22349 22358 22356
22354 22358 22349
22357 22356 22358
22355 22359 22354
22360 22359 22355
22361 22358 22354
22357 22358 22361
22361 22354 22359
22360 22362 22359
22363 22362 22360
22364 22361 22359
22357 22361 22364
22364 22359 22362
22363 22365 22362
22366 22365 22363
22366 22367 22365
22368 22365 22367
22369 22362 22365
22369 22364 22362
22368 22369 22365
22370 22364 22369
22357 22364 22370
22357 22370 22371
22372 22369 22368
22370 22369 22372
22371 22370 22372
22372 22368 22373
22374 22372 22373
22371 22372 22374
22374 22373 22375
22310 22374 22375
22310 22309 22374
22309 22371 22374
22357 22371 22376
22357 22376 22336
22338 22336 22376
22338 22376 22371
22309 22377 22371
22338 22371 22377
22305 22377 22309
22304 22338 22377
22305 22304 22377
22378 22379 22380
22378 22381 22379
22378 22382 22381
22381 22383 22379
22381 22382 22384
22382 22385 22384
22381 22386 22383
22381 22384 22386
22386 22387 22383
22386 22388 22387
22386 22384 22388
22388 22389 22387
22390 22387 22389
22384 22391 22388
22389 22388 22391
22384 22385 22392
22391 22384 22392
22390 22389 22393
22389 22394 22393
22395 22390 22393
22393 22396 22395
22393 22397 22396
22394 22397 22393
22398 22396 22397
22389 22391 22399
22389 22399 22394
22400 22399 22391
22394 22399 22400
22391 22392 22401
22400 22391 22401
22392 22385 22402
22392 22403 22401
22402 22403 22392
22401 22404 22400
22401 22403 22404
22394 22400 22405
22405 22400 22404
22402 22385 22406
22406 22385 22407
22408 22406 22407
22408 22407 22409
22408 22409 22410
22402 22411 22403
22403 22412 22404
22403 22411 22412
22405 22404 22413
22413 22404 22412
22394 22405 22414
22413 22414 22405
22415 22402 22406
22402 22415 22411
22416 22406 22408
22415 22406 22416
22408 22410 22417
22416 22408 22417
22411 22418 22412
22411 22415 22418
22415 22416 22419
22416 22417 22419
22415 22419 22418
22420 22417 22410
22420 22410 22421
22422 22412 22418
22413 22412 22422
22413 22422 22423
22422 22418 22424
22424 22418 22419
22424 22423 22422
22425 22419 22417
22424 22419 22425
22425 22417 22420
22421 22426 22420
22421 22427 22426
22426 22427 22428
22425 22429 22424
22424 22429 22423
22420 22430 22425
22420 22426 22430
22425 22430 22429
22426 22428 22431
22430 22426 22431
22432 22431 22428
22429 22430 22433
22430 22431 22433
22432 22434 22431
22434 22433 22431
22434 22435 22433
22429 22433 22436
22435 22436 22433
22423 22429 22436
22435 22437 22436
22437 22438 22436
22423 22436 22438
22437 22439 22438
22438 22439 22440
22438 22440 22441
22423 22438 22441
22441 22440 22442
22423 22441 22443
22413 22423 22443
22413 22443 22414
22444 22443 22441
22441 22442 22444
22444 22414 22443
22442 22445 22444
22414 22444 22445
22442 22446 22445
22445 22446 22447
22414 22445 22448
22394 22414 22448
22394 22448 22397
22448 22445 22449
22448 22449 22397
22445 22447 22449
22398 22397 22449
22447 22398 22449
22447 22450 22398
22450 22451 22398
22450 22452 22451
22453 22398 22451
22452 22453 22451
22454 22455 22456
22454 22456 22457
22458 22457 22456
22459 22454 22457
22458 22460 22457
22460 22458 22461
22459 22457 22462
22460 22462 22457
22460 22461 22463
22464 22463 22461
22465 22459 22462
22465 22466 22459
22467 22466 22465
22460 22468 22462
22468 22460 22463
22464 22469 22463
22470 22469 22464
22470 22471 22469
22467 22465 22472
22473 22467 22472
22474 22465 22462
22474 22462 22468
22474 22472 22465
22469 22475 22463
22468 22463 22475
22471 22476 22469
22469 22476 22475
22471 22477 22476
22478 22476 22477
22478 22479 22476
22479 22475 22476
22479 22478 22480
22481 22468 22475
22481 22474 22468
22479 22481 22475
22474 22482 22472
22482 22474 22481
22483 22481 22479
22482 22481 22483
22479 22480 22484
22483 22479 22484
22482 22485 22472
22473 22472 22485
22486 22473 22485
22480 22487 22484
22480 22488 22487
22488 22489 22487
22488 22490 22489
22491 22489 22490
22492 22484 22487
22492 22483 22484
22492 22487 22489
22493 22482 22483
22482 22493 22485
22493 22483 22492
22486 22485 22494
22493 22494 22485
22495 22486 22494
22492 22496 22493
22493 22496 22494
22495 22494 22497
22497 22494 22496
22498 22495 22497
22492 22499 22496
22492 22489 22499
22498 22497 22500
22501 22498 22500
22497 22496 22502
22499 22502 22496
22502 22500 22497
22489 22503 22499
22499 22503 22502
22501 22500 22504
22505 22501 22504
22489 22506 22503
22491 22506 22489
22502 22507 22500
22507 22504 22500
22508 22502 22503
22506 22508 22503
22508 22507 22502
22491 22509 22506
22506 22509 22508
22491 22510 22509
22511 22509 22510
22511 22512 22509
22512 22508 22509
22512 22511 22513
22505 22504 22514
22515 22505 22514
22507 22516 22504
22516 22514 22504
22517 22507 22508
22512 22517 22508
22517 22516 22507
22512 22513 22518
22517 22512 22518
22518 22513 22519
22515 22514 22520
22521 22515 22520
22516 22522 22514
22522 22516 22517
22522 22520 22514
22521 22520 22523
22524 22521 22523
22517 22518 22525
22522 22517 22525
22518 22519 22526
22527 22526 22519
22528 22525 22518
22528 22522 22525
22528 22518 22526
22522 22529 22520
22529 22523 22520
22528 22529 22522
22527 22530 22526
22530 22528 22526
22531 22530 22527
22524 22523 22532
22533 22524 22532
22529 22534 22523
22534 22532 22523
22535 22529 22528
22530 22535 22528
22535 22534 22529
22531 22536 22530
22536 22535 22530
22536 22531 22537
22534 22535 22538
22536 22538 22535
22534 22539 22532
22534 22538 22539
22533 22532 22540
22539 22540 22532
22536 22537 22541
22542 22541 22537
22542 22543 22541
22544 22536 22541
22543 22544 22541
22544 22538 22536
22543 22545 22544
22546 22539 22538
22546 22538 22544
22545 22546 22544
22539 22546 22540
22545 22547 22546
22546 22547 22540
22547 22548 22540
22533 22540 22548
22549 22533 22548
22550 22551 22552
22551 22553 22552
22551 22554 22553
22555 22552 22553
22556 22553 22554
22553 22557 22555
22558 22555 22557
22558 22557 22559
22556 22560 22553
22560 22557 22553
22560 22556 22561
22560 22561 22562
22563 22557 22560
22559 22557 22563
22562 22564 22560
22563 22560 22564
22565 22564 22562
22564 22565 22566
22564 22566 22567
22563 22564 22567
22566 22568 22567
22566 22569 22568
22568 22569 22570
22568 22570 22571
22568 22571 22572
22568 22572 22573
22573 22567 22568
22572 22574 22573
22573 22574 22575
22563 22567 22576
22576 22567 22573
22577 22573 22575
22576 22573 22577
22577 22575 22578
22577 22578 22579
22580 22577 22579
22580 22576 22577
22581 22576 22580
22581 22563 22576
22559 22563 22581
22559 22581 22582
22559 22582 22583
22584 22559 22583
22584 22583 22585
22586 22585 22583
22585 22586 22587
22588 22587 22586
22589 22587 22588
22588 22586 22590
22591 22590 22586
22592 22586 22583
22591 22586 22592
22582 22592 22583
22592 22593 22591
22592 22594 22593
22594 22592 22595
22582 22595 22592
22596 22594 22595
22595 22597 22596
22582 22598 22595
22595 22598 22597
22582 22599 22598
22581 22599 22582
22581 22600 22599
22597 22598 22601
22597 22601 22602
22601 22603 22602
22601 22604 22603
22601 22605 22604
22606 22601 22598
22601 22606 22605
22599 22606 22598
22605 22606 22607
22606 22608 22607
22600 22609 22599
22599 22609 22606
22609 22608 22606
22600 22610 22609
22609 22611 22608
22609 22610 22611
22612 22613 22614
22612 22614 22615
22616 22612 22615
22614 22617 22615
22614 22618 22617
22616 22615 22619
22620 22616 22619
22618 22621 22617
22618 22622 22621
22621 22622 22623
22615 22617 22624
22615 22624 22619
22620 22619 22625
22626 22620 22625
22617 22621 22627
22617 22627 22624
22619 22624 22628
22619 22628 22625
22626 22625 22629
22629 22630 22626
22624 22627 22631
22624 22631 22628
22621 22632 22627
22631 22627 22632
22621 22623 22633
22621 22633 22632
22625 22628 22634
22625 22634 22629
22629 22635 22630
22636 22630 22635
22623 22637 22633
22623 22638 22637
22628 22631 22639
22628 22639 22634
22640 22629 22634
22640 22635 22629
22636 22635 22641
22642 22636 22641
22635 22643 22641
22635 22640 22643
22642 22641 22644
22643 22644 22641
22645 22642 22644
22646 22640 22634
22646 22634 22639
22645 22644 22647
22648 22645 22647
22649 22640 22646
22649 22643 22640
22650 22646 22639
22649 22646 22650
22643 22651 22644
22651 22647 22644
22643 22649 22652
22643 22652 22651
22648 22647 22653
22654 22648 22653
22650 22639 22655
22631 22655 22639
22649 22650 22656
22652 22649 22656
22657 22656 22650
22655 22657 22650
22657 22658 22656
22652 22659 22658
22651 22652 22660
22652 22658 22660
22651 22661 22647
22651 22660 22661
22662 22660 22658
22662 22658 22663
22661 22660 22664
22647 22661 22665
22661 22664 22665
22647 22665 22653
22655 22666 22657
22657 22666 22667
22658 22657 22668
22657 22667 22668
22658 22668 22669
22664 22669 22670
22665 22664 22670
22671 22670 22663
22671 22672 22670
22667 22673 22668
22653 22665 22674
22665 22670 22674
22670 22673 22675
22670 22675 22674
22667 22676 22673
22675 22673 22676
22677 22676 22667
22677 22667 22678
22677 22678 22679
22653 22674 22680
22654 22653 22680
22681 22654 22680
22682 22680 22674
22681 22680 22682
22682 22674 22675
22683 22681 22682
22683 22682 22684
22684 22682 22675
22685 22683 22684
22675 22676 22686
22677 22686 22676
22684 22675 22686
22685 22684 22687
22688 22685 22687
22689 22684 22686
22677 22689 22686
22689 22687 22684
22688 22687 22690
22691 22688 22690
22692 22687 22689
22677 22692 22689
22692 22690 22687
22691 22690 22693
22694 22691 22693
22694 22693 22695
22696 22695 22693
22697 22693 22690
22697 22690 22692
22696 22693 22697
22677 22698 22692
22698 22697 22692
22677 22679 22698
22699 22696 22697
22698 22699 22697
22679 22699 22698
22699 22700 22696
22701 22700 22699
22679 22701 22699
22701 22702 22700
22638 22702 22701
22638 22701 22637
22637 22701 22679
22637 22679 22703
22633 22637 22703
22633 22703 22632
22704 22703 22679
22632 22703 22704
22704 22679 22678
22632 22704 22705
22631 22632 22705
22631 22705 22655
22705 22704 22706
22705 22706 22655
22707 22678 22708
22707 22708 22706
22709 22710 22711
22709 22711 22712
22709 22712 22713
22712 22711 22714
22712 22715 22713
22713 22715 22716
22712 22714 22717
22712 22717 22715
22717 22714 22718
22717 22718 22719
22717 22719 22715
22718 22720 22719
22721 22720 22718
22715 22719 22722
22720 22722 22719
22715 22723 22716
22722 22723 22715
22721 22724 22720
22720 22724 22725
22726 22724 22721
22724 22726 22727
22724 22727 22728
22725 22724 22728
22729 22728 22727
22720 22730 22722
22720 22725 22730
22731 22722 22730
22725 22731 22730
22722 22732 22723
22731 22732 22722
22723 22733 22716
22723 22732 22734
22733 22723 22734
22732 22731 22735
22732 22735 22734
22725 22736 22731
22736 22735 22731
22733 22737 22716
22737 22738 22716
22739 22738 22737
22739 22740 22738
22739 22741 22740
22733 22734 22742
22734 22735 22743
22734 22743 22742
22736 22744 22735
22744 22743 22735
22725 22745 22736
22744 22736 22745
22746 22737 22733
22733 22742 22746
22747 22739 22737
22746 22747 22737
22739 22748 22741
22747 22748 22739
22742 22743 22749
22742 22749 22746
22746 22750 22747
22747 22750 22748
22746 22749 22750
22751 22741 22748
22751 22752 22741
22753 22749 22743
22744 22753 22743
22744 22754 22753
22753 22755 22749
22755 22750 22749
22755 22753 22754
22756 22748 22750
22755 22756 22750
22756 22751 22748
22752 22751 22757
22752 22757 22758
22757 22759 22758
22756 22755 22760
22755 22754 22760
22751 22756 22761
22751 22761 22757
22756 22760 22761
22757 22762 22759
22761 22762 22757
22432 22759 22762
22432 22762 22763
22761 22764 22762
22763 22762 22764
22760 22764 22761
22763 22764 22765
22760 22766 22764
22765 22764 22766
22754 22766 22760
22765 22766 22767
22767 22766 22768
22754 22768 22766
22767 22768 22769
22768 22770 22769
22768 22771 22770
22754 22771 22768
22771 22772 22770
22754 22773 22771
22744 22773 22754
22744 22745 22773
22774 22771 22773
22771 22774 22772
22774 22773 22745
22772 22774 22775
22745 22775 22774
22772 22775 22776
22775 22777 22776
22745 22778 22775
22725 22778 22745
22725 22728 22778
22778 22779 22775
22778 22728 22779
22775 22779 22777
22729 22779 22728
22777 22779 22729
22777 22729 22780
22780 22729 22781
22780 22781 22782
22783 22781 22729
22782 22781 22783
22784 22785 22786
22784 22787 22785
22788 22785 22787
22789 22787 22784
22788 22787 22790
22790 22791 22788
22789 22792 22787
22790 22787 22792
22790 22793 22791
22794 22791 22793
22795 22792 22789
22795 22789 22796
22797 22795 22796
22790 22792 22798
22798 22793 22790
22794 22793 22799
22800 22794 22799
22800 22799 22801
22797 22802 22795
22803 22802 22797
22804 22792 22795
22804 22798 22792
22804 22795 22802
22799 22793 22805
22798 22805 22793
22801 22799 22806
22799 22805 22806
22801 22806 22807
22808 22807 22806
22808 22806 22809
22809 22806 22805
22809 22810 22808
22811 22805 22798
22811 22798 22804
22809 22805 22811
22804 22802 22812
22812 22811 22804
22813 22809 22811
22812 22813 22811
22809 22814 22810
22813 22814 22809
22812 22802 22815
22803 22815 22802
22816 22815 22803
22810 22814 22817
22810 22817 22818
22818 22817 22819
22818 22819 22820
22821 22820 22819
22822 22817 22814
22822 22814 22813
22822 22819 22817
22823 22813 22812
22812 22815 22823
22823 22822 22813
22816 22824 22815
22823 22815 22824
22825 22824 22816
22822 22823 22826
22823 22824 22826
22825 22827 22824
22827 22826 22824
22828 22827 22825
22822 22826 22829
22822 22829 22819
22828 22830 22827
22831 22830 22828
22827 22832 22826
22829 22826 22832
22832 22827 22830
22819 22829 22833
22829 22832 22833
22831 22834 22830
22835 22834 22831
22819 22833 22836
22821 22819 22836
22832 22830 22837
22837 22830 22834
22838 22833 22832
22836 22833 22838
22838 22832 22837
22821 22836 22839
22836 22838 22839
22821 22839 22840
22841 22840 22839
22841 22839 22842
22842 22839 22838
22842 22843 22841
22835 22844 22834
22845 22844 22835
22837 22834 22846
22846 22834 22844
22847 22838 22837
22842 22838 22847
22847 22837 22846
22842 22848 22843
22847 22848 22842
22848 22849 22843
22845 22850 22844
22851 22850 22845
22846 22844 22852
22852 22847 22846
22852 22844 22850
22851 22853 22850
22854 22853 22851
22847 22855 22848
22852 22855 22847
22848 22856 22849
22857 22849 22856
22858 22848 22855
22858 22855 22852
22858 22856 22848
22852 22850 22859
22859 22850 22853
22858 22852 22859
22857 22856 22860
22860 22856 22858
22861 22857 22860
22854 22862 22853
22863 22862 22854
22859 22853 22864
22864 22853 22862
22865 22858 22859
22860 22858 22865
22865 22859 22864
22861 22860 22866
22866 22860 22865
22866 22867 22861
22864 22868 22865
22866 22865 22868
22864 22862 22869
22864 22869 22868
22863 22870 22862
22869 22862 22870
22866 22871 22867
22872 22867 22871
22872 22871 22873
22874 22871 22866
22873 22871 22874
22874 22866 22868
22873 22874 22875
22876 22868 22869
22876 22874 22868
22875 22874 22876
22869 22870 22876
22875 22876 22877
22876 22870 22877
22877 22870 22878
22863 22878 22870
22879 22878 22863
22880 22881 22882
22880 22883 22881
22884 22881 22883
22884 22883 22885
22886 22884 22885
22886 22887 22884
22888 22887 22886
22888 22889 22887
22890 22889 22888
22890 22891 22889
22892 22893 22894
22892 22895 22893
22896 22895 22892
22896 22892 22897
22896 22897 22898
22896 22898 22899
22899 22898 22900
22899 22900 22901
22900 22902 22901
22900 22903 22902
22904 22905 22906
22904 22906 22907
22908 22904 22907
22908 22909 22904
22910 22907 22906
22910 22906 22911
22910 22911 22912
22913 22909 22908
22913 22914 22909
22908 22915 22913
22916 22908 22907
22908 22916 22915
22916 22907 22910
22916 22917 22915
22910 22912 22918
22918 22912 22919
22920 22916 22910
22916 22920 22917
22920 22910 22918
22917 22920 22921
22921 22920 22918
22917 22921 22922
22918 22919 22923
22921 22918 22923
22923 22919 22924
22923 22924 22925
22926 22923 22925
22926 22921 22923
22922 22921 22926
22922 22926 22927
22928 22929 22927
22928 22930 22929
22930 22931 22929
22930 22928 22932
22930 22933 22931
22934 22931 22933
22930 22932 22935
22933 22930 22935
22932 22936 22935
22932 22937 22936
22935 22936 22938
22933 22935 22939
22935 22938 22939
22934 22933 22940
22940 22933 22939
22941 22939 22938
22940 22939 22941
22941 22938 22942
22941 22942 22943
22934 22940 22944
22944 22940 22941
22934 22944 22945
22944 22914 22945
22941 22943 22946
22944 22941 22946
22946 22943 22947
22946 22947 22948
22949 22946 22948
22949 22944 22946
22944 22949 22914
22950 22914 22951
22952 22950 22951
22950 22953 22914
22953 22950 22954
22953 22954 22955
22954 22956 22955
22954 22957 22956
22958 22957 22954
22950 22958 22954
22958 22959 22957
22952 22960 22950
22950 22960 22958
22961 22959 22958
22960 22961 22958
22961 22962 22959
22963 22960 22952
22960 22963 22961
22963 22952 22964
22965 22963 22964
22966 22962 22961
22963 22966 22961
22966 22967 22962
22965 22968 22963
22963 22968 22966
22969 22967 22966
22968 22969 22966
22969 22970 22967
22968 22971 22969
22971 22968 22965
22971 22965 22927
22927 22972 22973
22927 22973 22974
22975 22973 22972
22975 22972 22976
22974 22973 22977
22974 22977 22978
22977 22979 22978
22977 22980 22979
22973 22981 22977
22981 22980 22977
22973 22975 22981
22981 22982 22980
22983 22982 22981
22975 22983 22981
22983 22984 22982
22976 22985 22975
22975 22985 22983
22976 22986 22985
22987 22984 22983
22985 22987 22983
22987 22988 22984
22989 22985 22986
22985 22989 22987
22989 22986 22990
22991 22988 22987
22989 22991 22987
22991 22992 22988
22989 22993 22991
22990 22993 22989
22990 22914 22993
22994 22995 22996
22994 22997 22995
22997 22998 22995
22994 22999 22997
22994 23000 22999
22999 23000 23001
22997 23002 22998
23002 23003 22998
22997 22999 23004
22997 23004 23002
22999 23001 23005
23004 22999 23005
23001 23006 23005
23002 23007 23003
23007 23008 23003
23002 23004 23009
23002 23009 23007
23004 23005 23010
23005 23006 23010
23009 23004 23010
23007 23011 23008
23011 23012 23008
23010 23006 23013
23009 23010 23013
23007 23009 23014
23014 23009 23013
23007 23014 23011
23013 23006 23015
23014 23013 23015
23015 23006 23016
23017 23015 23016
23017 23014 23015
23011 23014 23017
23011 23017 23018
23011 23018 23012
23019 23012 23020
23019 23021 23012
23019 23020 23022
23023 23021 23019
23023 23024 23021
23019 23022 23025
23023 23019 23025
23026 23024 23023
23026 23027 23024
23022 23028 23025
23022 23029 23028
23028 23029 23030
23023 23025 23031
23026 23023 23031
23025 23028 23032
23032 23028 23030
23025 23032 23031
23033 23027 23026
23033 23034 23027
23035 23032 23030
23031 23032 23035
23026 23031 23036
23031 23035 23036
23033 23026 23036
23037 23035 23030
23036 23035 23037
23038 23037 23030
23036 23037 23039
23039 23037 23038
23033 23036 23039
23039 23038 23040
23041 23039 23040
23041 23033 23039
23041 23034 23033
23041 22996 23034
