byte offset: 0
first index: 0
index count: 12312
topology: trianglelist
format: DXGI_FORMAT_R16_UINT

0 1 2
3 1 4
3 5 1
6 5 3
6 3 7
7 8 6
7 9 8
10 8 9
10 9 11
12 10 11
12 13 10
14 13 12
14 15 13
15 14 16
17 18 19
20 21 22
20 21 23
24 25 26
27 24 26
27 28 24
29 28 27
29 30 28
31 30 29
31 32 30
33 32 31
33 34 32
35 34 33
35 33 36
37 35 36
37 38 35
38 37 39
38 39 40
39 41 40
39 42 41
43 41 42
43 44 41
45 44 43
45 46 44
47 46 45
47 48 46
49 48 47
49 50 48
50 49 51
50 51 52
52 51 53
52 53 54
54 53 55
56 57 58
56 58 59
59 60 56
59 58 61
59 62 60
62 63 60
59 61 64
64 62 59
64 61 65
62 66 63
67 63 66
64 68 62
68 66 62
64 65 69
64 69 68
70 69 65
70 71 69
71 68 69
72 71 70
71 73 68
73 66 68
72 74 71
74 73 71
74 72 75
67 66 76
76 77 67
73 78 66
76 66 78
74 79 73
78 73 79
74 75 80
80 79 74
80 75 81
80 81 82
79 80 82
83 82 81
78 79 84
84 76 78
83 85 82
86 85 83
79 82 87
84 79 87
87 82 85
86 88 85
88 86 89
87 85 90
90 85 88
84 87 91
90 91 87
84 92 76
92 84 91
88 89 93
93 89 94
90 88 95
95 88 93
92 96 76
76 96 77
92 91 97
97 96 92
90 98 91
95 98 90
97 91 98
95 93 99
99 98 95
93 94 100
99 93 100
96 101 77
102 77 101
102 101 103
102 103 104
105 103 101
105 101 106
96 106 101
97 107 96
106 96 107
97 98 108
107 97 108
99 109 98
108 98 109
99 100 110
109 99 110
111 104 103
111 112 104
106 107 113
107 108 114
107 114 113
108 109 115
115 114 108
116 115 109
109 110 116
117 114 115
114 117 113
116 117 115
116 113 117
118 106 113
116 118 113
110 118 116
118 105 106
110 119 118
100 119 110
119 120 118
118 120 105
100 121 119
121 120 119
121 100 94
121 94 122
121 123 120
123 124 120
105 120 124
123 125 124
126 125 123
122 126 127
122 127 128
126 129 125
125 130 124
105 124 130
129 131 125
125 131 130
129 132 131
105 130 133
131 133 130
134 131 132
131 134 133
134 132 135
133 136 105
134 136 133
105 136 103
135 137 134
134 137 136
135 138 137
103 136 139
137 139 136
138 140 137
137 140 139
138 141 140
103 139 142
142 139 140
142 111 103
143 140 141
142 140 143
143 111 142
143 141 144
143 145 111
144 145 143
112 111 145
144 146 145
112 145 147
147 145 146
148 112 147
147 146 149
148 147 150
150 147 149
150 149 151
152 153 154
152 154 155
156 155 154
156 157 155
157 156 158
157 158 159
160 159 158
160 161 159
162 161 160
162 160 163
163 164 162
163 165 164
165 166 164
165 167 166
168 166 167
168 167 169
170 168 169
170 169 171
171 172 170
171 173 172
174 172 173
174 173 175
176 177 178
176 178 179
179 180 176
179 181 180
180 181 182
180 182 183
183 182 184
183 184 185
185 184 186
185 186 187
188 187 186
188 189 187
190 189 188
190 191 189
192 191 190
192 193 191
193 192 194
193 194 195
196 195 194
196 197 195
197 196 198
197 198 199
200 201 202
200 202 203
204 200 203
204 205 200
206 207 202
206 208 207
208 209 207
208 210 209
210 211 209
210 212 211
213 211 212
213 212 214
214 215 213
214 216 215
216 217 215
216 218 217
218 219 217
218 220 219
220 221 219
220 222 221
223 221 222
223 222 224
225 223 224
225 224 226
227 228 229
227 230 228
231 230 227
231 232 230
232 231 233
232 233 234
235 234 233
235 236 234
237 236 235
237 238 236
239 238 237
239 240 238
241 240 239
241 242 240
243 242 241
243 244 242
244 243 245
244 245 246
247 246 245
247 204 246
248 249 250
248 251 249
252 251 248
251 253 249
252 254 251
255 254 252
251 256 253
257 253 256
256 251 258
258 251 254
256 259 257
256 258 259
260 257 259
255 261 254
261 255 262
261 262 263
264 261 263
264 263 265
266 254 261
266 261 264
267 264 265
267 266 264
267 265 268
258 254 269
269 254 266
269 270 258
259 258 270
271 269 266
267 271 266
271 270 269
272 267 268
272 268 273
271 267 274
272 274 267
259 270 275
271 276 270
276 275 270
271 274 277
277 276 271
275 278 259
260 259 278
278 279 260
278 280 279
281 279 280
275 282 278
280 278 282
276 283 275
283 282 275
281 280 284
284 285 281
280 282 286
286 284 280
284 287 285
287 288 285
289 283 276
277 289 276
283 290 282
286 282 290
286 291 284
291 287 284
287 292 288
293 288 292
293 292 294
295 292 287
291 295 287
294 292 296
295 296 292
294 296 297
291 286 298
286 290 298
299 290 283
289 299 283
295 291 300
291 298 300
296 295 301
295 300 301
297 296 302
296 301 302
297 302 303
304 298 290
299 304 290
300 298 305
304 305 298
301 300 306
300 305 306
302 301 307
301 306 307
308 303 302
308 309 303
302 307 310
308 302 310
308 311 309
309 311 312
304 299 313
304 313 314
314 305 304
299 315 313
314 316 305
316 306 305
299 289 315
316 317 306
318 315 289
307 306 317
318 289 277
307 317 319
320 318 277
310 307 319
320 277 274
310 319 321
274 322 320
321 308 310
321 323 308
274 272 322
311 308 323
311 323 324
311 324 325
311 325 312
326 312 325
326 327 312
272 328 322
272 329 328
330 328 329
272 273 329
331 330 329
331 329 273
332 331 273
333 334 335
333 336 334
337 336 333
337 333 338
337 338 339
336 340 334
337 341 336
336 341 340
342 334 340
334 342 343
334 343 344
345 343 342
345 342 346
342 340 347
341 347 340
346 342 347
348 346 347
348 347 341
349 348 341
350 346 348
350 348 349
350 351 346
350 349 352
349 353 352
349 341 354
337 354 341
349 354 355
337 355 354
349 356 353
349 355 356
337 357 355
337 339 357
353 356 358
353 358 359
358 360 359
356 355 361
357 361 355
356 361 358
362 357 339
357 362 361
362 339 363
358 364 360
364 365 360
366 358 361
366 361 362
366 364 358
367 362 363
366 362 367
367 363 368
369 367 368
364 370 365
364 371 370
364 366 371
367 371 366
367 372 371
369 372 367
373 365 374
373 375 365
373 374 376
377 375 373
377 378 375
379 378 377
373 376 380
380 377 373
381 380 376
381 376 382
369 381 382
369 383 381
381 383 384
381 384 385
380 381 385
385 384 386
380 387 377
380 385 387
379 377 388
388 377 387
389 379 388
389 390 379
391 390 389
385 386 392
392 387 385
393 392 386
393 386 394
393 394 395
388 387 396
392 396 387
389 388 396
393 396 392
389 396 397
393 397 396
389 397 398
393 398 397
391 389 399
389 398 399
393 395 400
393 400 398
391 399 401
391 401 402
395 403 400
395 404 403
403 404 405
402 406 405
402 401 406
403 405 406
399 407 401
399 398 407
401 407 406
400 403 408
400 408 398
398 408 407
406 407 408
406 408 403
409 410 411
409 412 410
412 409 413
412 414 410
412 413 415
415 413 416
412 417 414
414 417 418
412 419 417
412 415 419
417 419 418
415 416 420
419 415 420
421 420 416
421 422 420
419 423 418
419 420 423
422 423 420
423 424 418
422 424 423
425 426 427
427 426 428
428 426 429
429 430 428
429 431 430
431 429 432
433 430 431
433 431 434
434 431 432
435 433 434
436 433 435
434 432 437
438 435 434
434 437 438
437 432 439
439 432 440
440 441 439
440 442 441
443 441 442
443 442 444
444 445 443
444 446 445
441 443 447
445 447 443
439 441 448
441 447 448
437 439 449
439 448 449
446 450 445
446 451 450
438 437 452
437 449 452
445 453 447
453 445 450
451 454 450
451 455 454
455 456 454
455 457 456
456 457 458
456 458 459
459 458 460
454 456 461
459 461 456
450 454 462
454 461 462
460 463 459
460 464 463
453 450 465
450 462 465
459 466 461
466 459 463
463 464 467
467 464 468
469 467 468
469 470 467
471 470 469
472 463 467
472 467 470
471 473 470
473 472 470
473 471 474
466 463 475
472 475 463
476 461 466
475 476 466
473 474 477
474 478 477
473 479 472
477 479 473
476 480 461
462 461 480
472 481 475
481 472 479
462 480 482
465 462 482
465 482 483
483 453 465
483 484 453
484 447 453
484 485 447
485 448 447
485 486 448
449 448 486
449 486 487
452 449 487
485 484 488
485 488 489
489 486 485
489 490 486
487 486 490
484 491 488
484 483 491
487 490 492
493 491 483
493 483 482
493 494 491
495 487 492
452 487 495
495 492 496
497 452 495
438 452 497
496 498 495
497 495 498
496 499 498
497 500 438
438 500 435
499 501 498
499 502 501
503 497 498
497 503 500
503 498 501
504 435 500
436 435 504
505 501 502
505 502 506
503 507 500
504 500 507
436 504 508
507 508 504
436 508 509
510 503 501
503 510 507
510 501 505
511 505 506
511 506 512
507 513 508
513 507 510
514 510 505
514 505 511
513 510 514
508 515 509
513 515 508
516 511 512
516 512 517
518 513 514
513 518 515
509 515 519
518 519 515
509 519 520
511 521 514
518 514 521
511 516 521
522 516 517
522 517 523
518 524 519
524 518 521
525 520 519
524 525 519
525 526 520
516 527 521
516 522 527
524 521 527
523 528 522
523 529 528
522 530 527
524 527 530
522 528 530
524 531 525
531 524 530
526 525 532
532 525 531
526 532 533
529 534 528
529 535 534
536 530 528
536 528 534
531 530 537
537 530 536
535 538 534
535 539 538
540 536 534
536 540 537
540 534 538
539 541 538
539 542 541
538 543 540
538 541 543
532 531 544
544 531 537
540 545 537
545 540 543
546 544 537
532 544 546
546 537 545
532 546 547
533 532 547
533 547 548
549 546 545
547 546 549
548 547 550
549 550 547
548 550 551
550 552 551
552 550 553
553 550 549
552 553 554
555 545 543
549 545 555
556 553 549
555 556 549
553 557 554
556 557 553
558 554 557
543 559 555
559 556 555
559 557 556
559 543 541
558 557 560
559 560 557
558 560 561
559 541 562
562 560 559
562 541 542
563 562 542
542 564 563
562 565 560
565 562 563
566 561 560
566 560 565
564 567 563
567 564 568
565 563 569
569 563 567
566 570 561
571 561 570
572 566 565
572 565 569
569 573 572
574 569 567
569 574 573
572 575 566
566 575 570
567 576 574
576 567 568
571 570 577
571 577 578
574 579 573
576 579 574
572 580 575
580 572 573
581 578 577
582 578 581
582 581 583
583 584 582
585 584 583
585 583 586
587 585 586
581 588 583
588 586 583
589 581 577
589 588 581
587 586 590
591 587 590
592 589 577
592 577 570
586 588 593
590 586 593
594 588 589
592 594 589
588 594 595
588 595 593
591 590 596
596 597 591
598 592 570
598 570 575
599 594 592
594 599 595
596 600 597
601 597 600
592 598 602
592 602 599
575 603 598
575 580 603
598 604 602
603 604 598
605 602 604
604 603 606
605 607 602
607 599 602
608 607 605
606 603 609
580 609 603
609 610 606
607 611 599
595 599 611
608 612 607
611 607 612
613 612 608
614 609 580
580 573 614
611 615 595
593 595 615
613 616 612
617 616 613
611 612 618
618 615 611
618 612 616
609 614 619
619 610 609
614 573 620
619 614 620
617 621 616
621 617 622
618 616 623
615 618 623
621 623 616
621 622 624
624 622 625
620 573 626
579 626 573
621 627 623
624 627 621
624 625 628
628 625 629
624 630 627
628 630 624
631 623 627
631 627 630
628 629 632
632 629 633
628 634 630
634 628 632
632 633 635
636 635 633
637 623 631
637 615 623
638 630 634
631 630 638
634 632 639
639 632 635
636 640 635
641 640 636
642 615 637
593 615 642
590 593 642
590 642 637
590 637 596
631 596 637
631 600 596
638 600 631
638 634 643
643 634 639
638 644 600
643 644 638
601 600 644
645 601 644
643 645 644
646 601 645
643 639 647
647 645 643
646 645 648
647 648 645
649 647 639
639 635 649
649 635 640
646 648 650
646 650 651
648 647 652
649 652 647
648 652 650
649 640 653
653 652 649
654 650 652
653 654 652
650 655 651
654 655 650
653 640 656
641 656 640
656 641 657
654 653 658
653 656 658
656 657 659
658 656 659
659 657 660
654 658 661
655 654 661
651 655 662
651 662 663
658 659 664
661 658 664
659 660 665
664 659 665
666 665 660
655 661 667
655 667 662
668 663 662
662 667 668
668 669 663
669 668 670
671 669 670
672 671 670
661 673 667
661 664 673
673 674 667
666 675 665
675 666 676
664 665 677
673 664 677
675 677 665
674 673 678
673 677 678
674 678 679
675 676 680
680 676 681
675 682 677
678 677 682
680 682 675
683 679 678
678 682 683
683 684 679
684 683 685
685 683 682
684 685 686
680 687 682
685 682 687
686 685 688
687 688 685
686 688 689
680 681 690
690 687 680
689 688 691
689 691 692
687 693 688
690 693 687
694 690 681
694 681 695
688 693 696
688 696 691
693 690 697
694 697 690
693 697 696
692 691 698
692 698 699
698 700 699
691 696 701
691 701 698
698 702 700
702 698 701
702 703 700
696 697 704
696 704 701
703 702 705
703 705 706
702 701 707
707 705 702
708 707 701
708 701 704
697 709 704
697 694 709
705 710 706
710 711 706
712 711 710
707 713 705
713 707 708
714 708 704
714 704 709
712 710 715
716 712 715
717 710 705
717 715 710
717 705 713
716 715 718
718 715 717
718 719 716
718 720 719
719 720 721
718 717 722
720 718 722
714 723 708
713 708 723
717 713 724
724 722 717
713 723 725
713 725 724
724 726 722
724 725 726
727 720 722
727 722 726
720 728 721
720 727 728
729 725 723
714 729 723
725 730 726
725 729 730
731 727 726
726 730 731
721 728 732
721 732 733
727 734 728
727 731 734
728 735 732
728 734 735
736 733 732
736 737 733
737 736 738
737 738 739
740 739 738
741 736 732
735 741 732
741 742 736
742 738 736
743 741 735
743 742 741
744 735 734
743 735 744
731 745 734
744 734 745
740 738 746
747 740 746
731 748 745
730 748 731
747 746 749
750 747 749
748 730 751
729 751 730
752 743 744
753 744 745
752 744 753
748 754 745
753 745 754
755 748 751
748 755 754
752 756 743
743 756 742
756 757 742
742 757 738
738 757 758
746 738 758
756 759 757
759 758 757
752 760 756
759 756 760
753 761 752
754 762 753
753 762 761
755 763 754
754 763 762
752 764 760
752 761 764
746 758 765
759 766 758
766 765 758
759 760 767
766 759 767
746 765 768
768 749 746
760 769 767
760 764 769
766 767 770
770 767 769
766 771 765
771 768 765
771 766 770
772 761 762
773 764 761
773 761 772
764 774 769
764 773 774
770 769 775
774 775 769
771 770 776
776 770 775
771 777 768
777 771 776
772 762 778
778 762 763
779 768 777
768 779 749
778 763 780
780 763 755
779 781 749
750 749 781
780 755 782
751 782 755
750 781 783
750 783 784
751 785 782
729 785 751
784 783 786
784 786 787
787 786 788
787 788 789
790 789 788
729 791 785
791 729 714
790 788 792
792 793 790
791 714 794
794 714 709
792 795 793
478 793 795
794 709 796
796 709 694
478 795 797
477 478 797
796 694 798
694 695 798
477 797 799
799 479 477
799 800 479
481 479 800
481 800 801
475 481 801
475 801 802
475 802 476
803 476 802
803 480 476
804 802 801
803 802 804
801 800 805
801 805 804
806 800 799
800 806 805
799 797 807
799 807 806
803 808 480
482 480 808
482 808 493
797 809 807
797 795 809
809 795 810
810 795 792
810 792 811
811 792 788
812 809 810
812 810 811
813 807 809
812 813 809
806 807 814
813 814 807
806 814 815
805 806 815
815 816 805
804 805 816
811 788 817
812 811 818
818 811 817
819 813 812
819 812 818
820 814 813
819 820 813
815 814 821
820 821 814
788 822 817
786 822 788
818 817 823
823 817 822
824 816 815
815 821 824
819 818 825
823 825 818
820 819 826
821 820 827
820 826 827
824 821 828
821 827 828
819 825 829
819 829 826
823 822 830
823 831 825
830 831 823
825 831 832
825 832 829
830 822 833
786 833 822
830 834 831
834 832 831
786 835 833
835 786 783
830 833 836
836 834 830
836 833 835
835 783 837
837 783 781
836 835 838
837 838 835
836 839 834
838 839 836
834 840 832
839 840 834
829 832 841
841 832 840
837 781 842
779 842 781
837 843 838
842 843 837
838 844 839
843 844 838
839 845 840
844 845 839
842 779 846
779 777 846
829 841 847
847 826 829
842 848 843
842 846 848
845 849 840
841 840 849
846 777 850
777 776 850
847 851 826
851 827 826
850 776 852
776 775 852
851 853 827
853 828 827
852 775 854
774 854 775
853 855 828
855 824 828
855 856 824
816 824 856
816 856 857
804 816 857
804 857 858
858 803 804
858 859 803
859 808 803
859 860 808
860 493 808
860 861 493
493 861 494
862 855 853
863 856 855
862 863 855
864 863 862
863 865 856
865 863 864
857 856 865
858 857 866
857 865 866
867 862 853
867 853 851
864 862 868
868 862 867
858 866 869
859 858 869
866 865 870
865 864 870
871 867 851
871 851 847
869 866 872
866 870 872
873 871 847
873 847 841
874 873 841
874 841 849
859 869 875
869 872 876
875 869 876
877 872 870
876 872 877
870 878 877
870 864 878
876 877 879
880 878 864
881 876 879
875 876 881
881 879 882
859 875 883
875 881 883
859 883 860
880 864 884
884 885 880
868 884 864
886 860 883
886 861 860
887 883 881
883 887 886
881 882 888
887 881 888
884 889 885
890 885 889
884 868 891
884 891 889
868 867 891
867 892 891
892 889 891
867 871 892
890 889 893
892 893 889
893 894 890
895 892 871
892 895 893
873 895 871
893 896 894
893 895 896
895 897 896
873 898 895
873 899 898
873 874 899
896 900 894
874 901 899
896 902 900
902 896 903
904 900 902
902 903 905
874 906 901
906 874 849
906 907 901
904 902 908
905 908 902
906 849 909
845 909 849
906 910 907
910 906 909
910 911 907
911 910 912
911 912 913
912 914 913
904 908 915
916 904 915
905 917 908
915 908 917
905 918 917
918 919 917
915 917 919
918 920 919
921 916 915
919 921 915
922 916 921
923 919 920
919 923 921
923 920 924
923 924 925
926 921 923
922 921 926
923 925 927
926 923 927
925 928 927
928 926 927
925 929 928
930 928 929
931 922 926
928 931 926
922 931 932
922 932 933
934 933 932
935 931 928
935 932 931
930 935 928
936 934 932
936 932 935
935 930 937
936 935 937
938 934 936
938 939 934
940 936 937
940 937 930
940 930 941
939 938 942
939 942 943
944 938 936
944 936 940
930 945 941
945 930 914
912 945 914
912 941 945
946 942 938
946 938 944
943 942 947
943 947 948
942 946 949
942 949 947
948 947 950
948 950 951
951 950 952
953 947 949
953 950 947
950 954 952
954 955 952
956 955 954
957 950 953
957 954 950
956 954 958
959 956 958
960 954 957
960 958 954
961 960 957
962 958 960
959 958 963
962 963 958
964 963 962
965 959 963
961 957 966
966 957 953
967 961 966
964 968 963
965 963 968
968 964 969
965 968 970
971 965 970
968 969 972
972 973 968
973 974 971
972 969 975
966 953 976
949 976 953
972 975 977
978 977 975
977 979 972
977 980 979
978 981 977
981 980 977
494 981 978
981 982 980
494 983 981
983 982 981
861 983 494
861 886 983
983 886 984
983 984 982
886 985 984
886 887 985
888 985 887
986 982 984
986 984 985
888 987 985
987 986 985
882 987 888
882 988 987
988 989 987
987 989 986
988 990 989
991 989 990
989 991 986
982 986 991
982 991 992
991 993 994
993 995 994
996 993 997
998 997 974
999 974 1000
972 1001 1000
1002 1003 1004
1005 1002 1004
1005 1006 1002
1007 1005 1004
1007 1008 1005
1005 1008 1009
1006 1005 1010
1005 1009 1010
1006 1010 1011
1010 1009 1012
1011 1010 1012
1011 1012 1013
1012 1014 1013
1015 1012 1009
1012 1016 1014
1015 1016 1012
1017 1014 1016
1018 1016 1015
1017 1016 1018
1019 1017 1018
1018 1015 1020
1019 1018 1020
1020 1021 1019
1022 1021 1020
1023 1024 1025
1023 1026 1024
1026 1027 1024
1026 1028 1027
1026 1023 1029
1026 1030 1028
1030 1031 1028
1026 1029 1032
1032 1030 1026
1030 1033 1031
1032 1033 1030
1033 1034 1031
1029 1035 1032
1032 1035 1033
1029 1036 1035
1033 1037 1034
1037 1033 1035
1037 1038 1034
1036 1039 1035
1037 1035 1039
1036 1040 1039
1037 1041 1038
1039 1041 1037
1041 1042 1038
1043 1039 1040
1039 1043 1041
1043 1040 1044
1043 1045 1041
1041 1045 1042
1046 1043 1044
1043 1046 1045
1046 1044 1047
1048 1046 1047
1045 1046 1049
1048 1049 1046
1050 1045 1049
1042 1045 1050
1048 1050 1049
1050 1051 1042
1042 1051 1052
1048 1053 1050
1053 1051 1050
1048 1054 1053
1053 1055 1051
1054 1055 1053
1051 1055 1052
1054 1056 1055
1052 1055 1056
1052 1056 1057
1058 1059 1060
1060 1059 1007
1061 1062 1063
1061 1063 1064
1064 1063 1065
1063 1066 1065
1063 1067 1066
1068 1067 1063
1068 1069 1067
1064 1065 1070
1066 1071 1065
1065 1072 1070
1065 1071 1072
1071 1073 1072
1074 1073 1071
1066 1074 1071
1072 1073 1075
1070 1072 1075
1076 1074 1066
1067 1076 1066
1077 1073 1074
1076 1077 1074
1078 1064 1070
1079 1064 1078
1079 1080 1064
1070 1075 1081
1078 1070 1081
1075 1073 1082
1081 1075 1082
1067 1083 1076
1084 1077 1076
1083 1084 1076
1085 1083 1067
1085 1067 1086
1087 1083 1085
1087 1088 1083
1083 1088 1084
1089 1088 1087
1089 1090 1088
1090 1084 1088
1084 1091 1077
1091 1073 1077
1092 1091 1084
1090 1092 1084
1092 1093 1091
1093 1073 1091
1093 1092 1094
1090 1094 1092
1095 1073 1093
1093 1094 1095
1096 1073 1095
1097 1073 1096
1096 1098 1097
1099 1073 1097
1099 1097 1098
1095 1100 1096
1095 1094 1100
1096 1100 1098
1090 1101 1094
1101 1100 1094
1102 1101 1090
1102 1090 1103
1101 1104 1100
1104 1098 1100
1105 1104 1101
1105 1101 1106
1107 1104 1105
1107 1108 1104
1104 1108 1098
1109 1108 1107
1109 1110 1108
1110 1098 1108
1111 1110 1109
1110 1112 1098
1099 1098 1112
1111 1113 1110
1113 1112 1110
1114 1099 1112
1113 1114 1112
1111 1115 1113
1115 1114 1113
1111 1116 1115
1114 1117 1099
1117 1073 1099
1116 1118 1115
1116 1119 1118
1120 1118 1119
1115 1121 1114
1121 1117 1114
1118 1121 1115
1121 1122 1117
1122 1073 1117
1118 1123 1121
1123 1122 1121
1120 1124 1118
1124 1123 1118
1123 1125 1122
1125 1073 1122
1120 1126 1124
1120 1127 1126
1124 1128 1123
1128 1125 1123
1126 1128 1124
1127 1129 1126
1127 1130 1129
1130 1131 1129
1128 1132 1125
1132 1073 1125
1126 1133 1128
1133 1132 1128
1129 1133 1126
1131 1134 1129
1131 1135 1134
1134 1135 1136
1137 1134 1136
1137 1136 1138
1137 1138 1139
1137 1139 1140
1141 1073 1132
1133 1141 1132
1129 1142 1133
1134 1142 1129
1142 1141 1133
1143 1073 1141
1142 1143 1141
1144 1073 1143
1145 1073 1144
1134 1146 1142
1146 1143 1142
1146 1144 1143
1137 1146 1134
1147 1144 1146
1137 1147 1146
1147 1145 1144
1137 1140 1148
1148 1147 1137
1145 1147 1149
1148 1149 1147
1140 1150 1148
1140 1151 1150
1145 1149 1152
1152 1073 1145
1148 1153 1149
1152 1149 1153
1148 1150 1153
1151 1154 1150
1151 1155 1154
1152 1153 1156
1156 1073 1152
1150 1157 1153
1156 1153 1157
1150 1154 1157
1158 1154 1155
1158 1155 1159
1158 1159 1160
1156 1157 1161
1161 1073 1156
1154 1162 1157
1162 1161 1157
1154 1158 1162
1162 1163 1161
1163 1073 1161
1158 1164 1162
1164 1163 1162
1158 1160 1165
1158 1165 1164
1166 1073 1163
1164 1166 1163
1167 1165 1160
1167 1160 1168
1167 1168 1169
1165 1170 1164
1170 1166 1164
1165 1167 1170
1171 1073 1166
1170 1171 1166
1082 1073 1171
1172 1171 1170
1172 1082 1171
1167 1172 1170
1081 1082 1172
1167 1173 1172
1173 1081 1172
1173 1167 1169
1173 1078 1081
1169 1078 1173
1169 1174 1078
1175 1176 1177
1177 1176 1178
1177 1178 1179
1178 1180 1179
1179 1180 1181
1179 1181 1182
1182 1181 1183
1182 1183 1184
1185 1184 1183
1185 1183 1186
1187 1185 1186
1187 1188 1185
1189 1188 1187
1190 1191 1192
1190 1192 1193
1193 1192 1194
1193 1194 1195
1196 1195 1194
1196 1194 1197
1197 1198 1196
1197 1199 1198
1198 1199 1200
1198 1200 1201
1202 1201 1200
1202 1203 1201
1202 1204 1203
1202 1205 1204
1204 1205 1206
1207 1208 1190
1207 1190 1209
1210 1207 1209
1210 1209 1211
1211 1212 1210
1213 1214 1215
1216 1214 1213
1216 1217 1214
1218 1217 1216
1218 1219 1217
1219 1220 1217
1221 1222 1223
1224 1222 1221
1224 1221 1225
1226 1224 1225
1226 1225 1227
1228 1229 1230
1231 1228 1230
1231 1230 1232
1233 1231 1232
1233 1232 1234
1235 1233 1234
1235 1236 1233
1236 1235 1237
1236 1237 1238
1238 1237 1239
1238 1239 1240
1241 1240 1239
1241 1239 1242
1243 1244 1245
1243 1246 1245
1247 1248 1249
1250 1248 1247
1250 1247 1251
1252 1250 1251
1252 1251 1253
1254 1252 1253
1254 1253 1255
1256 1254 1255
1256 1255 1257
1258 1256 1257
1258 1259 1256
1260 1259 1258
1260 1258 1261
1261 1262 1260
1261 1263 1262
1262 1263 1264
1262 1264 1265
1266 1265 1264
1266 1264 1267
1268 1266 1267
1268 1267 1269
1270 1268 1269
1270 1269 1271
1272 1270 1271
1272 1271 1273
1273 1274 1272
1273 1275 1274
1275 1276 1274
1275 1277 1276
1277 1278 1276
1279 1280 1281
1279 1282 1280
1282 1279 1283
1282 1284 1280
1282 1283 1285
1285 1283 1286
1282 1287 1284
1287 1282 1285
1287 1288 1284
1285 1286 1289
1290 1289 1286
1287 1285 1291
1291 1285 1289
1287 1292 1288
1287 1291 1292
1293 1288 1292
1293 1292 1294
1294 1292 1291
1295 1293 1294
1294 1291 1296
1296 1291 1289
1295 1294 1297
1297 1294 1296
1297 1298 1295
1290 1299 1289
1299 1290 1300
1296 1289 1301
1299 1301 1289
1297 1296 1302
1301 1302 1296
1297 1303 1298
1303 1297 1302
1303 1304 1298
1303 1305 1304
1302 1305 1303
1306 1304 1305
1301 1307 1302
1307 1301 1299
1306 1305 1308
1309 1306 1308
1302 1310 1305
1307 1310 1302
1310 1308 1305
1309 1308 1311
1311 1312 1309
1310 1313 1308
1313 1311 1308
1307 1314 1310
1313 1310 1314
1307 1299 1315
1315 1314 1307
1311 1316 1312
1316 1317 1312
1313 1318 1311
1318 1316 1311
1315 1299 1319
1299 1300 1319
1315 1320 1314
1320 1315 1319
1313 1314 1321
1318 1313 1321
1320 1321 1314
1318 1322 1316
1322 1318 1321
1316 1323 1317
1322 1323 1316
1319 1300 1324
1325 1324 1300
1325 1326 1324
1325 1327 1326
1328 1324 1326
1328 1329 1324
1319 1324 1329
1320 1319 1330
1329 1330 1319
1320 1331 1321
1330 1331 1320
1322 1321 1332
1331 1332 1321
1322 1333 1323
1332 1333 1322
1334 1326 1327
1334 1327 1335
1329 1336 1330
1330 1337 1331
1330 1336 1337
1331 1338 1332
1338 1331 1337
1339 1332 1338
1332 1339 1333
1340 1338 1337
1337 1336 1340
1339 1338 1340
1339 1340 1336
1341 1336 1329
1339 1336 1341
1333 1339 1341
1341 1329 1328
1333 1341 1342
1323 1333 1342
1342 1341 1343
1341 1328 1343
1323 1342 1344
1344 1342 1343
1344 1317 1323
1344 1345 1317
1344 1343 1346
1345 1347 1346
1345 1346 1348
1346 1343 1349
1328 1349 1343
1348 1346 1350
1346 1349 1350
1348 1350 1351
1350 1349 1352
1328 1352 1349
1351 1350 1353
1350 1352 1353
1351 1353 1354
1328 1355 1352
1353 1352 1355
1356 1354 1353
1353 1355 1356
1356 1357 1354
1355 1328 1358
1356 1355 1358
1328 1326 1358
1357 1356 1359
1356 1358 1359
1357 1359 1360
1326 1361 1358
1359 1358 1361
1360 1359 1362
1359 1361 1362
1360 1362 1363
1326 1364 1361
1364 1362 1361
1364 1326 1334
1365 1363 1362
1364 1365 1362
1365 1364 1334
1365 1366 1363
1365 1334 1367
1366 1365 1367
1335 1367 1334
1366 1367 1368
1335 1369 1367
1369 1368 1367
1370 1369 1335
1369 1371 1368
1370 1372 1369
1372 1371 1369
1372 1373 1371
1374 1375 1376
1374 1377 1375
1378 1375 1377
1378 1377 1379
1379 1380 1378
1379 1381 1380
1382 1380 1381
1382 1381 1383
1384 1382 1383
1384 1385 1382
1385 1384 1386
1385 1386 1387
1387 1386 1388
1387 1388 1389
1390 1389 1388
1390 1391 1389
1392 1391 1390
1392 1393 1391
1393 1392 1394
1393 1394 1395
1396 1395 1394
1396 1397 1395
1398 1399 1400
1398 1401 1399
1401 1398 1402
1401 1402 1403
1402 1404 1403
1402 1405 1404
1405 1406 1404
1405 1407 1406
1407 1408 1406
1407 1409 1408
1410 1408 1409
1410 1409 1411
1412 1410 1411
1412 1411 1413
1414 1412 1413
1414 1413 1415
1415 1416 1414
1415 1417 1416
1418 1416 1417
1418 1417 1419
1419 1420 1418
1419 1421 1420
1422 1423 1424
1422 1425 1423
1426 1423 1425
1426 1425 1427
1427 1428 1426
1427 1429 1428
1429 1430 1428
1429 1431 1430
1431 1432 1430
1431 1433 1432
1433 1434 1432
1433 1435 1434
1435 1436 1434
1435 1437 1436
1438 1436 1437
1438 1437 1439
1439 1440 1438
1439 1441 1440
1441 1442 1440
1441 1443 1442
1444 1445 1446
1444 1447 1445
1448 1447 1444
1448 1444 1449
1450 1451 1452
1450 1452 1453
1453 1452 1454
1453 1454 1455
1455 1454 1456
1455 1456 1457
1458 1457 1456
1458 1459 1457
1459 1458 1460
1459 1460 1461
1461 1460 1462
1461 1462 1463
1463 1462 1464
1463 1464 1465
1465 1464 1466
1465 1466 1467
1468 1467 1466
1468 1469 1467
1470 1469 1468
1470 1471 1469
1472 1473 1474
1472 1474 1475
1476 1472 1475
1475 1474 1477
1476 1475 1478
1479 1476 1478
1475 1477 1480
1481 1480 1477
1480 1482 1475
1482 1478 1475
1480 1481 1483
1480 1483 1482
1484 1483 1481
1479 1478 1485
1485 1486 1479
1485 1487 1486
1488 1487 1485
1488 1489 1487
1490 1485 1478
1490 1488 1485
1491 1489 1488
1491 1488 1490
1491 1492 1489
1482 1493 1478
1493 1490 1478
1493 1482 1494
1483 1494 1482
1495 1490 1493
1491 1490 1495
1495 1493 1494
1496 1492 1491
1496 1497 1492
1495 1498 1491
1496 1491 1498
1483 1499 1494
1495 1494 1500
1500 1494 1499
1495 1501 1498
1501 1495 1500
1499 1483 1502
1484 1502 1483
1502 1484 1503
1502 1503 1504
1505 1504 1503
1499 1502 1506
1504 1506 1502
1500 1499 1507
1507 1499 1506
1505 1508 1504
1508 1505 1509
1504 1510 1506
1510 1504 1508
1508 1509 1511
1511 1509 1512
1513 1500 1507
1501 1500 1513
1507 1506 1514
1510 1514 1506
1510 1508 1515
1515 1508 1511
1511 1512 1516
1517 1516 1512
1517 1518 1516
1519 1511 1516
1515 1511 1519
1518 1520 1516
1519 1516 1520
1518 1521 1520
1515 1522 1510
1510 1522 1514
1523 1507 1514
1513 1507 1523
1519 1524 1515
1515 1524 1522
1521 1525 1520
1521 1526 1525
1520 1527 1519
1519 1527 1524
1520 1525 1527
1528 1514 1522
1523 1514 1528
1524 1529 1522
1528 1522 1529
1527 1530 1524
1524 1530 1529
1531 1525 1526
1531 1526 1532
1525 1533 1527
1527 1533 1530
1531 1534 1525
1525 1534 1533
1531 1532 1535
1532 1536 1535
1528 1537 1523
1528 1538 1537
1538 1528 1529
1523 1537 1539
1538 1529 1540
1540 1529 1530
1523 1539 1513
1540 1530 1541
1533 1541 1530
1542 1513 1539
1533 1543 1541
1542 1501 1513
1534 1543 1533
1544 1501 1542
1534 1545 1543
1544 1498 1501
1545 1534 1531
1498 1544 1546
1545 1531 1547
1498 1546 1496
1535 1547 1531
1535 1548 1547
1535 1549 1548
1535 1536 1549
1550 1549 1536
1550 1536 1551
1496 1546 1552
1496 1552 1553
1554 1553 1552
1496 1553 1497
1555 1553 1554
1555 1497 1553
1556 1497 1555
1557 1558 1559
1557 1559 1560
1560 1561 1557
1560 1559 1562
1560 1563 1561
1563 1564 1561
1560 1562 1565
1562 1566 1565
1560 1565 1567
1560 1567 1563
1565 1566 1567
1563 1568 1564
1567 1568 1563
1569 1564 1568
1569 1568 1570
1567 1566 1571
1567 1571 1568
1570 1568 1571
1571 1566 1572
1570 1571 1572
1573 1574 1575
1576 1574 1573
1576 1573 1577
1578 1574 1576
1578 1576 1579
1576 1580 1579
1577 1581 1576
1576 1581 1580
1577 1582 1581
1581 1583 1580
1582 1583 1581
1582 1584 1583
1583 1584 1585
1586 1580 1583
1583 1585 1587
1586 1583 1587
1588 1587 1585
1589 1586 1587
1588 1589 1587
1590 1589 1588
1589 1591 1586
1590 1591 1589
1591 1590 1592
1593 1591 1592
1594 1595 1596
1594 1596 1597
1597 1596 1598
1597 1598 1599
1597 1600 1594
1597 1599 1601
1601 1599 1602
1597 1603 1600
1603 1597 1601
1601 1602 1604
1603 1601 1604
1604 1602 1605
1600 1603 1606
1603 1604 1606
1600 1606 1607
1604 1605 1608
1608 1606 1604
1608 1605 1609
1607 1606 1610
1608 1610 1606
1607 1610 1611
1608 1609 1612
1610 1608 1612
1612 1609 1613
1614 1611 1610
1610 1612 1614
1614 1615 1611
1614 1612 1616
1612 1613 1616
1617 1615 1614
1614 1616 1617
1617 1618 1615
1619 1618 1617
1616 1620 1617
1619 1617 1620
1621 1620 1616
1613 1621 1616
1619 1620 1621
1621 1613 1622
1613 1623 1622
1619 1621 1624
1624 1621 1622
1619 1624 1625
1624 1622 1626
1625 1624 1626
1622 1623 1626
1625 1626 1627
1623 1627 1626
1623 1628 1627
1629 1630 1631
1630 1578 1631
1632 1633 1634
1632 1635 1633
1635 1636 1633
1633 1636 1637
1633 1637 1638
1639 1633 1638
1639 1638 1640
1635 1641 1636
1637 1636 1642
1636 1641 1643
1636 1643 1642
1642 1643 1644
1645 1642 1644
1637 1642 1645
1643 1646 1644
1641 1646 1643
1647 1637 1645
1638 1637 1647
1648 1645 1644
1647 1645 1648
1649 1641 1635
1650 1649 1635
1650 1635 1651
1641 1652 1646
1649 1652 1641
1646 1653 1644
1652 1653 1646
1638 1647 1654
1655 1647 1648
1654 1647 1655
1656 1638 1654
1656 1657 1638
1658 1656 1654
1658 1654 1659
1654 1655 1659
1660 1658 1659
1660 1659 1661
1661 1659 1655
1655 1648 1662
1662 1648 1644
1663 1655 1662
1661 1655 1663
1663 1662 1664
1664 1662 1644
1664 1665 1663
1661 1663 1665
1666 1664 1644
1664 1666 1665
1667 1666 1644
1668 1667 1644
1667 1668 1669
1670 1668 1644
1670 1669 1668
1666 1667 1671
1666 1671 1665
1667 1669 1671
1661 1665 1672
1672 1665 1671
1673 1661 1672
1673 1674 1661
1672 1671 1675
1675 1671 1669
1676 1672 1675
1676 1677 1672
1678 1676 1675
1678 1675 1679
1675 1669 1679
1680 1678 1679
1680 1679 1681
1681 1679 1669
1682 1680 1681
1681 1669 1683
1670 1683 1669
1682 1681 1684
1684 1681 1683
1685 1683 1670
1684 1683 1685
1682 1684 1686
1686 1684 1685
1682 1686 1687
1685 1670 1688
1688 1670 1644
1686 1685 1689
1689 1685 1688
1687 1686 1690
1690 1686 1689
1687 1690 1691
1689 1688 1692
1692 1688 1644
1690 1689 1693
1693 1689 1692
1691 1690 1694
1694 1690 1693
1691 1694 1695
1693 1692 1696
1696 1692 1644
1695 1694 1697
1695 1697 1698
1694 1693 1699
1699 1693 1696
1697 1694 1699
1698 1697 1700
1698 1700 1701
1701 1700 1702
1699 1696 1703
1703 1696 1644
1697 1699 1704
1704 1699 1703
1700 1697 1704
1702 1700 1705
1702 1705 1706
1707 1706 1705
1708 1707 1705
1708 1709 1707
1708 1710 1709
1708 1711 1710
1712 1703 1644
1704 1703 1712
1700 1704 1713
1705 1700 1713
1713 1704 1712
1714 1712 1644
1713 1712 1714
1715 1714 1644
1716 1715 1644
1705 1713 1717
1717 1713 1714
1717 1714 1715
1708 1705 1717
1718 1717 1715
1708 1717 1718
1718 1715 1716
1708 1719 1711
1719 1708 1718
1716 1720 1718
1719 1718 1720
1711 1719 1721
1711 1721 1722
1716 1723 1720
1723 1716 1644
1719 1720 1724
1723 1724 1720
1719 1724 1721
1722 1721 1725
1722 1725 1726
1723 1727 1724
1727 1723 1644
1721 1724 1728
1727 1728 1724
1721 1728 1725
1729 1726 1725
1729 1730 1726
1729 1731 1730
1727 1732 1728
1732 1727 1644
1725 1728 1733
1733 1728 1732
1725 1733 1729
1733 1732 1734
1734 1732 1644
1729 1733 1735
1735 1733 1734
1729 1736 1731
1729 1735 1736
1737 1734 1644
1735 1734 1737
1738 1731 1736
1738 1739 1731
1738 1740 1739
1736 1735 1741
1741 1735 1737
1736 1741 1738
1742 1737 1644
1741 1737 1742
1653 1742 1644
1743 1741 1742
1743 1742 1653
1738 1741 1743
1652 1743 1653
1738 1743 1744
1744 1743 1652
1744 1740 1738
1744 1652 1649
1740 1744 1649
1740 1649 1745
1746 1747 1748
1746 1749 1747
1749 1750 1747
1749 1751 1750
1752 1750 1751
1752 1753 1750
1753 1752 1754
1753 1754 1755
1754 1756 1755
1754 1757 1756
1758 1756 1757
1758 1757 1759
1758 1759 1760
1758 1760 1761
1760 1762 1761
1763 1746 1764
1763 1765 1746
1766 1765 1763
1766 1767 1765
1767 1766 1768
1769 1770 1771
1772 1769 1771
1772 1771 1773
1774 1772 1773
1774 1773 1775
1773 1776 1775
1777 1778 1779
1780 1777 1779
1780 1781 1777
1782 1781 1780
1782 1783 1781
1784 1785 1786
1785 1787 1786
1785 1788 1787
1787 1788 1789
1787 1789 1790
1791 1790 1789
1791 1789 1792
1793 1791 1792
1793 1792 1794
1795 1793 1794
1796 1793 1795
1796 1795 1797
1798 1796 1797
1799 1800 1801
1799 1802 1800
1802 1799 1803
1799 1804 1803
1802 1803 1805
1799 1806 1804
1806 1799 1807
1806 1807 1808
1809 1804 1806
1809 1806 1810
1810 1806 1811
695 1809 1810
1810 1811 1812
695 1810 1813
1813 1810 1812
798 695 1813
1813 1812 1814
798 1813 1815
1813 1814 1815
1815 796 798
1815 1816 796
794 796 1816
1814 1817 1815
1816 1815 1817
794 1816 1818
1817 1819 1816
1818 1816 1819
794 1818 1820
794 1820 791
1818 1819 1821
1818 1821 1820
791 1820 1822
791 1822 785
1820 1821 1823
1820 1823 1822
785 1822 1824
785 1824 782
1822 1823 1825
1822 1825 1824
1824 1825 1826
1827 782 1824
1824 1826 1827
1827 780 782
1828 780 1827
1826 1828 1827
1828 778 780
1821 1829 1823
1829 1825 1823
1821 1830 1829
1825 1829 1831
1825 1831 1826
1819 1830 1821
1832 1826 1831
1819 1833 1830
1834 778 1828
1834 772 778
1832 1835 1826
1835 1832 1836
1826 1837 1828
1837 1834 1828
1837 1826 1835
1819 1838 1833
1817 1838 1819
1835 1836 1839
1840 1839 1836
1835 1841 1837
1837 1841 1834
1835 1839 1841
1842 772 1834
1842 773 772
1834 1841 1843
1843 1841 1839
1834 1843 1842
1840 1844 1839
1843 1839 1844
1844 1840 1845
1838 1817 1846
1814 1846 1817
1847 773 1842
1847 774 773
1843 1848 1842
1843 1844 1848
1848 1847 1842
1844 1845 1849
1848 1844 1849
1849 1845 1850
1848 1851 1847
1852 1848 1849
1847 1851 1853
1854 774 1847
1847 1853 1854
1854 1853 1855
1854 854 774
1849 1850 1856
1856 1852 1849
1857 1856 1850
1856 1858 1852
1854 1855 1859
1859 854 1854
1859 1855 1860
1857 1861 1856
1858 1856 1861
1859 1862 854
852 854 1862
1859 1860 1863
1863 1862 1859
1863 1860 1864
1865 852 1862
850 852 1865
1857 1866 1861
1867 1866 1857
1858 1861 1868
1858 1868 1869
1870 1868 1861
1870 1869 1868
1870 1861 1866
1870 1871 1869
1871 1870 1872
1866 1872 1870
1871 1872 1873
1872 1874 1873
1875 1866 1867
1866 1875 1872
1876 1875 1867
1872 1877 1874
1875 1877 1872
1877 1878 1874
1875 1879 1877
1876 1879 1875
1877 1880 1878
1879 1880 1877
1881 1878 1880
1882 1879 1876
1879 1882 1880
1876 1883 1882
1876 1884 1883
1885 1883 1884
1886 1880 1882
1886 1882 1883
1881 1880 1886
1887 1883 1885
1887 1886 1883
1886 1888 1881
1887 1888 1886
1889 1887 1885
1889 1885 1890
1891 1888 1887
1881 1888 1891
1890 1892 1889
1890 1893 1892
1894 1887 1889
1894 1891 1887
1893 1895 1892
1893 1896 1895
1897 1889 1892
1897 1894 1889
1896 1898 1895
1896 1899 1898
1900 1898 1899
1892 1895 1901
1892 1901 1897
1898 1900 1902
1900 1903 1902
1904 1902 1903
1905 1895 1898
1905 1901 1895
1904 1906 1902
1907 1906 1904
1908 1898 1902
1908 1905 1898
1907 1909 1906
1910 1909 1907
1911 1902 1906
1911 1908 1902
1912 1911 1906
1912 1906 1909
1805 1912 1909
1805 1909 1802
1910 1802 1909
1800 1802 1910
1913 1800 1910
1800 1913 1914
1800 1914 1915
1915 1914 1916
1917 1908 1911
1917 1918 1908
1919 1918 1917
1918 1905 1908
1919 1920 1918
1921 1920 1919
1918 1922 1905
1920 1922 1918
1901 1905 1922
1921 1923 1920
1924 1923 1921
1901 1922 1925
1897 1901 1925
1920 1926 1922
1923 1926 1920
1924 1927 1923
1927 1924 1928
1897 1925 1929
1894 1897 1929
1922 1930 1925
1922 1926 1930
1923 1931 1926
1927 1931 1923
1927 1928 1932
1933 1932 1928
1894 1929 1934
1934 1891 1894
1935 1929 1925
1935 1925 1930
1936 1930 1926
1936 1926 1931
1927 1937 1931
1937 1927 1932
1938 1934 1929
1938 1929 1935
1930 1939 1935
1930 1936 1939
1940 1936 1931
1940 1931 1937
1941 1938 1935
1941 1935 1939
1936 1942 1939
1936 1940 1942
1943 1941 1939
1943 1939 1942
1937 1932 1944
1945 1940 1937
1945 1937 1944
1940 1946 1942
1940 1945 1946
1942 1947 1943
1942 1946 1947
1944 1932 1948
1933 1948 1932
1933 1949 1948
1933 1950 1949
1949 1950 1951
1949 1951 1952
1952 1951 1953
1954 1946 1945
1944 1955 1945
1954 1945 1955
1956 1947 1946
1956 1946 1954
1944 1948 1957
1944 1957 1955
1949 1958 1948
1949 1952 1959
1949 1959 1958
1948 1958 1960
1948 1960 1957
1952 1953 1961
1959 1952 1961
1958 1959 1962
1960 1958 1962
1959 1961 1963
1962 1959 1963
1964 1954 1955
1957 1965 1955
1965 1964 1955
1960 1966 1957
1957 1966 1965
1967 1960 1962
1967 1966 1960
1962 1963 1968
1967 1962 1968
1967 1969 1966
1969 1965 1966
1964 1970 1954
1956 1954 1970
1967 1968 1971
1969 1967 1971
1968 1963 1972
1971 1968 1973
1968 1972 1973
1963 1974 1972
1963 1961 1974
1961 1975 1974
1961 1953 1975
1953 1976 1975
1953 1977 1976
1977 1978 1976
1977 1979 1978
1980 1978 1979
1980 1979 1981
1982 1976 1978
1982 1978 1980
1982 1983 1976
1983 1975 1976
1983 1984 1975
1984 1974 1975
1984 1985 1974
1985 1972 1974
1985 1986 1972
1987 1972 1986
1982 1980 1988
1987 1973 1972
1989 1988 1980
1990 1973 1987
1989 1980 1991
1981 1991 1980
1992 1989 1991
1981 1993 1991
1990 1994 1973
1995 1994 1990
1971 1973 1994
1992 1991 1996
1993 1996 1991
1997 1992 1996
1995 1998 1994
1999 1998 1995
2000 1971 1994
2000 1994 1998
1969 1971 2000
1993 2001 1996
2002 2001 1993
1997 1996 2003
2003 1996 2001
2004 1997 2003
1999 2005 1998
2006 2005 1999
2007 1969 2000
1969 2007 1965
2008 2000 1998
2008 1998 2005
2007 2000 2008
2002 2009 2001
2010 2009 2002
2011 1965 2007
1965 2011 1964
2012 2007 2008
2011 2007 2012
2011 2013 1964
2013 2011 2012
2012 2008 2014
2014 2008 2005
2015 2001 2009
2003 2001 2015
2010 2016 2009
2017 2016 2010
2017 2018 2016
2015 2009 2019
2016 2019 2009
2016 2018 2020
2016 2020 2019
2018 610 2020
2003 2015 2021
2021 2015 2019
2022 2019 2020
2021 2019 2022
610 2023 2020
2022 2020 2023
2003 2021 2024
2004 2003 2024
2025 2004 2024
2023 610 2026
610 619 2026
2022 2027 2021
2027 2024 2021
2023 2028 2022
2023 2026 2028
2022 2028 2027
2025 2024 2029
2027 2029 2024
2028 2030 2027
2030 2029 2027
2026 2031 2028
2028 2031 2030
619 2032 2026
2026 2032 2031
2025 2029 2033
2025 2033 2034
2035 2034 2033
2036 2032 619
619 620 2036
2037 2031 2032
2037 2030 2031
2037 2032 2036
2030 2038 2029
2033 2029 2038
2035 2033 2039
2039 2033 2038
620 2040 2036
626 2040 620
2037 2041 2030
2041 2038 2030
2036 2042 2037
2036 2040 2042
2042 2041 2037
2041 2043 2038
2039 2038 2043
2035 2039 2044
2035 2044 2045
2043 2041 2046
2042 2046 2041
2042 2047 2046
2039 2043 2048
2043 2046 2048
2039 2048 2044
2048 2046 2047
2049 2042 2040
2042 2049 2047
2045 2044 2050
2045 2050 2051
2052 2051 2050
2053 2044 2048
2053 2050 2044
2048 2047 2053
2052 2050 2054
2053 2054 2050
2055 2052 2054
2053 2056 2054
2056 2053 2047
2055 2054 2057
2057 2054 2056
2049 2040 2058
2058 2040 626
2058 626 2059
2049 2058 2059
626 579 2059
2060 2047 2049
2049 2059 2060
579 2061 2059
2061 2060 2059
576 2061 579
2056 2047 2062
2060 2062 2047
2063 2056 2062
2057 2056 2063
2055 2057 2064
2055 2064 2065
2066 2065 2064
2060 2067 2062
2063 2062 2067
2057 2063 2068
2057 2068 2064
2067 2068 2063
2061 2069 2060
2060 2069 2067
2061 576 2070
2069 2061 2070
2066 2064 2071
2064 2068 2071
2067 2072 2068
2069 2072 2067
2072 2071 2068
576 2073 2070
568 2073 576
2069 2070 2074
2069 2074 2072
2073 2074 2070
2066 2071 2075
2066 2075 2076
2072 2077 2071
2077 2075 2071
2078 2072 2074
2073 2078 2074
2078 2077 2072
2079 2073 568
2079 2078 2073
2076 2075 2080
2076 2080 2081
2082 2077 2078
2079 2082 2078
568 2083 2079
2082 2079 2083
2084 2083 568
2077 2085 2075
2082 2085 2077
2080 2075 2085
2086 2083 2084
2087 2086 2084
2087 2088 2086
2082 2083 2089
2085 2082 2089
2086 2089 2083
2088 2090 2086
2086 2090 2089
2088 2091 2090
2085 2089 2092
2092 2089 2090
2080 2085 2092
2091 2093 2090
2092 2090 2093
2080 2092 2093
2091 2094 2093
2080 2093 2095
2094 2095 2093
2081 2080 2095
2081 2095 2096
2094 2097 2095
2096 2095 2097
2098 2097 2094
2096 2097 2099
2098 2100 2097
2099 2097 2100
2099 2100 2101
2100 2098 2102
2103 2101 2100
2100 2102 2104
2103 2100 2104
2105 2104 2102
2103 2104 2106
2105 2106 2104
2103 2106 2107
2108 2106 2105
2107 2106 2109
2108 2109 2106
2107 2109 2110
2110 2109 2111
2110 2111 2112
2113 2109 2108
2113 2111 2109
2112 2111 2114
2112 2114 2115
2116 2115 2114
2117 2113 2108
2117 2108 2118
2119 2111 2113
2119 2114 2111
2116 2114 2120
2121 2116 2120
2122 2117 2118
2122 2118 2123
2124 2122 2123
2125 2113 2117
2125 2119 2113
2122 2125 2117
2126 2114 2119
2126 2120 2114
2121 2120 2127
2128 2121 2127
2129 2119 2125
2129 2126 2119
2122 2130 2125
2130 2129 2125
2124 2131 2122
2122 2131 2130
2132 2120 2126
2132 2127 2120
2128 2127 2133
2134 2128 2133
2135 2126 2129
2135 2132 2126
2136 2129 2130
2131 2136 2130
2135 2129 2136
2137 2127 2132
2137 2133 2127
2134 2133 2138
2139 2134 2138
2140 2132 2135
2140 2137 2132
2135 2136 2141
2135 2141 2140
2142 2133 2137
2142 2138 2133
2136 2143 2141
2131 2143 2136
2144 2137 2140
2144 2142 2137
2140 2141 2145
2143 2145 2141
2140 2145 2144
2139 2138 2146
2147 2139 2146
2147 2146 2148
2149 2147 2148
2150 2146 2138
2150 2148 2146
2151 2138 2142
2151 2150 2138
2152 2142 2144
2152 2151 2142
2149 2148 2153
2154 2149 2153
2150 2155 2148
2153 2148 2155
2156 2150 2151
2156 2155 2150
2157 2144 2145
2157 2152 2144
2158 2151 2152
2158 2156 2151
2159 2152 2157
2159 2158 2152
2145 2160 2157
2157 2160 2159
2145 2161 2160
2143 2161 2145
2162 2161 2143
2162 2143 2131
2162 2131 2163
2124 2163 2131
2124 2164 2163
2165 2163 2164
2165 2164 2166
2167 2162 2163
2167 2163 2165
2162 2168 2161
2168 2162 2167
2166 2169 2165
2166 2170 2169
2165 2171 2167
2165 2169 2171
2170 2172 2169
2170 967 2172
967 966 2172
2172 966 976
2169 2172 2173
2169 2173 2171
2172 976 2173
2174 2167 2171
2168 2167 2174
2175 2161 2168
2160 2161 2175
2176 2171 2173
2174 2171 2176
976 2177 2173
2176 2173 2177
2174 2178 2168
2175 2168 2178
2176 2179 2174
2174 2179 2178
976 2180 2177
949 2180 976
946 2180 949
2177 2181 2176
2176 2181 2179
946 2182 2180
944 2182 946
2183 2177 2180
2177 2183 2181
2183 2180 2182
944 2184 2182
2184 944 940
2185 2183 2182
2185 2182 2184
2186 2181 2183
2186 2183 2185
2187 2179 2181
2187 2181 2186
2188 2184 940
941 2188 940
2179 2187 2189
2179 2189 2178
2190 2178 2189
2190 2175 2178
2190 2191 2175
2160 2175 2191
2191 2192 2160
2159 2160 2192
2192 2193 2159
2194 2193 2192
2158 2159 2193
2191 2195 2192
2192 2195 2194
2158 2193 2196
2196 2156 2158
2190 2197 2191
2197 2195 2191
2194 2198 2193
2198 2196 2193
2196 2199 2156
2200 2199 2196
2199 2155 2156
2199 2201 2155
2200 2201 2199
2153 2155 2201
2153 2201 2202
2200 2202 2201
2198 2203 2196
2200 2196 2203
2198 2204 2203
2200 2203 2204
2194 2205 2198
2198 2205 2204
2153 2202 2206
2154 2153 2206
2154 2206 2207
2207 2206 2202
2154 2207 2208
2200 2209 2202
2207 2202 2209
2208 2207 2210
2208 2210 2211
2200 2212 2209
2200 2204 2212
2207 2209 2213
2212 2213 2209
2207 2213 2210
2211 2210 2214
2211 2214 2006
2006 2214 2005
2215 2214 2210
2215 2005 2214
2215 2210 2213
2014 2005 2215
2212 2216 2213
2216 2215 2213
2204 2216 2212
2216 2014 2215
2204 2217 2216
2217 2014 2216
2217 2012 2014
2217 2204 2205
2013 2012 2217
2217 2205 2013
2218 2013 2205
2013 2218 1964
2194 2218 2205
1970 1964 2218
2218 2194 2219
1970 2218 2219
2219 2194 2220
2195 2220 2194
2221 1970 2219
1956 1970 2221
2221 2219 2222
2220 2222 2219
2220 2195 2223
2197 2223 2195
2221 2224 1956
2224 2221 2222
2220 2223 2225
2220 2225 2222
2222 2225 2226
2223 2226 2225
2227 2223 2197
2197 2190 2227
1956 2224 2228
1947 1956 2228
2224 2222 2229
2222 2226 2229
2230 2224 2229
2226 2230 2229
2223 2231 2226
2227 2231 2223
2226 2231 2230
2230 2231 2227
2190 2232 2227
2189 2232 2190
1947 2228 2233
1943 1947 2233
2224 2234 2228
2224 2230 2234
2227 2235 2230
2227 2232 2235
2189 2236 2232
2187 2236 2189
1943 2233 2237
1941 1943 2237
2238 2233 2228
2228 2234 2238
2238 2234 2239
2240 2234 2230
2240 2230 2235
2239 2234 2240
2239 2240 2235
2232 2241 2235
2241 2232 2236
2241 2239 2235
2242 2233 2238
2242 2237 2233
2239 2242 2238
1941 2237 2243
2243 1938 1941
2244 2241 2236
2239 2241 2244
2242 2245 2237
2243 2237 2245
2239 2246 2242
2239 2244 2246
2245 2242 2246
2243 2247 1938
1934 1938 2247
2244 2236 2248
2187 2248 2236
2186 2248 2187
2243 2245 2249
2247 2243 2249
2250 2246 2244
2244 2248 2250
2186 2251 2248
2251 2250 2248
2251 2186 2185
2245 2246 2252
2250 2252 2246
2252 2249 2245
2251 2185 2253
2184 2253 2185
2251 2254 2250
2252 2250 2254
2253 2254 2251
2252 2255 2249
2252 2254 2255
2247 2249 2256
2256 2249 2255
2184 2257 2253
2188 2257 2184
2253 2258 2254
2258 2255 2254
2257 2258 2253
2258 2259 2255
2256 2255 2259
2260 2247 2256
1934 2247 2260
2257 2261 2258
2261 2259 2258
2188 2262 2257
2262 2261 2257
2263 2256 2259
2260 2256 2263
2264 1934 2260
2264 1891 1934
2261 2265 2259
2263 2259 2265
2266 2260 2263
2264 2260 2266
2267 1891 2264
1891 2267 1881
2268 2262 2188
941 2268 2188
2262 2269 2261
2269 2265 2261
2270 2263 2265
2266 2263 2270
2271 2264 2266
2267 2264 2271
1881 2267 2272
2272 2273 1881
2274 2273 2272
2268 2275 2262
2275 2269 2262
2269 2276 2265
2270 2265 2276
2277 2266 2270
2271 2266 2277
2278 2272 2267
2278 2267 2271
2274 2272 2279
2278 2279 2272
1864 2274 2279
1864 2279 1863
2278 1863 2279
2278 2271 2280
2277 2280 2271
2278 2281 1863
2280 2281 2278
1863 2281 1862
1865 1862 2281
2280 1865 2281
2282 1865 2280
2277 2282 2280
2282 850 1865
846 850 2282
2282 2277 2283
2282 2283 846
2277 2270 2283
848 846 2283
2283 2270 2276
848 2283 2284
2283 2276 2284
848 2284 2285
2285 2284 2276
2285 2276 2269
848 2285 843
2275 2285 2269
2286 843 2285
2286 2285 2275
843 2286 844
2275 2287 2286
2275 2268 2287
2287 2268 941
2286 2288 844
2286 2287 2288
844 2288 845
2288 909 845
2288 2289 909
2287 2289 2288
910 909 2289
912 910 2289
2287 941 2290
912 2290 941
2287 2290 2289
912 2289 2290
2291 1916 2292
2293 2292 2294
2292 2295 2294
2294 2295 2296
2294 2296 2297
2296 1814 2297
2296 1846 1814
2298 2296 2295
2295 2299 2298
2300 2298 2299
2301 1846 2296
2301 2296 2298
2300 2301 2298
1838 1846 2301
1833 2301 2300
1833 1838 2301
2302 2303 2304
2305 2303 2302
2304 2303 2306
2307 2303 2305
2306 2303 2308
2309 2303 2307
2308 2303 2310
2311 2303 2309
2310 2303 2312
2313 2303 2311
2312 2303 2314
2314 2303 2313
2315 2316 2317
2318 2315 2317
2316 2319 2317
2320 2318 2317
2319 2321 2317
2322 2320 2317
2321 2323 2317
2324 2322 2317
2323 2325 2317
2326 2324 2317
2325 2327 2317
2327 2326 2317
2328 2329 2330
2328 2331 2329
2332 2331 2328
2331 2333 2329
2332 2334 2331
2331 2335 2333
2335 2331 2334
2336 2333 2335
2336 2337 2333
2332 2338 2334
2332 2339 2338
2335 2334 2340
2340 2336 2335
2341 2337 2336
2341 2342 2337
2339 2343 2338
2339 2344 2343
2345 2338 2343
2346 2334 2338
2345 2346 2338
2346 2340 2334
2347 2346 2345
2340 2348 2336
2348 2341 2336
2349 2340 2346
2347 2349 2346
2349 2348 2340
2350 2349 2347
2350 2348 2349
2350 2347 2351
2348 2352 2341
2350 2352 2348
2353 2350 2351
2353 2351 2354
2353 2354 2355
2350 2356 2352
2356 2341 2352
2350 2353 2356
2356 2357 2341
2357 2342 2341
2357 2358 2342
2357 2359 2358
2353 2355 2360
2353 2361 2356
2353 2360 2361
2362 2360 2355
2361 2360 2362
2362 2355 2363
2362 2363 2359
2361 2364 2356
2356 2364 2357
2361 2362 2364
2357 2365 2359
2362 2359 2365
2362 2365 2364
2357 2364 2365
2366 2330 2367
2366 2367 2368
2369 2366 2368
2368 2367 2370
2369 2368 2371
2368 2370 2372
2372 2371 2368
2373 2372 2370
2373 2370 2374
2369 2371 2375
2369 2375 2376
2372 2377 2371
2377 2372 2373
2378 2373 2374
2378 2374 2379
2376 2375 2380
2376 2380 2344
2381 2380 2375
2382 2375 2371
2381 2375 2382
2382 2371 2377
2383 2381 2382
2377 2373 2384
2384 2373 2378
2385 2382 2377
2383 2382 2385
2385 2377 2384
2386 2383 2385
2386 2385 2384
2386 2387 2383
2388 2378 2379
2388 2379 2389
2388 2389 2390
2388 2390 2391
2384 2378 2392
2386 2384 2392
2393 2392 2378
2393 2378 2388
2386 2392 2393
2394 2387 2386
2386 2393 2394
2394 2395 2387
2394 2396 2395
2394 2397 2396
2394 2398 2397
2394 2393 2398
2398 2393 2399
2393 2388 2399
2388 2391 2399
2400 2401 2391
2402 2401 2400
2400 2391 2403
2402 2400 2404
2400 2403 2405
2400 2406 2404
2400 2405 2406
2407 2408 2409
2407 2409 2410
2407 2410 2411
2407 2412 2408
2413 2408 2412
2414 2407 2411
2412 2407 2414
2414 2411 2415
2416 2414 2415
2412 2414 2416
2416 2415 2417
2418 2416 2417
2413 2412 2419
2419 2412 2416
2420 2413 2419
2418 2421 2416
2419 2416 2421
2422 2421 2418
2422 2423 2421
2423 2419 2421
2423 2422 2424
2420 2419 2425
2423 2425 2419
2423 2424 2426
2426 2425 2423
2426 2424 2427
2428 2420 2425
2426 2428 2425
2428 2429 2420
2426 2427 2430
2430 2428 2426
2430 2427 2431
2432 2429 2428
2430 2432 2428
2432 2433 2429
2430 2431 2434
2432 2430 2434
2434 2431 2435
2433 2432 2436
2432 2434 2436
2433 2436 2437
2434 2435 2438
2436 2434 2438
2437 2436 2439
2436 2438 2439
2439 2438 2435
2437 2439 2440
2439 2435 2441
2441 2440 2439
2441 2442 2440
2443 2444 2442
2443 2445 2444
2446 2444 2445
2443 2447 2445
2443 2448 2447
2446 2445 2449
2449 2445 2447
2450 2446 2449
2451 2447 2448
2449 2447 2451
2451 2448 2452
2450 2449 2453
2453 2449 2451
2453 2454 2450
2455 2451 2452
2453 2451 2455
2455 2452 2456
2453 2457 2454
2457 2453 2455
2457 2458 2454
2456 2459 2455
2457 2455 2459
2456 2460 2459
2457 2461 2458
2461 2457 2459
2462 2458 2461
2460 2463 2459
2461 2459 2463
2460 2464 2463
2465 2463 2464
2462 2461 2466
2463 2466 2461
2465 2467 2463
2463 2467 2466
2467 2465 2468
2467 2468 2469
2466 2467 2469
2469 2468 2470
2471 2462 2466
2466 2469 2471
2471 2472 2462
2469 2470 2473
2471 2469 2473
2474 2473 2470
2472 2471 2475
2471 2473 2475
2474 2475 2473
2472 2475 2476
2474 2476 2475
2474 2410 2476
2477 2478 2479
2480 2478 2477
2477 2479 2481
2481 2479 2482
2480 2477 2483
2484 2480 2483
2485 2477 2481
2485 2483 2477
2481 2482 2486
2485 2481 2486
2486 2482 2487
2485 2486 2488
2486 2487 2488
2485 2489 2483
2490 2488 2487
2491 2484 2483
2483 2489 2491
2492 2484 2491
2491 2489 2492
2490 2493 2488
2485 2488 2493
2494 2493 2490
2489 2495 2492
2485 2495 2489
2495 2496 2492
2494 2497 2493
2485 2493 2497
2497 2494 2498
2495 2499 2496
2485 2499 2495
2500 2496 2499
2497 2498 2501
2485 2497 2501
2501 2498 2502
2500 2499 2503
2485 2503 2499
2485 2501 2504
2501 2502 2504
2485 2504 2505
2505 2504 2502
2506 2500 2503
2505 2502 2507
2506 2503 2508
2485 2508 2503
2508 2509 2506
2510 2505 2507
2485 2505 2510
2510 2507 2511
2508 2512 2509
2485 2512 2508
2512 2513 2509
2511 2514 2510
2485 2510 2514
2511 2515 2514
2512 2516 2513
2485 2516 2512
2516 2517 2513
2518 2514 2515
2485 2514 2518
2485 2518 2516
2518 2515 2517
2516 2518 2517
2519 2520 2521
2519 2521 2522
2523 2521 2520
2524 2522 2521
2523 2525 2521
2524 2521 2525
2526 2525 2523
2525 2527 2524
2526 2527 2525
2527 2528 2524
2529 2527 2526
2527 2530 2528
2529 2531 2527
2527 2531 2530
2531 2529 2532
2530 2531 2533
2531 2532 2533
2530 2533 2534
2535 2533 2532
2533 2536 2534
2535 2537 2533
2533 2537 2536
2538 2537 2535
2539 2536 2537
2538 2540 2537
2539 2537 2540
2540 2538 2541
2542 2539 2540
2540 2541 2543
2542 2540 2543
2544 2543 2541
2543 2545 2542
2544 2546 2543
2543 2546 2545
2546 2547 2545
2548 2546 2544
2546 2549 2547
2548 2549 2546
2550 2547 2549
2548 2551 2549
2550 2549 2551
2548 2552 2551
2553 2550 2551
2553 2551 2552
2553 2552 2554
2553 2555 2550
2556 2553 2554
2557 2555 2553
2556 2557 2553
2557 2558 2555
2557 2556 2559
2558 2557 2560
2559 2560 2557
2559 2561 2560
2558 2560 2562
2561 2563 2560
2561 2564 2563
2562 2560 2565
2560 2563 2565
2562 2565 2566
2563 2566 2565
2562 2566 2567
2568 2567 2566
2564 2569 2563
2564 2570 2569
2568 2566 2571
2572 2568 2571
2563 2573 2566
2569 2573 2563
2566 2573 2571
2574 2569 2570
2573 2569 2574
2574 2570 2575
2576 2574 2575
2573 2574 2576
2576 2575 2577
2573 2578 2571
2573 2576 2579
2571 2578 2580
2581 2579 2576
2572 2571 2582
2571 2580 2582
2583 2572 2582
2580 2583 2582
2584 2576 2577
2581 2576 2584
2584 2577 2585
2581 2584 2586
2586 2584 2585
2581 2586 2587
2586 2585 2588
2586 2589 2587
2589 2586 2588
2590 2591 2592
2593 2592 2591
2593 2594 2592
2595 2592 2594
2590 2592 2596
2595 2596 2592
2597 2590 2596
2598 2596 2595
2597 2596 2598
2598 2595 2599
2600 2597 2598
2599 2601 2598
2600 2598 2601
2599 2602 2601
2600 2601 2603
2601 2602 2603
2604 2605 2606
2607 2605 2604
2604 2606 2608
2608 2606 2609
2608 2609 2610
2610 2609 2611
2610 2611 2612
2610 2612 2613
2614 2608 2610
2610 2613 2614
2614 2604 2608
2615 2614 2613
2615 2616 2614
2616 2604 2614
2617 2616 2615
2607 2604 2618
2616 2618 2604
2619 2607 2618
2619 2618 2620
2620 2618 2616
2620 2621 2619
2617 2622 2616
2620 2616 2622
2620 2623 2621
2623 2620 2622
2623 2624 2621
2625 2622 2617
2623 2622 2625
2625 2617 2626
2623 2627 2624
2627 2623 2625
2627 2628 2624
2629 2625 2626
2627 2625 2629
2629 2626 2630
2627 2631 2628
2629 2631 2627
2631 2632 2628
2630 2633 2629
2629 2633 2631
2630 2634 2633
2631 2635 2632
2633 2635 2631
2634 2636 2633
2633 2636 2635
2636 2632 2635
2634 2637 2636
2636 2638 2632
2638 2636 2637
2638 2637 2639
2640 2639 2641
2640 2641 2642
2643 2642 2641
2640 2642 2644
2640 2644 2645
2643 2646 2642
2646 2644 2642
2647 2646 2643
2648 2645 2644
2646 2648 2644
2648 2649 2645
2647 2650 2646
2650 2648 2646
2650 2647 2651
2652 2649 2648
2650 2652 2648
2652 2653 2649
2650 2651 2654
2654 2652 2650
2654 2651 2655
2653 2652 2656
2654 2656 2652
2653 2656 2657
2654 2655 2658
2658 2656 2654
2659 2658 2655
2657 2656 2660
2658 2660 2656
2657 2660 2661
2662 2661 2660
2659 2663 2658
2660 2658 2663
2662 2660 2664
2660 2663 2664
2664 2665 2662
2664 2666 2665
2663 2666 2664
2666 2667 2665
2668 2663 2659
2663 2668 2666
2668 2659 2669
2666 2670 2667
2668 2670 2666
2671 2667 2670
2669 2672 2668
2668 2672 2670
2671 2670 2672
2669 2673 2672
2671 2672 2673
2671 2673 2611
2674 2675 2676
2677 2674 2676
2674 2678 2675
2678 2679 2675
2677 2680 2674
2680 2677 2681
2682 2678 2674
2682 2674 2680
2678 2683 2679
2682 2683 2678
2683 2684 2679
2682 2685 2683
2683 2685 2684
2682 2680 2686
2687 2684 2685
2680 2681 2688
2688 2686 2680
2688 2681 2689
2689 2686 2688
2687 2685 2690
2682 2690 2685
2691 2687 2690
2689 2692 2686
2682 2686 2692
2692 2689 2693
2691 2690 2694
2682 2694 2690
2694 2695 2691
2692 2693 2696
2682 2692 2696
2697 2696 2693
2694 2698 2695
2682 2698 2694
2698 2699 2695
2697 2700 2696
2682 2696 2700
2682 2701 2698
2698 2701 2699
2682 2702 2701
2702 2699 2701
2703 2700 2697
2702 2704 2699
2703 2705 2700
2682 2700 2705
2705 2703 2706
2707 2704 2702
2682 2707 2702
2707 2708 2704
2705 2706 2709
2682 2705 2709
2709 2706 2710
2708 2707 2711
2682 2711 2707
2708 2711 2712
2709 2710 2713
2682 2709 2713
2713 2710 2714
2682 2715 2711
2715 2712 2711
2682 2713 2715
2715 2714 2712
2713 2714 2715
2716 2717 2718
2716 2719 2717
2720 2718 2717
2721 2717 2719
2720 2717 2722
2721 2722 2717
2723 2720 2722
2722 2721 2724
2723 2722 2724
2724 2721 2725
2726 2723 2724
2724 2725 2727
2726 2724 2728
2724 2727 2728
2728 2729 2726
2727 2730 2728
2728 2730 2729
2727 2731 2730
2732 2729 2730
2730 2731 2733
2732 2730 2734
2730 2733 2734
2735 2732 2734
2736 2734 2733
2735 2734 2737
2736 2737 2734
2737 2738 2735
2739 2737 2736
2737 2740 2738
2739 2740 2737
2741 2738 2740
2740 2739 2742
2741 2740 2743
2740 2742 2743
2743 2742 2744
2745 2741 2743
2743 2744 2746
2745 2743 2746
2747 2746 2744
2745 2746 2748
2747 2748 2746
2745 2748 2749
2750 2748 2747
2750 2749 2748
2750 2751 2749
2750 2747 2752
2753 2751 2750
2754 2750 2752
2753 2750 2754
2754 2752 2755
2754 2756 2753
2755 2757 2754
2756 2754 2757
2756 2757 2758
2755 2759 2757
2758 2757 2760
2758 2760 2761
2759 2762 2757
2757 2762 2760
2759 2763 2762
2760 2762 2763
2759 2764 2763
2765 2763 2764
2761 2760 2766
2761 2766 2767
2765 2768 2763
2769 2768 2765
2760 2763 2770
2766 2760 2770
2763 2768 2770
2771 2767 2766
2770 2771 2766
2771 2772 2767
2773 2772 2771
2770 2773 2771
2773 2774 2772
2770 2768 2775
2770 2776 2773
2768 2777 2775
2778 2773 2776
2769 2779 2768
2768 2779 2777
2780 2779 2769
2777 2779 2780
2781 2774 2773
2778 2781 2773
2781 2782 2774
2778 2783 2781
2783 2782 2781
2778 2784 2783
2783 2785 2782
2783 2784 2786
2786 2785 2783
2787 2788 2789
2790 2789 2788
2790 2788 2791
2792 2791 2788
2787 2793 2788
2792 2788 2793
2794 2793 2787
2795 2792 2793
2794 2795 2793
2795 2796 2792
2797 2795 2794
2796 2795 2798
2797 2798 2795
2796 2798 2799
2797 2800 2798
2798 2800 2799
