byte offset: 0
first index: 0
index count: 16104
topology: trianglelist
format: DXGI_FORMAT_R16_UINT

0 1 2
3 1 4
5 3 4
5 4 6
5 6 7
5 7 8
8 7 9
10 3 5
10 5 11
11 5 8
11 8 12
13 3 10
14 12 8
13 15 3
3 15 1
15 13 16
14 8 17
8 9 17
18 14 17
19 17 9
18 17 19
19 9 20
21 18 19
22 19 20
21 19 22
22 20 23
24 21 22
24 22 23
25 15 16
26 25 16
27 25 26
15 25 28
15 28 1
27 29 25
30 29 27
25 31 28
25 29 31
1 28 32
28 31 33
28 33 32
29 34 31
30 35 29
29 35 34
31 36 33
31 34 36
32 33 37
33 38 37
33 36 38
32 37 39
36 40 38
34 40 36
40 41 38
40 42 41
43 32 39
43 39 44
1 32 43
45 43 44
1 43 45
45 44 46
34 47 40
35 47 34
40 48 42
47 48 40
48 49 42
50 49 48
1 45 51
1 51 52
53 45 46
51 45 53
53 46 54
55 53 54
52 51 56
51 53 56
52 56 57
55 58 53
58 56 53
59 58 55
57 56 60
58 60 56
57 60 61
59 62 58
62 60 58
63 61 60
62 63 60
63 64 61
64 63 65
65 63 62
64 65 66
67 66 65
68 62 59
65 62 68
68 59 69
67 65 70
70 65 68
71 67 70
69 72 68
70 68 72
71 70 72
69 73 72
71 72 73
74 75 76
77 78 74
77 79 78
80 79 77
81 82 83
82 84 85
86 87 85
86 88 87
88 89 87
88 90 89
90 91 89
90 92 91
92 93 91
92 94 93
94 95 93
94 96 95
97 95 96
97 96 98
99 97 98
99 98 100
101 99 100
102 103 104
105 106 104
105 107 106
105 104 108
108 104 109
108 109 110
110 109 111
110 111 112
113 112 111
114 108 110
115 110 112
114 110 115
115 112 116
117 116 112
113 117 112
117 118 116
119 118 117
120 117 113
119 117 120
120 113 121
122 119 120
123 120 121
122 120 123
123 121 124
125 122 123
125 123 124
126 108 114
126 105 108
105 126 127
128 126 114
128 127 126
105 127 129
105 129 107
130 107 129
127 130 129
130 30 107
30 130 131
131 35 30
131 132 35
35 132 47
128 114 133
134 133 114
134 114 135
134 135 136
137 128 133
137 133 138
138 133 134
138 134 139
137 140 128
137 141 140
128 140 127
139 134 142
134 136 142
139 142 143
143 142 144
144 142 136
144 136 145
144 145 146
147 127 140
140 141 148
140 148 147
147 149 127
127 149 130
130 149 150
150 149 147
130 150 131
150 147 151
148 151 147
131 150 152
150 151 152
131 152 153
153 132 131
153 154 132
153 152 155
155 154 153
155 156 154
132 154 157
154 156 157
132 157 47
156 158 157
157 159 47
156 159 158
47 159 48
159 50 48
156 50 159
160 50 156
161 160 156
161 156 155
155 162 161
155 163 162
152 163 155
164 162 163
152 165 163
151 165 152
164 163 166
167 164 166
165 151 168
148 168 151
169 163 165
169 165 168
169 166 163
167 166 170
171 167 170
148 172 168
169 168 172
173 166 169
173 170 166
173 169 172
171 170 174
174 175 171
174 176 175
170 177 174
170 173 177
178 176 174
177 178 174
179 176 178
180 179 178
177 180 178
180 181 179
182 177 173
182 180 177
181 180 183
182 183 180
173 172 184
182 173 184
181 183 185
181 185 186
187 186 185
187 188 186
189 187 185
189 185 183
188 190 189
188 189 191
192 183 182
192 189 183
189 193 191
193 189 192
193 194 191
195 194 193
196 192 182
196 182 184
195 193 197
198 195 197
193 192 199
199 192 196
197 193 199
198 197 200
197 199 201
201 200 197
199 196 202
201 199 202
201 202 203
203 204 201
201 204 200
203 205 204
206 204 205
207 198 200
204 207 200
207 208 198
209 208 207
206 210 204
204 210 207
209 207 211
210 211 207
212 210 206
210 212 211
212 206 213
214 212 213
215 209 211
212 215 211
215 216 209
215 217 216
214 218 212
212 218 215
215 219 217
219 215 218
220 217 219
214 221 218
219 218 221
214 222 221
220 219 223
221 223 219
224 221 222
221 224 223
224 222 225
224 225 226
220 223 227
227 223 224
220 227 228
224 226 229
227 224 229
230 229 226
231 228 227
229 231 227
231 232 228
231 233 232
230 234 229
229 234 231
231 235 233
235 231 234
235 236 233
230 237 234
235 234 237
230 238 237
235 239 236
239 235 237
240 236 239
238 241 237
239 237 241
238 242 241
240 239 243
243 239 241
244 240 243
245 241 242
243 241 245
244 243 245
245 242 246
244 245 246
247 248 249
250 251 248
250 248 252
253 250 252
254 253 255
256 257 254
256 254 258
258 254 259
254 260 259
259 260 261
258 259 262
256 258 263
259 264 262
259 261 265
259 265 264
261 266 265
266 264 265
261 267 266
266 268 264
266 267 269
270 268 266
266 269 270
270 271 268
269 272 270
272 271 270
269 273 272
272 274 271
272 273 275
274 272 276
272 275 276
274 276 277
276 275 278
277 276 279
276 278 279
277 279 280
278 281 279
279 281 280
282 283 284
282 284 285
286 282 285
284 287 285
284 288 287
288 289 287
287 289 290
287 290 291
287 291 292
285 287 292
292 291 293
286 285 294
285 292 294
295 286 294
292 293 296
294 292 296
297 296 293
295 294 298
294 296 298
297 299 296
299 298 296
297 300 299
301 295 298
299 301 298
300 301 299
301 302 295
300 303 301
303 302 301
303 304 302
305 306 307
305 308 306
309 306 308
309 310 306
310 311 306
312 306 311
312 311 313
310 314 311
314 315 311
315 314 316
310 316 314
315 316 317
309 318 310
310 318 316
317 316 319
317 319 320
321 320 319
322 316 318
322 319 316
321 319 323
324 319 322
324 323 319
325 322 318
324 322 325
326 321 323
326 327 321
328 323 324
328 326 323
329 327 326
329 326 328
329 330 327
331 330 329
331 332 330
325 318 333
309 333 318
324 325 334
328 324 334
329 328 335
331 329 335
336 325 333
334 325 336
337 333 309
336 333 337
338 332 331
338 339 332
340 339 338
328 334 341
341 335 328
337 309 342
342 309 308
342 308 343
343 308 344
343 344 345
346 342 343
346 337 342
346 343 347
348 343 345
348 345 349
350 347 348
350 348 351
346 352 337
353 337 352
354 353 352
353 336 337
355 353 354
355 354 356
357 336 353
357 353 355
334 336 357
358 355 356
358 357 355
358 356 359
360 334 357
358 360 357
360 341 334
359 361 358
361 360 358
359 362 361
363 341 360
361 363 360
362 364 361
364 363 361
362 365 364
366 364 365
363 367 341
341 367 335
366 368 364
369 368 366
364 370 363
370 367 363
368 370 364
371 335 367
371 331 335
369 372 368
369 373 372
368 374 370
372 374 368
370 375 367
371 367 375
374 375 370
376 331 371
376 338 331
377 371 375
374 377 375
377 376 371
372 378 374
378 377 374
373 378 372
378 379 377
379 376 377
373 380 378
380 379 378
379 381 376
381 382 376
382 338 376
382 383 338
384 383 382
340 338 383
385 340 383
384 385 383
384 382 386
387 385 384
384 386 388
388 379 389
384 388 389
380 389 379
387 384 390
390 384 389
391 387 390
392 389 380
390 389 392
391 390 393
394 391 393
390 395 393
390 392 395
392 380 396
396 380 373
396 373 397
392 396 398
397 398 396
392 398 395
397 399 398
394 393 400
400 393 395
399 401 398
399 402 401
403 395 398
400 395 403
403 398 401
400 404 394
403 404 400
404 405 394
406 405 404
406 404 407
403 408 404
407 404 408
401 408 403
407 408 409
402 410 401
401 410 408
409 408 410
402 411 410
409 410 412
411 412 410
411 413 412
414 415 416
414 417 415
417 418 415
417 419 418
420 421 422
420 422 423
424 420 423
424 423 425
424 425 426
424 426 427
428 427 426
428 429 427
430 429 428
431 430 428
430 432 429
432 433 429
434 433 435
436 434 435
436 435 437
436 437 438
439 434 436
439 440 434
441 440 439
441 442 440
443 442 441
443 444 442
445 444 443
445 446 444
447 446 445
447 448 446
449 448 447
449 450 448
450 449 451
450 451 452
452 451 453
451 454 453
452 453 455
452 455 456
457 456 455
457 455 453
457 453 454
457 454 458
459 460 461
459 461 462
461 463 462
462 463 464
465 462 464
466 459 462
465 466 462
466 467 459
468 466 465
467 466 468
468 465 469
467 468 470
471 468 469
470 468 471
470 471 472
471 469 473
471 474 472
475 471 473
471 475 474
475 473 476
474 475 477
477 475 476
477 476 478
474 477 479
480 477 478
481 479 477
480 481 477
481 482 479
483 482 481
484 481 480
483 481 484
484 480 485
486 484 485
487 483 484
486 487 484
487 488 483
489 487 486
490 488 487
489 490 487
490 491 488
492 490 489
493 491 490
492 493 490
493 494 491
495 494 493
495 493 496
496 493 492
496 492 497
498 499 500
498 501 499
502 501 498
502 503 501
504 499 501
503 505 501
504 501 505
503 506 505
507 505 506
508 504 505
507 508 505
508 509 504
508 510 509
507 511 508
508 511 510
507 512 511
511 512 513
511 514 510
511 513 515
511 515 514
515 513 516
514 515 517
515 516 517
514 517 518
517 516 519
518 517 520
517 519 520
518 520 521
522 521 520
520 519 523
522 520 524
520 523 524
525 522 524
523 526 524
525 524 526
523 527 526
528 526 527
529 525 526
528 529 526
529 530 525
531 529 528
531 530 529
532 533 534
532 534 535
532 535 536
534 537 535
534 538 537
539 538 534
540 539 534
532 536 541
542 532 541
541 543 542
532 542 544
542 543 545
542 545 544
546 545 543
547 544 545
546 547 545
546 543 548
543 549 548
548 549 550
548 550 551
550 552 551
546 551 552
550 553 552
553 550 554
553 554 555
555 554 556
557 532 544
547 558 544
557 544 558
557 559 532
532 559 560
561 560 559
561 562 560
553 555 563
555 556 564
563 555 564
553 563 565
565 552 553
566 564 556
566 556 567
568 566 567
568 567 569
570 568 569
570 571 568
568 571 572
564 566 573
568 573 566
568 572 574
568 574 573
575 574 572
573 574 575
575 572 576
564 573 577
563 564 577
573 575 578
577 573 578
576 579 575
579 578 575
576 580 579
580 581 579
580 582 581
581 582 583
579 584 578
584 579 581
581 583 585
586 585 583
587 563 577
577 578 588
587 577 588
578 589 588
578 584 589
563 587 590
563 590 565
591 587 588
591 588 589
590 592 565
565 592 552
593 590 587
593 587 591
552 592 594
594 546 552
590 595 592
593 595 590
592 595 594
594 596 546
546 596 547
595 597 594
597 596 594
598 591 589
599 593 591
599 591 598
593 600 595
599 600 593
601 595 600
601 597 595
599 602 600
602 601 600
598 589 603
584 603 589
604 599 598
604 602 599
584 605 603
584 581 605
581 606 605
603 605 606
581 585 606
607 598 603
604 598 607
603 606 608
607 603 608
602 609 601
604 610 602
609 602 610
611 604 607
611 610 604
612 607 608
611 607 612
606 613 608
612 608 613
614 612 613
615 606 585
606 615 613
615 585 616
586 616 585
617 613 615
616 617 615
586 618 616
616 618 617
586 619 618
620 618 619
618 620 621
618 621 617
621 620 622
617 623 613
621 623 617
614 613 623
621 624 623
622 624 621
614 623 624
625 612 614
625 611 612
622 626 624
614 624 626
626 627 614
628 627 626
628 614 627
628 626 622
628 625 614
622 629 628
629 622 630
631 625 628
629 631 628
632 611 625
631 632 625
633 631 629
632 631 633
632 634 611
611 634 610
635 610 634
609 610 635
636 634 632
635 634 636
632 633 637
636 632 637
633 638 637
636 637 638
639 633 629
633 639 638
640 629 630
639 629 640
641 635 636
609 635 641
636 638 642
641 636 642
630 643 640
644 643 630
639 645 638
638 646 642
638 645 646
645 647 646
648 641 642
648 642 646
609 641 649
641 648 649
640 650 639
639 650 645
640 651 650
640 643 651
651 645 650
646 652 648
647 652 646
651 643 653
644 653 643
651 654 645
645 654 647
653 654 651
609 649 655
609 655 601
597 601 655
648 656 649
648 652 656
649 657 655
657 597 655
649 656 657
656 652 658
657 656 658
657 659 597
597 659 596
660 659 657
657 658 660
596 659 661
660 661 659
596 661 547
662 547 661
660 662 661
662 558 547
652 663 658
647 663 652
662 664 558
557 558 664
658 665 660
658 663 666
665 658 666
660 667 662
665 667 660
662 668 664
667 668 662
669 557 664
664 668 669
666 663 670
670 663 647
667 671 668
665 671 667
665 666 672
670 672 666
670 647 673
647 674 673
647 654 674
653 674 654
669 675 557
557 675 559
669 668 676
668 671 676
675 669 677
669 676 677
675 678 559
678 675 677
678 561 559
678 677 679
676 679 677
561 678 680
680 678 679
561 680 681
562 561 681
562 681 682
562 682 683
682 684 683
682 685 684
681 680 686
682 681 686
680 679 687
680 687 686
687 688 686
689 688 687
690 687 679
687 690 689
676 690 679
691 690 676
671 691 676
685 682 692
693 685 692
694 693 692
694 692 695
694 695 696
697 694 696
692 682 698
695 692 698
699 689 690
691 699 690
682 700 698
682 686 700
688 700 686
701 699 691
689 699 702
701 702 699
703 701 691
703 691 671
704 703 671
704 671 665
665 672 704
672 703 704
672 705 703
703 705 701
705 672 706
672 670 706
707 706 670
707 708 706
709 705 706
708 709 706
705 710 701
710 705 709
711 709 708
712 711 708
713 701 710
701 713 702
709 714 710
711 714 709
715 714 711
714 716 710
713 710 716
717 711 712
711 717 715
715 718 714
714 718 716
719 702 713
720 713 716
720 719 713
719 721 702
689 702 721
718 722 716
722 720 716
722 718 723
720 722 723
724 719 720
724 721 719
715 725 718
718 725 723
724 720 726
720 723 726
723 727 726
727 724 726
725 728 723
723 728 727
725 729 728
727 728 729
715 730 725
725 730 729
715 731 730
715 732 731
731 733 730
730 733 729
732 715 717
727 734 724
735 734 727
734 736 724
724 736 721
727 729 737
735 727 737
729 738 737
738 735 737
729 733 739
729 739 738
733 740 739
731 740 733
734 741 736
735 741 734
736 742 721
689 721 742
689 742 743
688 689 743
736 744 742
743 742 744
739 745 738
740 745 739
736 741 746
736 746 744
743 744 747
688 743 747
744 748 747
748 688 747
744 746 748
748 749 688
688 749 700
746 750 748
750 749 748
741 751 746
746 751 750
750 751 752
741 753 751
753 752 751
735 753 741
749 754 700
700 754 698
750 755 749
754 749 755
735 756 753
752 753 756
698 754 757
695 698 757
755 750 758
750 752 758
755 759 754
754 759 757
760 757 759
759 755 761
758 761 755
760 759 761
762 761 758
760 761 762
763 756 735
764 756 763
738 763 735
765 763 738
765 764 763
745 765 738
766 765 745
766 764 765
760 767 757
695 757 767
762 758 768
752 768 758
756 769 752
769 756 764
770 769 764
769 771 752
752 771 768
771 769 770
766 745 772
773 766 772
773 774 766
745 740 772
764 766 775
766 774 775
772 740 776
773 772 776
740 777 776
731 777 740
778 770 764
775 778 764
779 773 776
777 779 776
770 778 780
775 780 778
777 781 779
731 782 777
777 782 781
779 783 773
781 783 779
784 782 731
782 784 781
785 773 783
781 786 783
785 783 786
787 781 784
787 786 781
788 784 731
788 787 784
785 789 773
773 789 774
790 788 731
732 790 731
785 791 789
774 789 791
792 785 786
793 786 787
793 792 786
788 794 787
793 787 794
788 790 795
795 794 788
791 785 796
796 785 792
732 797 790
798 797 732
717 798 732
799 790 797
790 799 795
800 799 797
717 801 798
717 712 801
802 794 795
795 799 803
802 795 803
800 804 799
799 804 803
802 805 794
805 793 794
801 712 653
653 712 674
674 712 806
674 806 707
644 801 653
644 807 801
801 807 798
644 808 807
644 809 808
807 810 798
810 811 798
810 800 811
812 800 810
807 813 810
812 810 813
814 807 808
807 814 813
809 815 808
815 814 808
815 809 816
816 809 817
814 818 813
818 812 813
815 819 814
814 819 818
815 820 819
820 815 816
820 818 819
820 821 818
818 822 812
821 822 818
820 816 823
823 821 820
816 817 824
816 824 825
817 825 824
812 822 826
812 826 827
828 812 827
828 827 804
829 804 827
804 829 803
822 830 826
831 827 826
830 831 826
832 829 827
831 832 827
803 829 833
833 829 832
830 822 834
821 834 822
835 803 833
802 803 835
835 836 802
833 836 835
802 836 805
837 832 831
830 838 831
838 837 831
830 834 839
839 838 830
840 834 821
839 834 840
832 841 833
837 841 832
833 842 836
833 841 842
840 821 843
823 843 821
844 843 823
840 843 844
844 823 845
823 816 845
816 846 845
816 825 846
845 846 847
845 847 844
846 825 848
846 848 847
842 849 836
841 850 842
842 850 849
849 851 836
836 851 805
852 805 851
852 793 805
853 793 852
853 792 793
854 792 853
796 792 854
855 853 852
856 854 853
856 853 855
857 856 855
858 854 856
858 796 854
858 856 857
855 852 859
859 852 851
796 858 860
791 796 860
857 855 861
861 855 859
862 791 860
863 791 862
774 791 863
863 862 864
865 860 858
865 866 860
865 867 866
867 864 868
869 774 863
869 863 864
858 857 870
870 865 858
774 869 871
774 871 775
872 775 871
869 872 871
872 780 775
780 872 873
872 874 873
869 875 872
872 875 874
869 864 876
875 869 876
877 876 864
867 877 864
865 878 867
867 878 877
879 878 865
879 865 870
880 879 870
880 870 857
875 876 881
877 882 876
882 881 876
875 881 883
875 883 874
877 884 882
878 884 877
882 885 881
883 881 885
884 885 882
878 879 886
884 878 887
887 878 886
879 880 888
886 879 888
884 889 885
889 884 887
890 874 883
883 885 891
890 883 891
889 892 885
892 891 885
892 893 891
890 894 874
894 895 874
890 891 896
896 891 893
897 890 896
890 897 894
897 896 898
893 898 896
894 899 895
780 895 899
770 780 899
894 897 900
898 900 897
894 901 899
901 770 899
901 894 900
901 902 770
771 770 902
901 900 903
902 901 903
904 771 902
902 903 904
771 904 768
905 903 900
898 905 900
906 768 904
906 762 768
907 904 903
905 907 903
907 906 904
908 762 906
908 760 762
909 906 907
909 908 906
909 907 905
760 908 910
910 908 909
911 760 910
760 911 767
905 898 912
909 905 913
905 912 913
910 909 914
909 913 914
915 911 910
915 910 914
898 916 912
893 916 898
912 916 917
917 916 893
918 913 912
912 917 918
913 919 914
913 918 919
920 914 919
920 915 914
918 921 919
921 920 919
918 917 922
918 922 921
911 915 923
915 920 924
915 924 923
925 911 923
767 911 925
926 925 923
926 923 927
923 924 927
767 925 928
695 767 928
695 928 929
930 695 929
931 920 921
924 920 932
920 931 932
924 932 933
934 924 933
921 935 931
935 921 922
932 931 936
932 936 937
937 936 938
938 936 939
939 936 931
939 931 935
935 922 940
941 935 940
942 922 943
944 942 943
922 945 943
945 922 917
945 946 943
947 943 946
945 917 948
917 893 948
947 946 949
950 947 949
951 950 949
952 951 949
952 949 946
946 945 953
953 952 946
953 945 948
948 893 954
954 893 892
955 948 954
955 953 948
956 954 892
955 954 956
892 889 956
957 952 953
957 958 952
959 958 957
960 957 953
960 953 955
960 961 957
889 962 956
889 887 962
955 956 963
962 963 956
964 960 955
964 955 963
965 960 964
965 966 960
967 964 963
962 967 963
968 964 967
969 968 967
970 969 967
970 967 971
971 967 962
971 962 887
887 886 971
971 886 972
972 886 888
973 971 972
973 974 971
975 974 973
973 972 976
976 972 977
977 972 888
978 977 888
979 978 888
880 979 888
980 978 979
981 978 980
982 981 980
880 983 979
980 979 983
983 880 857
984 983 857
984 857 861
980 983 985
985 983 984
982 980 986
986 980 985
984 861 987
984 987 988
861 859 987
985 984 989
986 985 989
989 984 988
986 989 988
982 986 990
982 990 991
986 992 990
992 986 988
992 993 990
993 992 988
993 994 990
995 994 993
995 993 988
987 996 988
995 988 996
997 995 996
997 998 995
997 999 998
999 1000 998
1001 1000 999
1002 1001 999
997 1002 999
997 1003 1002
997 1004 1003
987 1005 996
1005 987 859
1005 859 1006
859 851 1006
1007 1005 1006
1007 1006 851
1007 996 1005
1007 851 849
1007 1008 996
1008 997 996
1009 1007 849
1007 1009 1008
850 1009 849
1010 1004 997
1004 1010 1011
1008 1012 997
997 1012 1010
1008 1009 1013
850 1013 1009
1008 1013 1012
1010 1012 1014
1010 1014 1011
1015 1012 1013
850 1015 1013
1015 1014 1012
1016 1011 1014
1016 1014 1015
850 1017 1015
841 1017 850
1018 1015 1017
1016 1015 1018
841 1019 1017
1018 1017 1019
841 837 1019
1020 1018 1019
837 1020 1019
1016 1021 1011
1011 1021 1022
1021 1023 1022
1021 1024 1023
1025 1016 1018
1020 1025 1018
1016 1026 1024
1024 1026 1023
1025 1026 1016
1023 1026 1027
1027 1028 1023
1026 1025 1029
1027 1026 1029
1029 1025 1030
1025 1020 1030
837 1031 1020
838 1031 837
1020 1031 1032
1032 1030 1020
1033 1031 838
1033 1032 1031
1033 838 839
1027 1034 1028
1034 1035 1028
1027 1029 1036
1036 1029 1030
1027 1037 1034
1027 1036 1037
1034 1038 1035
1037 1038 1034
1036 1030 1039
1039 1037 1036
1032 1040 1030
1039 1030 1040
1041 1035 1038
1041 1042 1035
1043 1042 1041
1043 1044 1042
1045 1044 1043
1045 1043 1046
1043 1047 1046
1037 1048 1038
1048 1041 1038
1049 1040 1032
1049 1032 1033
1043 1041 1050
1048 1050 1041
1043 1051 1047
1043 1050 1051
1052 1047 1051
1050 1052 1051
1052 1053 1047
1054 1048 1037
1039 1054 1037
1039 1040 1055
1055 1040 1049
1055 1054 1039
1056 1050 1048
1054 1056 1048
1050 1057 1052
1056 1057 1050
1053 1052 1058
1058 1052 1057
1053 1058 1059
1059 1058 1060
1059 1060 1061
1060 1062 1061
1055 1063 1054
1063 1056 1054
1055 1049 1064
1064 1063 1055
1058 1057 1065
1065 1060 1058
1057 1056 1066
1063 1066 1056
1057 1066 1065
1067 1066 1063
1064 1067 1063
1064 1049 1068
1033 1068 1049
1065 1066 1069
1067 1069 1066
1070 1067 1064
1064 1068 1070
1033 1071 1068
1033 839 1071
839 840 1071
1071 1072 1068
1071 840 1072
1070 1068 1072
840 844 1072
844 1073 1072
1070 1072 1073
844 847 1073
1070 1074 1067
1073 1074 1070
1074 1069 1067
847 1075 1073
1073 1075 1074
847 848 1075
1074 1076 1069
1075 1076 1074
848 1077 1075
1075 1077 1076
1076 1078 1069
1065 1069 1078
1065 1078 1060
1076 1079 1078
1060 1078 1079
1079 1076 1077
1060 1079 1080
1060 1080 1062
1081 1062 1080
1082 1080 1079
1079 1077 1082
848 1083 1077
825 1083 848
1081 1080 1084
1082 1084 1080
1085 1082 1077
1084 1082 1085
1085 1077 1083
1081 1084 1086
1084 1085 1086
1081 1086 1087
1088 1087 1086
1086 1085 1089
1086 1089 1088
1089 1085 1083
1089 817 1088
825 1090 1083
1089 1083 1090
817 1089 1090
817 1090 825
1091 1092 1093
1093 1092 1094
1094 1092 1095
1095 1092 1096
1095 1096 1097
1097 1096 1098
1098 1096 1099
1099 1096 1100
1100 1096 1101
1092 1102 1096
1101 1096 1103
1096 1102 1104
1103 1096 1104
1104 1102 1105
1103 1104 1106
1106 1104 1107
1107 1104 1108
1108 1104 1109
1109 1104 1110
1110 1104 1111
1111 1104 1112
1112 1104 1105
1112 1105 1113
1113 1105 1114
1114 1105 1115
1115 1105 1116
1116 1105 1117
1117 1105 1118
1119 1120 1121
1122 1120 1119
1123 1120 1122
1124 1120 1123
1124 1125 1120
1126 1125 1124
1127 1125 1126
1128 1125 1127
1129 1125 1128
1130 1125 1129
1131 1125 1130
1131 1132 1125
1133 1132 1131
1134 1132 1133
1135 1132 1134
1136 1132 1135
1137 1132 1136
1138 1132 1137
1139 1132 1138
1140 1139 1138
1141 1139 1140
1142 1139 1141
1143 1139 1142
1144 1139 1143
1145 1139 1144
1139 1146 1132
1132 1146 1125
1125 1146 1147
1148 1149 1150
1148 1151 1149
1152 1151 1148
1149 1151 1153
1149 1153 1154
1151 1155 1153
1152 1156 1151
1151 1156 1155
1157 1156 1152
1158 1155 1156
1157 1158 1156
1158 1159 1155
1160 1158 1157
1158 1161 1159
1160 1162 1158
1158 1162 1161
1163 1162 1160
1164 1161 1162
1163 1164 1162
1164 1165 1161
1166 1164 1163
1167 1165 1164
1166 1167 1164
1167 1168 1165
1169 1167 1166
1170 1168 1167
1169 1170 1167
1170 1171 1168
1172 1171 1170
1173 1170 1169
1172 1170 1173
1173 1169 1174
1175 1172 1173
1176 1173 1174
1175 1173 1176
1176 1174 1177
1178 1175 1176
1178 1176 1177
1179 1180 1181
1179 1182 1180
1183 1182 1179
1183 1184 1182
1182 1184 1185
1180 1182 1186
1182 1185 1186
1180 1186 1187
1186 1185 1188
1187 1186 1189
1186 1188 1189
1187 1189 1190
1189 1188 1191
1190 1189 1192
1189 1191 1192
1190 1192 1193
1192 1191 1194
1192 1195 1193
1192 1194 1196
1192 1196 1195
1196 1194 1197
1195 1196 1198
1196 1197 1198
1195 1198 1199
1198 1200 1199
1197 1201 1198
1198 1201 1200
1197 1202 1201
1201 1202 1203
1200 1201 1204
1201 1203 1204
1200 1204 1205
1206 1204 1203
1204 1207 1205
1206 1208 1204
1204 1208 1207
1209 1208 1206
1209 1207 1208
1210 1211 1212
1211 1213 1212
1211 1214 1213
1214 1215 1213
1214 1216 1215
1215 1216 1217
1216 1218 1217
1218 1219 1217
1218 1220 1219
1220 1221 1219
1220 1222 1221
1222 1223 1221
1222 1224 1223
1224 1225 1223
1224 1226 1225
1226 1227 1225
1226 1228 1227
1228 1229 1227
1228 1230 1229
1230 1231 1229
1232 1233 1234
1235 1232 1234
1235 1234 1236
1237 1235 1236
1237 1236 1238
1239 1237 1238
1239 1238 1240
1241 1239 1240
1241 1240 1242
1243 1241 1242
1243 1242 1244
1245 1243 1244
1245 1244 1246
1247 1245 1246
1247 1246 1248
1249 1247 1248
1249 1248 1250
1251 1249 1250
1251 1250 1252
1253 1251 1252
1253 1254 1251
1254 1249 1251
1254 1255 1249
1255 1247 1249
1255 1256 1247
1256 1257 1247
1256 1258 1257
1258 1259 1257
1258 1260 1259
1260 1261 1259
1260 1262 1261
1262 1263 1261
1262 1264 1263
1264 1265 1263
1264 1266 1265
1266 1267 1265
1266 1268 1267
1268 1269 1267
1268 1270 1269
1270 1271 1269
1272 1273 1274
1274 1273 1275
1274 1275 1276
1276 1275 1277
1276 1277 1278
1278 1277 1279
1278 1279 1280
1280 1279 1281
1280 1281 1282
1282 1281 1283
1282 1283 1284
1285 1284 1283
1285 1283 1286
1285 1286 1287
1285 1287 1288
1288 1287 1289
1288 1289 1290
1290 1289 1291
1290 1291 1292
1292 1291 1293
1294 1295 1296
1297 1295 1294
1297 1298 1295
1299 1298 1297
1299 1300 1298
1301 1300 1299
1301 1302 1300
1301 1303 1302
1301 1304 1303
1305 1303 1304
1305 1306 1303
1307 1306 1305
1307 1308 1306
1309 1308 1307
1309 1310 1308
1311 1310 1309
1311 1312 1310
1313 1312 1311
1313 1314 1312
1315 1314 1313
1315 1313 1316
1316 1313 1311
1316 1311 1317
1317 1311 1318
1317 1318 1319
1319 1318 1320
1319 1320 1321
1321 1320 1322
1321 1322 1323
1323 1322 1324
1323 1324 1325
1326 1325 1324
1326 1324 1327
1326 1327 1328
1326 1328 1329
1329 1328 1330
1329 1330 1331
1331 1330 1332
1331 1332 1333
1333 1332 1334
1335 1336 1337
1335 1337 1338
1339 1335 1338
1339 1338 1340
1341 1338 1337
1340 1338 1342
1341 1342 1338
1340 1342 1343
1344 1343 1342
1345 1342 1341
1344 1342 1345
1345 1341 1346
1345 1346 1347
1344 1345 1348
1345 1347 1348
1344 1348 1349
1348 1350 1349
1348 1347 1351
1348 1352 1350
1348 1351 1352
1352 1353 1350
1351 1354 1352
1352 1354 1353
1351 1355 1354
1354 1356 1353
1355 1357 1354
1354 1357 1356
1355 1358 1357
1359 1357 1358
1357 1360 1356
1359 1361 1357
1357 1361 1360
1362 1361 1359
1360 1361 1363
1362 1363 1361
1360 1363 1364
1365 1364 1363
1366 1363 1362
1365 1363 1366
1366 1362 1367
1368 1365 1366
1368 1366 1367
1369 1370 1371
1369 1372 1370
1372 1373 1370
1372 1374 1373
1373 1374 1375
1373 1375 1376
1376 1375 1377
1376 1377 1378
1379 1378 1377
1379 1377 1380
1380 1381 1379
1380 1382 1381
1381 1382 1383
1381 1383 1384
1383 1385 1384
1383 1386 1385
1385 1386 1387
1385 1387 1388
1388 1387 1389
1390 1391 1389
1392 1391 1390
1393 1392 1390
1392 1393 1394
1392 1394 1395
1395 1394 1396
1395 1396 1397
1397 1396 1398
1397 1398 1399
1400 1399 1398
1400 1398 1401
1402 1400 1401
1402 1403 1400
1404 1403 1402
1404 1402 1405
1392 1406 1391
1406 1392 1407
1406 1407 1408
1408 1407 1409
1408 1409 1410
1410 1409 1411
1406 1408 1412
1412 1408 1410
1391 1406 1413
1406 1412 1413
1410 1411 1414
1414 1411 1415
1391 1413 1416
1417 1391 1416
1417 1416 1418
1416 1419 1418
1416 1413 1419
1420 1419 1413
1420 1413 1412
1412 1421 1420
1412 1410 1422
1412 1422 1421
1422 1410 1414
1423 1421 1422
1423 1422 1424
1422 1414 1424
1425 1423 1424
1414 1415 1426
1424 1414 1426
1425 1424 1427
1424 1426 1427
1427 1428 1425
1415 1429 1426
1429 1427 1426
1415 1430 1429
1427 1431 1428
1429 1431 1427
1431 1432 1428
1430 1433 1429
1433 1431 1429
1430 1434 1433
1431 1435 1432
1433 1435 1431
1436 1432 1435
1434 1437 1433
1437 1435 1433
1434 1438 1437
1439 1437 1438
1436 1435 1440
1437 1440 1435
1439 1441 1437
1441 1440 1437
1441 1439 1442
1441 1442 1443
1444 1436 1440
1441 1444 1440
1444 1441 1443
1444 1445 1436
1444 1443 1446
1444 1447 1445
1444 1446 1447
1448 1449 1450
1448 1451 1449
1452 1451 1448
1452 1453 1451
1451 1453 1454
1449 1451 1455
1451 1454 1455
1449 1455 1456
1455 1457 1456
1458 1455 1454
1455 1458 1457
1458 1454 1459
1460 1458 1459
1457 1458 1461
1460 1461 1458
1457 1461 1462
1461 1463 1462
1460 1464 1461
1461 1464 1463
1460 1465 1464
1463 1464 1466
1466 1464 1465
1463 1466 1467
1466 1465 1468
1466 1469 1467
1468 1470 1466
1466 1470 1469
1468 1471 1470
1472 1470 1471
1469 1470 1473
1472 1473 1470
1469 1473 1474
1475 1473 1472
1475 1474 1473
1476 1477 1478
1476 1478 1479
1479 1478 1480
1481 1476 1479
1482 1476 1481
1479 1480 1483
1484 1483 1480
1485 1482 1481
1486 1482 1485
1487 1486 1485
1488 1486 1487
1488 1489 1486
1490 1489 1488
1481 1491 1485
1481 1479 1492
1492 1491 1481
1492 1479 1483
1492 1493 1491
1484 1494 1483
1495 1494 1484
1492 1483 1496
1494 1496 1483
1493 1492 1497
1496 1497 1492
1494 1498 1496
1498 1497 1496
1495 1499 1494
1499 1498 1494
1493 1497 1500
1493 1500 1501
1500 1497 1502
1498 1502 1497
1501 1500 1503
1500 1502 1503
1501 1503 1504
1504 1503 1505
1504 1505 1506
1507 1506 1505
1508 1503 1502
1505 1503 1508
1507 1505 1509
1508 1509 1505
1510 1507 1509
1498 1511 1502
1511 1508 1502
1510 1509 1512
1512 1513 1510
1508 1514 1509
1511 1514 1508
1514 1512 1509
1498 1515 1511
1499 1515 1498
1511 1515 1516
1516 1515 1499
1511 1517 1514
1511 1516 1517
1517 1518 1514
1514 1518 1512
1517 1519 1518
1516 1519 1517
1512 1518 1520
1512 1521 1513
1512 1520 1521
1522 1513 1521
1521 1520 1523
1522 1521 1524
1521 1523 1524
1524 1525 1522
1526 1524 1523
1524 1526 1525
1526 1523 1527
1526 1528 1525
1527 1529 1526
1526 1529 1528
1527 1530 1529
1529 1531 1528
1530 1532 1529
1529 1532 1531
1530 1533 1532
1534 1531 1532
1534 1532 1533
1535 1536 1537
1535 1538 1536
1535 1539 1538
1539 1540 1538
1539 1541 1540
1542 1540 1541
1542 1541 1543
1544 1542 1543
1544 1543 1545
1545 1546 1544
1545 1547 1546
1546 1547 1548
1546 1548 1549
1549 1548 1550
1549 1550 1551
1550 1552 1551
1550 1553 1552
1551 1552 1554
1551 1554 1555
1552 1556 1554
1557 1558 1559
1559 1558 1560
1559 1560 1561
1561 1560 1562
1561 1562 1563
1563 1562 1564
1563 1564 1565
1565 1564 1566
1565 1566 1567
1567 1566 1568
1567 1568 1569
1569 1568 1570
1569 1570 1571
1571 1570 1572
1570 1573 1572
1574 1570 1568
1573 1570 1574
1573 1574 1575
1576 1573 1575
1576 1577 1573
1574 1568 1578
1578 1568 1579
1578 1579 1580
1580 1579 1581
1582 1578 1580
1582 1583 1578
1582 1584 1583
1584 1585 1583
1584 1586 1585
1586 1587 1585
1586 1588 1587
1582 1580 1589
1580 1581 1590
1589 1580 1590
1590 1581 1591
1589 1590 1592
1590 1591 1593
1592 1590 1593
1592 1593 1594
1594 1593 1595
1596 1593 1591
1593 1597 1595
1596 1597 1593
1598 1597 1596
1598 1599 1597
1600 1599 1598
1600 1601 1599
1600 1602 1601
1603 1604 1605
1603 1605 1606
1607 1603 1606
1608 1603 1607
1608 1609 1603
1609 1610 1603
1611 1609 1608
1611 1612 1609
1612 1613 1609
1614 1612 1611
1607 1606 1615
1607 1615 1616
1606 1617 1615
1606 1618 1617
1606 1619 1618
1618 1620 1617
1618 1621 1620
1612 1622 1613
1622 1623 1613
1622 1624 1623
1625 1624 1622
1625 1622 1626
1626 1622 1612
1627 1625 1626
1626 1612 1628
1614 1628 1612
1627 1626 1629
1629 1626 1628
1630 1627 1629
1631 1628 1614
1629 1628 1631
1631 1614 1632
1630 1629 1633
1633 1629 1631
1634 1630 1633
1635 1631 1632
1633 1631 1635
1635 1632 1636
1634 1633 1637
1637 1633 1635
1638 1634 1637
1639 1635 1636
1637 1635 1639
1639 1636 1640
1638 1637 1641
1641 1637 1639
1642 1638 1641
1643 1639 1640
1641 1639 1643
1643 1640 1644
1645 1641 1643
1645 1643 1644
1646 1647 1648
1649 1648 1647
1649 1650 1648
1650 1649 1651
1650 1651 1652
1653 1652 1651
1653 1654 1652
1654 1653 1655
1654 1655 1656
1657 1656 1655
1657 1658 1656
1659 1658 1657
1659 1660 1658
1661 1660 1659
1661 1662 1660
1663 1662 1661
1663 1664 1662
1663 1665 1664
1664 1665 1666
1664 1666 1667
1668 1664 1667
1668 1662 1664
1669 1662 1668
1669 1660 1662
1670 1660 1669
1670 1658 1660
1671 1658 1670
1671 1656 1658
1672 1656 1671
1672 1654 1656
1673 1654 1672
1673 1674 1654
1675 1674 1673
1675 1676 1674
1677 1676 1675
1677 1678 1676
1679 1678 1677
1680 1681 1682
1681 1683 1682
1681 1684 1683
1684 1685 1683
1684 1686 1685
1685 1686 1687
1688 1682 1683
1688 1683 1685
1688 1689 1682
1689 1690 1682
1690 1691 1682
1688 1685 1692
1685 1687 1693
1692 1685 1693
1693 1687 1694
1692 1693 1695
1693 1694 1696
1695 1693 1696
1696 1694 1697
1695 1696 1698
1696 1697 1699
1698 1696 1699
1699 1697 1700
1698 1699 1701
1699 1700 1702
1701 1699 1702
1702 1700 1703
1701 1702 1704
1702 1703 1705
1704 1702 1705
1705 1703 1706
1704 1705 1707
1707 1705 1706
1708 1709 1710
1711 1709 1708
1711 1712 1709
1713 1712 1711
1713 1714 1712
1713 1715 1714
1716 1715 1713
1716 1717 1715
1718 1717 1716
1718 1719 1717
1720 1719 1718
1720 1721 1719
1722 1721 1720
1722 1723 1721
1724 1723 1722
1724 1725 1723
1726 1725 1724
1726 1727 1725
1728 1727 1726
1728 1729 1730
1728 1730 1731
1729 1732 1730
1732 1731 1730
1729 1733 1732
1732 1734 1731
1735 1732 1733
1734 1732 1735
1734 1735 1736
1735 1733 1737
1735 1738 1736
1737 1739 1735
1735 1739 1738
1737 1740 1739
1739 1740 1741
1738 1739 1742
1739 1741 1742
1738 1742 1743
1742 1741 1744
1743 1742 1745
1742 1744 1745
1743 1745 1746
1744 1747 1745
1747 1746 1745
1744 1748 1747
1749 1747 1748
1749 1750 1747
1751 1750 1749
1747 1752 1746
1750 1752 1747
1751 1753 1750
1750 1753 1752
1752 1754 1746
1755 1746 1754
1751 1756 1753
1756 1751 184
1753 1757 1752
1752 1757 1754
1756 1758 1753
1753 1758 1757
172 1756 184
172 1759 1756
1756 1759 1758
148 1759 172
1759 148 141
1759 141 1758
1757 1758 141
1757 141 1760
1757 1760 1761
1757 1761 1754
1762 1754 1761
1762 1761 1763
1755 1754 1762
1762 1763 1764
1755 1762 1765
1762 1764 1765
1755 1765 1766
1767 1766 1765
1768 1765 1764
1767 1765 1768
1768 1764 1769
1770 1768 1769
1771 1767 1768
1770 1771 1768
1771 1772 1767
1773 1771 1770
1771 1774 1772
1773 1775 1771
1771 1775 1774
1776 1775 1773
1775 1777 1774
1776 1778 1775
1775 1778 1777
1779 1778 1776
1779 1777 1778
1780 1779 1781
1782 1780 1781
1782 1781 1783
1784 1782 1783
1784 1783 1785
1784 1785 1786
1785 1787 1786
1785 1788 1787
1789 1787 1788
1789 1790 1787
1791 1790 1789
1791 1792 1790
1793 1792 1791
1793 1794 1792
1795 1794 1793
1795 1796 1794
141 1796 1795
1797 1798 1799
1798 1800 1799
1798 1801 1800
1801 1802 1800
1801 1803 1802
1803 1804 1802
1803 1805 1804
1804 1805 1806
1804 1806 1807
1806 1808 1807
1806 1809 1808
1810 1808 1809
1810 1811 1808
1811 1810 1812
1811 1812 1813
1812 1814 1813
1812 1815 1814
1816 1814 1815
1816 1815 1817
1816 1817 1818
1816 1818 1819
1818 1820 1819
1821 1822 1823
1824 1823 1822
1824 1825 1823
1826 1823 1825
1822 1827 1824
1822 1828 1827
1828 1829 1827
1828 1830 1829
1829 1830 1831
1829 1831 1832
1832 1831 1833
1827 1829 1834
1832 1834 1829
1835 1824 1827
1827 1834 1835
1832 1833 1836
1836 1833 1837
1838 1825 1824
1835 1838 1824
1832 1839 1834
1836 1839 1832
1836 1837 1840
1840 1837 1841
1836 1842 1839
1840 1842 1836
1840 1841 1843
1844 1843 1841
1844 1845 1843
1845 1844 1846
1845 1846 1847
1848 1847 1846
1848 1849 1847
1849 1845 1847
1848 1850 1849
1849 1851 1845
1850 1851 1849
1851 1843 1845
1850 1852 1851
1851 1852 1853
1851 1854 1843
1851 1853 1854
1854 1840 1843
1854 1853 1855
1854 1856 1840
1854 1855 1856
1840 1856 1842
1855 1842 1856
1855 1857 1842
1858 1842 1857
1858 1839 1842
1859 1839 1858
1859 1834 1839
1834 1859 1860
1834 1860 1835
1861 1835 1860
1861 1838 1835
1861 1862 1838
1861 1863 1862
1838 1862 1825
1862 1863 1864
1865 1825 1862
1826 1825 1865
1862 1864 1866
1865 1862 1866
1864 1867 1866
1864 1868 1867
1867 1868 1869
1866 1870 1865
1866 1867 1870
1865 1870 1871
1865 1871 1826
1872 1870 1867
1871 1870 1872
1867 1869 1873
1872 1867 1873
1869 1874 1873
1869 1875 1874
1874 1875 1876
1873 1877 1872
1873 1874 1877
1874 1876 1878
1877 1874 1878
1878 1876 1879
1871 1872 1880
1872 1877 1880
1878 1879 1881
1881 1879 1882
1877 1878 1883
1883 1878 1881
1884 1871 1880
1884 1826 1871
1885 1880 1877
1886 1877 1883
1885 1887 1880
1884 1880 1887
1885 1888 1887
1888 1884 1887
1888 1885 1889
1888 1889 1890
1886 1891 1889
1890 1892 1888
1888 1892 1884
1890 1893 1892
1884 1894 1826
1892 1894 1884
1893 1895 1892
1892 1895 1894
1893 1896 1895
1896 1897 1895
1897 1894 1895
1896 1898 1897
1899 1826 1894
1897 1899 1894
1899 1900 1826
1901 1900 1899
1902 1897 1898
1902 1898 1903
1897 1904 1899
1901 1899 1904
1897 1902 1904
1903 1905 1902
1905 1904 1902
1903 1906 1905
1907 1901 1904
1905 1907 1904
1907 1908 1901
1909 1908 1907
1910 1905 1906
1910 1906 1911
1912 1910 1911
1913 1907 1905
1909 1907 1913
1913 1905 1910
1912 1914 1910
1914 1913 1910
1915 1914 1912
1916 1909 1913
1914 1916 1913
1916 1917 1909
1915 1918 1914
1918 1916 1914
1919 1918 1915
1917 1916 1920
1918 1920 1916
1919 1920 1918
1917 1920 1921
1919 1921 1920
1922 1923 1924
1923 1925 1924
1923 1926 1925
1927 1925 1926
1927 1926 1928
1928 1929 1927
1928 1930 1929
1929 1930 1931
1929 1931 1932
1931 1933 1932
1931 1934 1933
1935 1933 1934
1935 1936 1933
1937 1936 1935
1937 1935 1938
1939 1937 1938
1939 1940 1937
1941 1940 1939
1941 1942 1940
1942 1941 1943
1942 1943 1944
1945 1944 1943
1945 1943 1946
1947 1945 1948
1947 1948 1949
1947 1949 1950
1947 1950 1951
1952 1953 1954
1952 1954 1955
1954 1956 1955
1952 1955 1957
1956 1957 1955
1952 1957 1958
1958 1957 1959
1954 1960 1956
1954 1961 1960
1960 1961 1962
1960 1962 1963
1956 1960 1963
1963 1962 1964
1963 1964 1965
1963 1965 1966
1965 1964 1967
1965 1967 1968
1966 1965 1968
1968 1967 1969
1956 1963 1970
1963 1966 1970
1956 1970 1971
1966 1972 1970
1956 1971 1973
1956 1973 1957
1971 1974 1973
1968 1969 1975
1968 1975 1976
1975 1969 1977
1975 1977 1978
1976 1975 1978
1978 1977 1979
1978 1979 1980
1981 1980 1979
1980 1981 1982
1957 1973 1983
1974 1983 1973
1968 1976 1984
1966 1968 1984
1966 1984 1985
1976 1985 1984
1976 1978 1986
1978 1980 1986
1980 1982 1987
1988 1987 1982
1980 1989 1986
1976 1986 1989
1980 1987 1989
1987 1990 1989
1976 1989 1991
1976 1991 1985
1990 1991 1989
1966 1985 1992
1966 1992 1972
1974 1972 1992
1988 1993 1987
1987 1993 1990
1988 1994 1993
1993 1994 1990
1988 1995 1994
1994 1996 1990
1990 1996 1997
1990 1997 1998
1990 1998 1991
1998 1997 1999
1991 2000 1985
1991 1998 2000
1998 1999 2000
2000 1992 1985
2000 1999 2001
2000 2002 1992
2000 2001 2002
2002 1974 1992
2002 2001 2003
2002 2004 1974
2002 2003 2004
2004 2003 2005
1974 2004 1983
2004 2005 1983
1983 2005 2006
1983 2006 2007
1957 1983 2007
2007 2006 2008
1957 2007 2009
2007 2008 2009
1957 2009 1959
2009 2008 2010
1959 2009 2011
2009 2010 2011
2011 2010 2012
1959 2011 2013
2011 2012 2014
2013 2011 2014
2014 2012 2015
2016 2013 2014
2016 2017 2013
2014 2015 2018
2019 2018 2015
2020 2016 2014
2020 2014 2018
2021 2017 2016
2021 2016 2020
2021 2022 2017
2023 2022 2021
2023 2021 2024
2025 2024 2021
2021 2020 2025
2026 2025 2020
2019 2027 2018
2027 2019 2028
2029 2020 2018
2026 2020 2029
2029 2018 2027
2027 2028 2030
2030 2029 2027
2030 2028 2031
2026 2029 2032
2030 2032 2029
2026 2032 2033
2034 2033 2032
2030 2031 2035
2035 2031 2036
2037 2032 2030
2034 2032 2037
2037 2030 2035
2035 2036 2038
2038 2037 2035
2038 2036 2039
2034 2037 2040
2038 2040 2037
2034 2040 2041
2042 2041 2040
2043 2040 2038
2042 2040 2043
2038 2039 2044
2043 2038 2044
2045 2042 2043
2045 2043 2044
2045 2046 2042
2047 2046 2045
2039 2048 2044
2045 2044 2048
2039 2049 2048
2047 2045 2050
2050 2045 2048
2051 2047 2050
2052 2048 2049
2050 2048 2052
2051 2050 2052
2052 2049 2053
2051 2052 2053
2054 2055 2056
2055 2057 2056
2055 2058 2057
2058 2059 2057
2060 2059 2058
2061 2060 2058
2062 2059 2060
2062 2063 2059
2064 2065 2066
2064 2066 2067
2064 2067 2068
2069 2068 2067
2069 2070 2068
2069 2071 2070
2069 2072 2071
2071 2072 2073
2071 2073 2074
2074 2073 2075
2074 2075 2076
2077 2076 2075
2077 2075 2078
2078 2079 2077
2078 2080 2079
2081 2079 2080
2081 2080 2082
2083 2081 2082
2084 2085 2086
2084 2086 2087
2087 2086 2088
2087 2088 2089
2089 2088 2090
2089 2090 2091
2091 2090 2092
2091 2092 2093
2093 2092 2094
2093 2094 2095
2096 2095 2094
2096 2097 2095
2097 2098 2095
2099 2097 2096
2100 2098 2097
2099 2100 2097
2100 2101 2098
2099 2102 2100
2102 2101 2100
2099 2103 2102
2102 2104 2101
2105 2102 2103
2106 2104 2102
2105 2106 2102
2106 2107 2104
2107 2106 2108
2105 2108 2106
2105 2109 2108
2108 2109 2110
2108 2110 2111
2112 2108 2111
2112 2113 2108
2114 2112 2111
2110 2115 2111
2114 2111 2115
2110 2116 2115
2115 2117 2114
2116 2118 2115
2115 2118 2117
2116 2119 2118
2120 2117 2118
2121 2118 2119
2120 2118 2121
2121 2119 2122
2121 2122 2123
2120 2121 2124
2121 2123 2124
2120 2124 2125
2126 2124 2123
2127 2125 2124
2126 2127 2124
2127 2128 2125
2127 2126 2129
2128 2127 2130
2127 2129 2130
2128 2130 2131
2130 2129 2132
2133 2131 2130
2130 2132 2134
2133 2130 2134
2135 2134 2132
2136 2133 2134
2135 2136 2134
2136 2137 2133
2135 2138 2136
2138 2137 2136
2135 2139 2138
2138 2140 2137
2141 2138 2139
2142 2140 2138
2141 2142 2138
2142 2143 2140
2142 2141 2144
2145 2143 2142
2142 2144 2146
2145 2142 2146
2144 2147 2146
2147 2145 2146
2148 2149 2150
2151 2150 2152
2151 2152 2153
2153 2152 2154
2153 2154 2155
2155 2154 2156
2155 2156 2157
2149 2158 2159
2158 2160 2159
2149 2159 2161
2159 2160 2162
2161 2159 2163
2159 2162 2163
2161 2163 2164
2163 2162 2165
2166 2164 2163
2163 2165 2167
2166 2163 2167
2167 2165 2168
2166 2167 2169
2167 2168 2169
2166 2169 2170
2169 2168 2171
2172 2170 2169
2169 2171 2173
2172 2169 2173
2173 2171 2174
2172 2173 2175
2173 2174 2175
2172 2175 2176
2175 2174 2177
2178 2176 2175
2175 2177 2179
2178 2175 2179
2179 2177 2180
2178 2179 2181
2179 2180 2181
2178 2181 2182
2183 2181 2180
2184 2182 2181
2183 2184 2181
2184 2185 2182
2183 2186 2184
2186 2185 2184
2183 2187 2186
2186 2188 2185
2189 2186 2187
2190 2188 2186
2189 2190 2186
2190 2191 2188
2190 2189 2192
2193 2191 2190
2190 2192 2194
2193 2190 2194
2194 2192 2195
2193 2194 2196
2194 2195 2196
2193 2196 2197
2196 2195 2198
2197 2196 2199
2196 2198 2199
2197 2199 2200
2199 2198 2201
2200 2199 2202
2199 2201 2202
2200 2202 2203
2201 2204 2202
2204 2203 2202
2205 2206 2207
2208 2206 2205
2209 2206 2208
2209 2208 2210
2211 2209 2210
2211 2210 2212
2213 2210 2208
2210 2214 2212
2213 2215 2210
2210 2215 2214
2215 2213 2216
2214 2215 2217
2215 2216 2217
2214 2217 2218
2217 2219 2218
2216 2220 2217
2217 2220 2219
2216 2221 2220
2220 2222 2219
2221 2223 2220
2220 2223 2222
2221 2224 2223
2223 2224 2225
2222 2223 2226
2223 2225 2226
2222 2226 2227
2226 2225 2228
2227 2226 2229
2226 2228 2229
2227 2229 2230
2229 2228 2231
2230 2229 2232
2229 2231 2232
2230 2232 2233
2232 2231 2234
2233 2232 2235
2232 2234 2235
2233 2235 2236
2237 2235 2234
2237 2236 2235
2238 2239 2240
2241 2238 2240
2241 2242 2238
2243 2242 2241
2243 2244 2242
2245 2244 2243
2245 2246 2244
2247 2246 2245
2247 2245 2248
2249 2247 2248
2249 2248 2250
2251 2249 2250
2251 2252 2249
2253 2252 2251
2253 2254 2252
2255 2254 2253
2255 2256 2254
2257 2256 2255
2258 2253 2251
2259 2255 2253
2258 2259 2253
2260 2258 2251
2260 2251 2261
2262 2260 2261
2262 2263 2260
2264 2263 2262
2264 2265 2263
2265 2260 2263
2265 2266 2260
2258 2260 2266
2258 2266 2267
2258 2267 2268
2259 2258 2268
2267 2269 2268
2268 2269 2270
2268 2270 2271
2259 2268 2271
2271 2270 2272
2259 2271 2273
2259 2273 2255
2271 2272 2274
2271 2274 2273
2274 2272 2275
2255 2273 2276
2274 2276 2273
2274 2275 2277
2276 2274 2277
2255 2276 2278
2257 2255 2278
2275 2279 2277
2275 2280 2279
2281 2279 2280
2281 2280 2282
2283 2281 2282
2283 2284 2281
2285 2281 2284
2276 2277 2286
2278 2276 2286
2279 2286 2277
2257 2278 2287
2278 2286 2287
2257 2287 2288
2289 2288 2287
2289 2287 2290
2279 2291 2286
2291 2287 2286
2281 2291 2279
2291 2290 2287
2281 2292 2291
2292 2290 2291
2285 2292 2281
2292 2293 2290
2285 2293 2292
2285 2294 2293
2295 2296 2297
2296 2298 2297
2296 2299 2298
2300 2298 2299
2301 2300 2299
2302 2300 2301
2302 2303 2300
2299 2304 2301
2304 2302 2301
2299 2305 2304
2304 2305 2306
2304 2306 2307
2307 2306 2308
2309 2303 2302
2302 2310 2309
2309 2311 2303
2304 2312 2302
2304 2307 2312
2302 2312 2310
2313 2311 2309
2310 2313 2309
2313 2314 2311
2315 2314 2313
2307 2316 2312
2310 2312 2316
2313 2317 2315
2318 2315 2317
2317 2319 2318
2307 2308 2320
2316 2307 2320
2310 2321 2313
2313 2321 2317
2317 2322 2319
2323 2319 2322
2317 2321 2324
2310 2324 2321
2317 2324 2322
2310 2316 2325
2310 2325 2324
2323 2322 2326
2326 2327 2323
2326 2328 2327
2322 2324 2329
2322 2329 2326
2329 2328 2326
2329 2324 2325
2329 2330 2328
2331 2330 2329
2329 2325 2331
2331 2332 2330
2333 2332 2331
2325 2316 2334
2325 2334 2331
2334 2333 2331
2334 2316 2320
2320 2333 2334
2320 2335 2333
1882 2335 2320
2308 1882 2320
1881 1882 2308
2336 1881 2308
2336 2308 2337
2336 2337 2338
1883 1881 2336
2336 2338 2339
2339 1883 2336
2339 2338 2299
2339 2299 2340
1891 2339 2340
2339 2341 1883
1891 2341 2339
1886 1883 2341
1886 2341 1891
2342 2343 2344
2345 2344 2343
2345 2346 2344
2347 2346 2345
2347 2348 2346
2347 2349 2348
2347 2350 2349
2351 2349 2350
2351 2350 2352
2351 2352 2353
2351 2353 2354
2355 2351 2354
2356 2354 2353
2356 2353 2357
2358 2356 2357
2359 2360 2361
2359 2362 2360
2362 2359 2363
2362 2364 2360
2365 2362 2363
2363 2366 2365
2362 2367 2364
2365 2367 2362
2367 2368 2364
2367 2369 2368
2370 2369 2367
2365 2370 2367
2370 2371 2369
2366 2372 2365
2372 2370 2365
2373 2371 2370
2372 2373 2370
2373 2374 2371
2366 2375 2372
2375 2373 2372
2366 2376 2375
2374 2373 2377
2375 2377 2373
2374 2377 2378
2376 2379 2375
2379 2377 2375
2376 2380 2379
2381 2378 2377
2379 2381 2377
2381 2382 2378
2380 2383 2379
2383 2381 2379
2380 2384 2383
2385 2382 2381
2383 2385 2381
2385 2386 2382
2387 2386 2385
2384 2388 2383
2384 2389 2388
2390 2388 2389
2391 2385 2383
2387 2385 2391
2391 2383 2388
2390 2392 2388
2392 2391 2388
2393 2392 2390
2394 2387 2391
2392 2394 2391
2394 2395 2387
2393 2396 2392
2396 2394 2392
2397 2396 2393
2395 2394 2398
2396 2398 2394
2397 2398 2396
2395 2398 2399
2397 2399 2398
2400 2401 2402
2400 2403 2401
2403 2400 2404
2403 2404 2405
2406 2405 2404
2406 2407 2405
2408 2407 2406
2409 2405 2407
2409 2410 2405
2409 2411 2410
2410 2411 2412
2410 2412 2413
2409 2407 2414
2414 2407 2415
2408 2415 2407
2414 2415 2416
2417 2415 2408
2416 2415 2417
2417 2408 2418
2416 2417 2419
2420 2417 2418
2419 2417 2420
2420 2418 2421
2419 2420 2422
2423 2420 2421
2424 2422 2420
2423 2424 2420
2424 2425 2422
2426 2424 2423
2425 2424 2427
2426 2428 2424
2425 2427 2429
2426 2430 2428
2426 2431 2430
2432 2430 2431
2433 2429 2427
2433 2434 2429
2435 2434 2433
2436 2437 2438
2436 2439 2437
2440 2439 2436
2439 2441 2437
2440 2442 2439
2439 2443 2441
2442 2443 2439
2443 2444 2441
2442 2445 2443
2443 2446 2444
2445 2446 2443
2445 2447 2446
2446 2448 2444
2447 2449 2446
2446 2449 2448
2447 2450 2449
2451 2449 2450
2452 2448 2449
2451 2452 2449
2452 2453 2448
2452 2451 2454
2453 2452 2455
2452 2454 2455
2453 2455 2456
2455 2454 2457
2456 2455 2458
2455 2457 2458
2456 2458 2459
2458 2457 2460
2459 2458 2461
2458 2460 2461
2459 2461 2462
2461 2460 2463
2462 2461 2464
2461 2463 2464
2462 2464 2465
2464 2463 2466
2465 2464 2467
2464 2466 2467
2465 2467 2468
2467 2466 2469
2468 2467 2469
2470 2471 2472
2470 2473 2471
2474 2473 2470
2474 2475 2473
2476 2471 2473
2475 2476 2473
2476 2477 2471
2475 2478 2476
2479 2477 2476
2478 2479 2476
2478 2480 2479
2479 2481 2477
2482 2479 2480
2483 2481 2479
2482 2483 2479
2483 2484 2481
2485 2483 2482
2485 2484 2483
2485 2482 2486
2486 2487 2485
2485 2488 2484
2487 2488 2485
2486 2489 2487
2487 2490 2488
2491 2487 2489
2492 2490 2487
2491 2493 2487
2492 2487 2493
2493 2491 2494
2492 2493 2495
2493 2494 2495
2492 2495 2496
2497 2496 2495
2497 2495 2494
2498 2494 2499
2494 2500 2499
2494 2501 2500
2502 2500 2501
2502 2501 2503
2504 2502 2503
2504 2505 2502
2506 2505 2504
2506 2507 2505
2506 2508 2507
2506 2509 2508
2510 2508 2509
2510 2509 2511
2512 2510 2511
2512 2511 2513
2513 2514 2512
2513 2515 2514
2516 2517 2518
2516 2518 2519
2519 2518 2520
2519 2520 2521
2519 2522 2516
2521 2523 2519
2519 2523 2522
2521 2524 2523
2525 2523 2524
2526 2522 2523
2525 2526 2523
2526 2527 2522
2526 2528 2527
2525 2529 2526
2526 2529 2528
2525 2530 2529
2529 2530 2531
2528 2529 2532
2529 2531 2532
2528 2532 2533
2532 2531 2534
2533 2532 2535
2532 2534 2535
2533 2535 2536
2535 2537 2536
2535 2538 2537
2537 2538 2539
2537 2539 2540
2498 2540 2539
2534 2541 2535
2534 2542 2541
2541 2542 2543
2498 2544 2543
2541 2543 2544
2545 2546 2547
2545 2548 2546
2549 2548 2545
2548 2550 2546
2549 2551 2548
2551 2549 2552
2548 2553 2550
2551 2553 2548
2554 2550 2553
2554 2553 2555
2556 2554 2555
2551 2552 2557
2558 2557 2552
2558 2559 2557
2551 2560 2553
2555 2553 2560
2556 2555 2561
2561 2562 2556
2559 2563 2557
2559 2564 2563
2565 2551 2557
2560 2551 2565
2565 2557 2563
2555 2560 2566
2566 2560 2565
2561 2555 2566
2561 2567 2562
2567 2568 2562
2564 2569 2563
2564 2570 2569
2563 2571 2565
2566 2565 2571
2563 2569 2571
2561 2566 2572
2572 2567 2561
2570 2573 2569
2570 2574 2573
2566 2571 2575
2566 2575 2572
2576 2571 2569
2576 2569 2573
2575 2571 2576
2574 2577 2573
2576 2573 2577
2574 2578 2577
2577 2578 2579
2572 2580 2567
2575 2580 2572
2576 2581 2575
2575 2581 2580
2576 2577 2582
2576 2582 2581
2577 2579 2583
2583 2582 2577
2580 2584 2567
2567 2584 2568
2585 2568 2584
2585 2586 2568
2587 2586 2585
2580 2588 2584
2581 2588 2580
2588 2585 2584
2582 2589 2581
2581 2589 2588
2582 2590 2589
2583 2590 2582
2591 2583 2579
2591 2579 2592
2593 2588 2589
2590 2593 2589
2594 2590 2583
2594 2583 2591
2590 2594 2593
2592 2595 2591
2592 2596 2595
2591 2597 2594
2591 2595 2597
2598 2597 2595
2596 2599 2595
2598 2595 2599
2596 2600 2599
2599 2601 2598
2599 2600 2602
2599 2603 2601
2599 2602 2603
2604 2601 2603
2604 2603 2602
2605 2593 2594
2606 2605 2594
2607 2605 2606
2607 2608 2605
2608 2607 2609
2608 2609 2610
2611 2610 2609
2593 2605 2612
2613 2605 2608
2613 2612 2605
2614 2612 2613
2608 2615 2613
2608 2610 2615
2614 2613 2615
2611 2616 2610
2616 2615 2610
2617 2616 2611
2617 2611 2618
2616 2619 2615
2619 2616 2617
2593 2612 2620
2593 2620 2588
2588 2620 2585
2612 2585 2620
2612 2621 2585
2614 2621 2612
2587 2585 2621
2587 2621 2614
2587 2614 2622
2614 2623 2622
2614 2615 2624
2614 2624 2623
2624 2615 2619
2623 2624 2625
2624 2619 2625
2623 2625 2626
2625 2619 2627
2619 2617 2627
2626 2625 2628
2625 2627 2628
2626 2628 2629
2630 2629 2628
2630 2628 2631
2631 2628 2627
2632 2630 2631
2631 2627 2633
2633 2627 2617
2632 2631 2633
2633 2617 2634
2632 2633 2634
2634 2617 2618
2632 2634 2635
2634 2618 2635
2636 2637 2638
2636 2639 2637
2637 2639 2640
2637 2640 2641
2640 2642 2641
2640 2643 2642
2644 2642 2643
2645 2642 2644
2640 2646 2643
2646 2644 2643
2645 2644 2647
2645 2647 2648
2649 2648 2647
2647 2644 2650
2646 2650 2644
2649 2647 2651
2649 2651 2652
2651 2653 2652
2649 2652 2654
2655 2654 2652
2651 2656 2653
2651 2657 2656
2650 2658 2657
2655 2652 2659
2653 2659 2652
2660 2655 2659
2646 2661 2650
2661 2658 2650
2646 2662 2661
2640 2662 2646
2640 2663 2662
2661 2664 2658
2665 2663 2640
2665 2666 2663
2667 2666 2665
2667 2665 2636
2668 2658 2664
2668 2669 2658
2670 2669 2668
2671 2658 2669
2671 2672 2658
2673 2671 2669
2670 2674 2669
2673 2669 2674
2670 2675 2674
2675 2673 2674
2670 2676 2675
2675 2677 2673
2675 2676 2678
2679 2677 2675
2675 2678 2680
2679 2675 2680
2679 2680 2681
2680 2678 2682
2680 2682 2681
2682 2683 2681
2682 2684 2683
2683 2684 2685
2683 2685 2686
2685 2687 2686
2685 2688 2687
2688 2689 2687
2690 2691 2692
2690 2692 2653
2690 2653 2693
2653 2694 2693
2653 2695 2694
2695 2696 2694
2653 2697 2659
2659 2697 2698
2659 2698 2699
2660 2659 2699
2700 2660 2699
2701 2699 2698
2700 2699 2701
2701 2698 2702
2700 2701 2703
2701 2702 2703
2704 2705 2706
2704 2707 2705
2708 2707 2704
2705 2707 2709
2705 2709 2710
2710 2709 2711
2710 2711 2712
2713 2712 2711
2713 2714 2712
2715 2714 2713
2715 2716 2714
2717 2716 2715
2717 2715 2718
2717 2718 2719
2708 2720 2707
2707 2721 2709
2707 2720 2721
2722 2720 2708
2722 2721 2720
2722 2708 2723
2722 2724 2721
2709 2721 2725
2724 2725 2721
2709 2725 2711
2724 2726 2725
2711 2725 2727
2726 2727 2725
2711 2727 2713
2726 2728 2727
2713 2727 2729
2728 2729 2727
2713 2729 2715
2728 2730 2729
2715 2729 2731
2730 2731 2729
2730 2732 2731
2715 2731 2718
2732 2733 2731
2718 2731 2733
2732 2734 2733
2718 2733 2735
2718 2735 2719
2734 2736 2733
2735 2733 2736
2734 2737 2736
2735 2736 2738
2738 2739 2735
2719 2735 2739
2740 2719 2739
2741 2740 2739
2742 2741 2739
2737 2743 2736
2742 2736 2743
2737 2744 2743
2742 2745 2741
2742 2743 2745
2745 2746 2741
2744 2747 2743
2745 2743 2747
2744 2748 2747
2748 2749 2747
2745 2750 2746
2745 2747 2750
2750 2751 2746
2749 2752 2747
2752 2750 2747
2753 2752 2749
2750 2754 2751
2752 2754 2750
2754 2755 2751
2753 2756 2752
2756 2754 2752
2757 2756 2753
2754 2758 2755
2756 2758 2754
2758 2759 2755
2757 2760 2756
2760 2758 2756
2761 2760 2757
2758 2762 2759
2760 2762 2758
2762 2763 2759
2761 2764 2760
2764 2762 2760
2765 2764 2761
2762 2766 2763
2764 2766 2762
2766 2767 2763
2765 2768 2764
2768 2766 2764
2769 2768 2765
2766 2770 2767
2768 2770 2766
2770 2771 2767
2769 2772 2768
2772 2770 2768
2773 2772 2769
2770 2774 2771
2772 2774 2770
2773 2775 2772
2775 2774 2772
2776 2775 2773
2777 2771 2774
2775 2777 2774
2777 2778 2771
2777 2779 2778
2776 2780 2775
2780 2777 2775
2777 2781 2779
2780 2781 2777
2782 2779 2781
2782 2781 2780
2782 2783 2779
2784 2783 2782
2785 2780 2776
2782 2780 2785
2784 2782 2785
2785 2776 2786
2784 2785 2786
2787 2788 2789
2787 2789 2790
2787 2790 2791
2787 2791 2792
2792 2791 2793
2792 2793 2794
2793 2795 2794
2793 2796 2795
2795 2796 2797
2795 2797 2798
2797 2799 2798
2797 2800 2799
2799 2800 2801
2799 2801 2802
2803 2802 2801
2803 2801 2804
2803 2804 2805
2803 2805 2806
2805 2807 2806
2805 2808 2807
2808 2809 2807
2808 2810 2809
2810 2811 2809
2810 2812 2811
2812 2813 2811
2812 2814 2813
2814 2815 2813
2814 2816 2815
2816 2817 2815
2816 2818 2817
2818 2819 2817
2818 2820 2819
2821 2819 2820
2821 2822 2819
2821 2823 2822
2821 2824 2823
2825 2823 2824
2825 2826 2823
2827 2826 2825
2828 2829 2830
2828 2830 2831
2828 2831 2832
2828 2832 2833
2833 2832 2834
2833 2834 2835
2834 2836 2835
2834 2837 2836
2836 2837 2838
2836 2838 2839
2838 2840 2839
2838 2841 2840
2840 2841 2842
2840 2842 2843
2842 2844 2843
2842 2845 2844
2845 2846 2844
2845 2847 2846
2847 2848 2846
2847 2849 2848
2849 2850 2848
2849 2851 2850
2851 2852 2850
2851 2853 2852
2853 2854 2852
2853 2855 2854
2856 2854 2855
2856 2855 2857
2858 2856 2857
2858 2857 2859
2860 2858 2859
2860 2859 2861
2862 2860 2861
2862 2861 2863
2864 2862 2863
2864 2863 2865
2866 2864 2865
2866 2867 2864
2868 2867 2866
2869 2870 2871
2869 2871 2872
2872 2873 2869
2872 2874 2873
2874 2875 2873
2874 2876 2875
2875 2876 2877
2875 2877 2878
2877 2879 2878
2877 2880 2879
2880 2881 2879
2880 2882 2881
2882 2883 2881
2882 2884 2883
2884 2885 2883
2884 2886 2885
2885 2886 2887
2885 2887 2888
2887 2889 2888
2887 2890 2889
2891 2889 2890
2891 2890 2892
2893 2891 2892
2893 2892 2894
2895 2893 2894
2895 2896 2893
2897 2896 2895
2897 2898 2899
2899 2898 2900
2899 2900 2901
2901 2900 2902
2903 2899 2901
2904 2899 2903
2904 2903 2905
2904 2905 2906
2905 2903 2907
2903 2901 2907
2906 2905 2908
2905 2907 2908
2906 2908 2909
2910 2909 2908
2910 2908 2911
2911 2908 2907
2912 2910 2911
2911 2907 2913
2914 2907 2901
2901 2902 2915
2914 2901 2915
2915 2902 2916
2912 2911 2917
2917 2911 2913
2917 2913 2918
2919 2912 2917
2920 2917 2918
2914 2915 2921
2915 2916 2921
2914 2921 2922
2921 2916 2923
2924 2922 2921
2921 2923 2925
2924 2921 2925
2926 2925 2923
2927 2924 2925
2926 2927 2925
2926 2928 2927
2927 2929 2924
2928 2929 2927
2926 2930 2928
2928 2931 2929
2928 2930 2932
2933 2931 2928
2928 2932 2934
2933 2928 2934
2935 2934 2932
2936 2933 2934
2935 2936 2934
2936 2937 2933
2935 2938 2936
2938 2937 2936
2935 2939 2938
2940 2938 2939
2938 2941 2937
2940 2942 2938
2942 2941 2938
2942 2940 2943
2942 2943 2944
2944 2943 2945
2944 2945 2946
2947 2946 2945
2947 2948 2946
2948 2949 2946
2949 2944 2946
2948 2950 2949
2951 2942 2944
2949 2951 2944
2942 2952 2941
2951 2952 2942
2953 2941 2952
2954 2941 2953
2950 2955 2949
2950 2956 2955
2955 2956 2957
2955 2957 2958
2959 2955 2958
2960 2949 2955
2960 2951 2949
2959 2960 2955
2951 2961 2952
2951 2960 2961
2961 2960 2959
2953 2952 2961
2961 2959 2962
2953 2961 2962
2953 2962 2963
2964 2953 2963
2964 2965 2953
2954 2953 2965
2966 2954 2965
2964 2967 2965
2966 2965 2967
2964 2968 2967
2966 2967 2969
2968 2969 2967
2966 2969 2970
2968 2971 2969
2972 2970 2969
2973 2969 2971
2972 2969 2973
2973 2971 2974
2920 2972 2973
2919 2973 2974
2920 2973 2975
2919 2975 2973
2920 2975 2917
2919 2917 2975
2976 2977 2978
2976 2978 2979
2978 2980 2979
2978 2981 2980
2981 2982 2980
2981 2983 2982
2982 2983 2984
2982 2984 2985
2986 2985 2984
2986 2987 2985
2987 2986 2988
2987 2988 2989
2989 2988 2990
2989 2990 2991
2991 2990 2992
2991 2992 2993
2993 2992 2994
2993 2994 2995
2994 2996 2995
2994 2997 2996
2998 2996 2997
2998 2999 2996
3000 2999 2998
3000 2998 3001
3002 3000 3001
3002 3003 3004
3003 3005 3004
3002 3006 3003
3002 3007 3006
3003 3008 3005
3006 3008 3003
3007 3009 3006
3006 3009 3008
3007 3010 3009
3009 3010 3011
3009 3011 3012
3008 3009 3012
3013 3012 3011
3005 3008 3014
3008 3012 3014
3005 3014 3015
3014 3016 3015
3014 3017 3016
3017 3014 3012
3017 3018 3016
3013 3019 3012
3017 3012 3019
3020 3019 3013
3017 3021 3018
3019 3021 3017
3020 3022 3019
3019 3022 3021
3023 3022 3020
3023 3024 3022
3024 3021 3022
3025 3024 3023
3026 3018 3021
3024 3026 3021
3026 3027 3018
3028 3027 3026
3024 3028 3026
3028 3029 3027
3030 3029 3028
3025 3031 3024
3024 3031 3028
3032 3031 3025
3030 3028 3033
3031 3033 3028
3034 3030 3033
3032 3035 3031
3031 3035 3033
3035 3032 3036
3035 3036 3037
3033 3035 3037
3037 3036 3038
3034 3033 3039
3033 3037 3039
3040 3034 3039
3037 3040 3039
3040 3041 3034
3042 3041 3040
3037 3038 3043
3037 3043 3040
3044 3043 3038
3042 3040 3045
3043 3045 3040
3046 3042 3045
3044 3047 3043
3043 3047 3045
3047 3044 3048
3047 3048 3049
3045 3047 3049
3050 3049 3048
3050 3051 3049
3049 3051 3052
3046 3045 3053
3045 3049 3053
3049 3052 3053
3053 3054 3046
3053 3052 3054
3055 3056 3057
3055 3057 3058
3059 3055 3058
3057 3060 3058
3057 3061 3060
3059 3058 3062
3063 3059 3062
3063 3062 3064
3062 3065 3064
3058 3066 3062
3062 3066 3065
3058 3060 3066
3065 3066 3067
3067 3066 3060
3065 3067 3068
3067 3069 3068
3070 3060 3061
3067 3060 3070
3070 3061 3071
3072 3070 3071
3072 3067 3070
3072 3071 3073
3067 3074 3069
3072 3074 3067
3074 3075 3069
3076 3072 3073
3076 3073 3077
3078 3074 3072
3074 3078 3075
3078 3072 3076
3075 3078 3079
3079 3078 3076
3075 3079 3080
3079 3081 3080
3082 3076 3077
3079 3076 3082
3082 3077 3083
3084 3082 3083
3079 3085 3081
3085 3086 3081
3079 3082 3087
3084 3087 3082
3079 3087 3085
3085 3088 3086
3087 3088 3085
3089 3086 3088
3084 3090 3087
3087 3090 3088
3084 3091 3090
3091 3092 3090
3088 3090 3092
3091 3093 3092
3094 3092 3093
3094 3095 3092
3088 3092 3095
3089 3088 3095
3096 3089 3095
3096 3097 3098
3096 3099 3097
3100 3098 3097
3099 3100 3097
3100 3101 3098
3102 3101 3100
3099 3103 3100
3103 3102 3100
3102 3104 3101
3103 3105 3102
3106 3104 3102
3102 3105 3107
3106 3102 3108
3102 3107 3108
3109 3106 3108
3108 3107 3110
3109 3108 3111
3108 3110 3111
3112 3109 3111
3110 3112 3111
3112 3113 3109
3110 3114 3112
3115 3113 3112
3112 3114 3116
3115 3112 3117
3112 3116 3117
3118 3115 3117
3117 3116 3119
3118 3117 3120
3117 3119 3120
3120 3119 3121
3122 3118 3120
3120 3121 3123
3122 3120 3123
3124 3123 3121
3124 3125 3123
3125 3122 3123
3125 3126 3122
3127 3128 3129
3127 3130 3128
3131 3128 3130
3131 3132 3128
3133 3131 3130
3134 3130 3127
3133 3130 3134
3134 3127 3135
3136 3133 3134
3136 3134 3135
3136 3137 3133
3136 3135 3138
3139 3137 3136
3140 3136 3138
3139 3136 3140
3140 3138 3141
3139 3140 3142
3142 3140 3141
3139 3142 3143
3142 3141 3144
3145 3143 3142
3145 3142 3144
3145 3144 3146
3145 3147 3143
3148 3145 3146
3149 3147 3145
3148 3149 3145
3149 3150 3147
3151 3149 3148
3152 3150 3149
3151 3152 3149
3152 3153 3150
3154 3152 3151
3155 3153 3152
3154 3155 3152
3155 3156 3153
3157 3155 3154
3157 3156 3155
3158 3159 3160
3158 3161 3159
3161 3162 3159
3161 3163 3162
3164 3162 3163
3164 3163 3165
3165 3166 3164
3165 3167 3166
3168 3166 3167
3168 3167 3169
3170 3168 3169
3170 3169 3171
3171 3172 3170
3171 3173 3172
3174 3172 3173
3174 3175 3172
3176 3175 3174
3176 3177 3175
3178 3177 3176
3179 3180 3181
3179 3182 3180
3182 3183 3180
3182 3184 3183
3183 3184 3185
3183 3185 3186
3185 3187 3186
3185 3188 3187
3189 3187 3188
3189 3188 3190
3189 3190 3191
3189 3191 3192
3193 3192 3191
3193 3191 3194
3195 3193 3194
3195 3194 3196
3197 3195 3196
3197 3198 3195
3199 3198 3197
3200 3201 3202
3200 3202 3203
3204 3200 3203
3202 3205 3203
3202 3206 3205
3206 3207 3205
3206 3208 3207
3209 3207 3208
3209 3208 3210
3211 3209 3210
3211 3210 3212
3213 3211 3212
3213 3214 3211
3214 3213 3215
3214 3215 3216
3216 3215 3217
3216 3217 3218
3218 3217 3219
3218 3219 3220
3220 3219 3221
3220 3221 3222
3222 3221 3223
3222 3223 3224
3224 3223 3225
3224 3225 3226
3226 3225 3227
3226 3227 3228
3228 3227 3229
3228 3229 3230
3230 3229 3231
3230 3231 3232
3232 3231 3233
3218 3220 3234
3220 3222 3235
3220 3235 3234
3236 3222 3224
3236 3235 3222
3237 3224 3226
3237 3236 3224
3238 3226 3228
3238 3237 3226
3239 3228 3230
3239 3238 3228
3240 3230 3232
3240 3239 3230
3218 3234 3241
3216 3218 3241
3216 3241 3242
3214 3216 3242
3214 3242 3243
3211 3214 3243
3211 3243 3244
3209 3211 3244
3209 3244 3245
3207 3209 3245
3207 3245 3246
3205 3207 3246
3205 3246 3247
3203 3205 3247
3203 3247 3248
3204 3203 3248
3249 3204 3248
3249 3248 3247
3249 3250 3204
3249 3247 3251
3251 3247 3246
3251 3246 3252
3252 3246 3245
3252 3245 3253
3253 3245 3244
3253 3244 3254
3254 3244 3243
3254 3243 3255
3242 3255 3243
3242 3256 3255
3256 3242 3241
3256 3241 3257
3257 3241 3234
3257 3234 3258
3258 3234 3235
3258 3235 3259
3235 3260 3259
3235 3236 3260
3261 3260 3236
3261 3236 3237
3262 3261 3237
3262 3237 3238
3263 3262 3238
3263 3238 3239
3264 3263 3239
3264 3239 3240
3265 3264 3240
3265 3240 3266
3267 3265 3266
3266 3240 3232
3267 3266 3268
3269 3267 3268
3266 3232 3270
3268 3266 3270
3232 3233 3270
3271 3270 3233
3268 3270 3271
3271 3233 3272
3271 3272 3273
3269 3268 3274
3274 3268 3271
3271 3273 3275
3274 3271 3275
3276 3275 3273
3276 3274 3275
3276 3273 3277
3278 3276 3277
3279 3269 3274
3276 3279 3274
3278 3279 3276
3279 3280 3269
3278 3280 3279
3281 3282 3283
3281 3284 3282
3281 3285 3284
3281 3286 3285
3286 3287 3285
3286 3288 3287
3287 3288 3289
3287 3289 3290
3289 3291 3290
3289 3292 3291
3291 3292 3293
3291 3293 3294
3293 3295 3294
3293 3296 3295
3297 3295 3296
3297 3298 3295
3297 3299 3298
3297 3300 3299
3299 3300 3301
3299 3301 3302
3302 3301 3303
3302 3303 3304
3304 3303 3305
3304 3305 3306
3306 3305 3307
3306 3307 3308
3308 3307 3309
3308 3309 3310
3310 3309 3311
3310 3311 3312
3312 3311 3313
3312 3313 3314
3315 3314 3313
3315 3313 3316
3315 3316 3317
3315 3317 3318
3319 3318 3317
3319 3317 3320
3321 3319 3320
3322 3323 3324
3322 3325 3323
3322 3326 3325
3322 3327 3326
3327 3328 3326
3327 3329 3328
3328 3329 3330
3328 3330 3331
3330 3332 3331
3330 3333 3332
3332 3333 3334
3332 3334 3335
3334 3336 3335
3334 3337 3336
3336 3337 3338
3336 3338 3339
3339 3338 3340
3339 3340 3341
3341 3340 3342
3341 3342 3343
3343 3342 3344
3343 3344 3345
3345 3344 3346
3345 3346 3347
3347 3346 3348
3347 3348 3349
3350 3349 3348
3350 3351 3349
3352 3351 3350
3352 3353 3351
3354 3353 3352
3354 3355 3353
3356 3355 3354
3356 3357 3355
3358 3357 3356
3358 3359 3357
3360 3359 3358
3360 3358 3361
3362 3360 3361
3363 3364 3365
3363 3366 3364
3367 3366 3363
3364 3366 3368
3364 3368 3369
3367 3370 3366
3371 3370 3367
3371 3372 3370
3370 3372 3373
3366 3370 3374
3370 3373 3374
3366 3374 3368
3373 3375 3374
3375 3368 3374
3373 3376 3375
3375 3376 3377
3378 3369 3368
3375 3378 3368
3378 3379 3369
3380 3379 3378
3380 3378 3375
3380 3381 3379
3375 3377 3382
3380 3375 3382
3382 3377 3383
3384 3381 3380
3384 3385 3381
3386 3380 3382
3382 3383 3386
3386 3384 3380
3383 3387 3386
3387 3384 3386
3383 3388 3387
3387 3388 3389
3390 3385 3384
3387 3390 3384
3390 3391 3385
3392 3391 3390
3387 3389 3393
3393 3389 3394
3387 3395 3390
3392 3390 3395
3387 3393 3395
3393 3394 3396
3395 3393 3396
3397 3396 3394
3392 3395 3398
3395 3396 3398
3392 3398 3399
3398 3400 3399
3397 3401 3396
3401 3397 3402
3396 3403 3398
3398 3403 3400
3396 3401 3403
3401 3402 3404
3403 3401 3404
3405 3404 3402
3400 3403 3406
3403 3404 3406
3405 3406 3404
3400 3406 3407
3405 3407 3406
3408 3409 3410
3408 3411 3409
3412 3411 3408
3412 3413 3411
3411 3413 3414
3409 3411 3415
3411 3414 3415
3409 3415 3416
3415 3414 3417
3416 3415 3418
3415 3417 3418
3416 3418 3419
3418 3417 3420
3419 3418 3420
3417 3421 3420
3419 3420 3422
3423 3420 3421
3423 3422 3420
3424 3423 3421
3423 3425 3422
3423 3424 3426
3425 3423 3427
3423 3426 3427
3425 3427 3428
3427 3426 3429
3428 3427 3430
3427 3429 3430
3428 3430 3431
3432 3431 3430
3430 3429 3433
3432 3430 3434
3430 3433 3434
3434 3435 3432
3433 3436 3434
3434 3436 3435
3433 3437 3436
3438 3436 3437
3439 3435 3436
3438 3439 3436
3439 3440 3435
3441 3439 3438
3441 3440 3439
3442 3443 3444
3442 3445 3443
3445 3446 3443
3447 3445 3442
3445 3448 3446
3447 3449 3445
3449 3448 3445
3450 3449 3447
3449 3451 3448
3450 3452 3449
3452 3451 3449
3453 3452 3450
3452 3454 3451
3453 3455 3452
3455 3454 3452
3456 3455 3453
3455 3457 3454
3456 3458 3455
3458 3457 3455
3459 3458 3456
3458 3460 3457
3459 3461 3458
3461 3460 3458
3462 3461 3459
3461 3463 3460
3462 3464 3461
3464 3463 3461
3465 3464 3462
3464 3466 3463
3465 3467 3464
3467 3466 3464
3468 3467 3465
3467 3469 3466
3468 3470 3467
3470 3469 3467
3471 3470 3468
3470 3472 3469
3471 3473 3470
3473 3472 3470
3474 3473 3471
3473 3475 3472
3474 3476 3473
3476 3475 3473
3477 3476 3474
3476 3478 3475
3477 3479 3476
3479 3478 3476
3480 3479 3477
3479 3481 3478
3480 3482 3479
3482 3481 3479
3482 3483 3481
3480 3484 3482
3484 3483 3482
3484 3485 3486
3485 3487 3486
3485 3488 3487
3487 3488 3489
3487 3489 3490
3490 3489 3491
3486 3487 3492
3490 3492 3487
3490 3491 3493
3494 3493 3491
3494 3495 3493
3496 3495 3494
3496 3494 3497
3498 3496 3497
3498 3499 3496
3500 3499 3498
3500 3501 3499
3502 3501 3500
3502 3503 3501
3504 3503 3502
3504 3505 3503
3506 3505 3504
3506 3504 3507
3508 3506 3507
3508 3509 3506
3510 3509 3508
3510 3511 3509
3511 3510 3512
3511 3512 3513
3514 3515 3516
3514 3517 3515
3518 3517 3514
3518 3519 3517
3517 3519 3520
3515 3517 3521
3517 3520 3521
3515 3521 3522
3521 3520 3523
3522 3521 3524
3521 3523 3524
3522 3524 3525
3523 3526 3524
3526 3525 3524
3526 3527 3525
3523 3528 3526
3529 3527 3526
3530 3526 3528
3529 3526 3530
3530 3528 3531
3532 3529 3530
3531 3532 3530
3532 3533 3529
3531 3534 3532
3535 3533 3532
3534 3535 3532
3535 3536 3533
3534 3537 3535
3538 3536 3535
3537 3538 3535
3538 3539 3536
3537 3540 3538
3541 3539 3538
3540 3541 3538
3540 3542 3541
3541 3543 3539
3541 3542 3544
3541 3544 3545
3543 3541 3545
3546 3545 3544
3546 3544 3547
3548 3546 3547
3548 3549 3546
3549 3545 3546
3549 3550 3545
3543 3545 3550
3551 3550 3549
3552 3551 3549
3543 3550 3553
3551 3553 3550
3552 3554 3551
3554 3553 3551
3552 3555 3554
3555 3556 3554
3554 3556 3553
3555 3557 3556
3556 3557 3558
3556 3558 3559
3559 3553 3556
3559 3558 3560
3543 3553 3561
3559 3561 3553
3562 3543 3561
3559 3560 3563
3561 3559 3563
3562 3561 3564
3561 3563 3564
3565 3562 3564
3565 3564 3566
3566 3564 3563
3567 3565 3566
3568 3563 3560
3566 3563 3568
3568 3560 3569
3570 3568 3569
3566 3568 3570
3570 3569 3571
3572 3570 3571
3567 3566 3573
3566 3570 3573
3574 3567 3573
3572 3575 3570
3573 3570 3575
3576 3575 3572
3574 3573 3577
3573 3575 3577
3577 3578 3574
3577 3579 3578
3575 3579 3577
3579 3580 3578
3576 3581 3575
3575 3581 3579
3582 3581 3576
3579 3581 3582
3582 3576 3583
3584 3582 3583
3579 3585 3580
3579 3582 3585
3586 3580 3585
3584 3587 3582
3585 3582 3587
3588 3587 3584
3586 3585 3589
3585 3587 3589
3589 3590 3586
3589 3591 3590
3587 3591 3589
3592 3590 3591
3592 3591 3593
3591 3594 3593
3588 3595 3587
3587 3595 3591
3591 3595 3594
3595 3588 3596
3595 3596 3594
3597 3598 3599
3598 3597 3600
3597 3601 3600
3597 3602 3601
3603 3604 3605
3603 3606 3604
3606 3607 3604
3606 3608 3607
3606 3609 3608
3606 3603 3610
3606 3611 3609
3606 3610 3611
3611 3612 3609
3610 3613 3611
3611 3613 3612
3610 3614 3613
3615 3612 3613
3616 3613 3614
3615 3613 3616
3616 3614 3617
3618 3616 3617
3619 3615 3616
3618 3620 3616
3619 3616 3620
3621 3620 3618
3622 3619 3620
3621 3622 3620
3622 3623 3619
3624 3622 3621
3624 3623 3622
3625 3626 3627
3625 3627 3628
3628 3627 3629
3628 3630 3625
3628 3629 3631
3628 3632 3630
3631 3632 3628
3632 3633 3630
3631 3634 3632
3632 3635 3633
3634 3635 3632
3635 3636 3633
3634 3637 3635
3635 3638 3636
3637 3638 3635
3638 3639 3636
3637 3640 3638
3638 3641 3639
3640 3641 3638
3641 3642 3639
3640 3643 3641
3641 3644 3642
3643 3644 3641
3644 3645 3642
3643 3646 3644
3646 3645 3644
3647 3648 3649
3647 3650 3648
3650 3651 3648
3650 3652 3651
3653 3652 3650
3654 3650 3647
3653 3650 3654
3654 3647 3655
3656 3653 3654
3657 3654 3655
3656 3654 3657
3657 3655 3658
3659 3656 3657
3660 3657 3658
3659 3657 3660
3660 3658 3661
3662 3659 3660
3663 3660 3661
3662 3660 3663
3663 3661 3664
3665 3662 3663
3666 3663 3664
3665 3663 3666
3666 3664 3667
3668 3665 3666
3669 3666 3667
3668 3666 3669
3669 3667 3670
3671 3668 3669
3669 3670 3672
3671 3669 3673
3673 3669 3672
3674 3671 3673
3674 3673 3672
3674 3675 3671
3674 3672 3676
3677 3675 3674
3677 3674 3676
3677 3678 3675
3677 3676 3679
3680 3678 3677
3681 3677 3679
3680 3677 3681
3681 3679 3682
3680 3681 3683
3681 3682 3684
3681 3685 3683
3681 3684 3685
3686 3687 3688
3686 3689 3687
3687 3689 3690
3687 3690 3691
3691 3690 3692
3691 3692 3693
3692 3694 3693
3692 3695 3694
3695 3696 3694
3695 3697 3696
3696 3697 3698
3696 3698 3699
3698 3700 3699
3698 3701 3700
3700 3701 3702
3700 3702 3703
3702 3704 3703
3702 3705 3704
3706 3707 3708
3706 3708 3709
3710 3706 3709
3710 3709 3711
3708 3712 3709
3712 3711 3709
3708 3713 3712
3712 3714 3711
3715 3712 3713
3716 3714 3712
3715 3716 3712
3716 3717 3714
3718 3716 3715
3719 3717 3716
3718 3720 3716
3719 3716 3720
3721 3720 3718
3722 3719 3720
3721 3722 3720
3722 3723 3719
3724 3723 3722
3725 3722 3721
3724 3722 3725
3725 3721 3726
3727 3725 3726
3728 3724 3725
3727 3728 3725
3728 3729 3724
3730 3728 3727
3731 3729 3728
3730 3731 3728
3731 3732 3729
3731 3730 3733
3734 3732 3731
3735 3731 3733
3734 3731 3735
3736 3737 3738
3736 3739 3737
3737 3739 3740
3738 3737 3741
3737 3740 3741
3738 3741 3742
3743 3741 3740
3744 3742 3741
3743 3745 3741
3744 3741 3745
3746 3745 3743
3745 3747 3744
3746 3748 3745
3745 3748 3747
3749 3748 3746
3750 3747 3748
3749 3750 3748
3750 3751 3747
3752 3750 3749
3750 3753 3751
3752 3754 3750
3750 3754 3753
3754 3755 3753
3756 3754 3752
3754 3757 3755
3756 3757 3754
3758 3755 3757
3759 3757 3756
3758 3757 3759
3759 3756 3760
3761 3758 3759
3762 3759 3760
3761 3759 3762
3762 3760 3763
3764 3762 3763
3765 3761 3762
3764 3765 3762
3765 3766 3761
3767 3765 3764
3765 3768 3766
3767 3769 3765
3765 3769 3768
3770 3771 3772
3770 3772 3773
3774 3770 3773
3775 3771 3770
3775 3776 3771
3774 3777 3770
3777 3775 3770
3778 3776 3775
3778 3779 3776
3780 3777 3774
3780 3774 3781
3777 3782 3775
3782 3778 3775
3783 3779 3778
3783 3784 3779
3785 3777 3780
3785 3782 3777
3780 3781 3786
3786 3781 3787
3780 3788 3785
3780 3786 3788
3789 3782 3785
3789 3785 3788
3782 3790 3778
3789 3790 3782
3778 3790 3791
3778 3791 3783
3790 3789 3791
3792 3784 3783
3792 3793 3784
3786 3787 3794
3794 3787 3795
3794 3795 3796
3794 3796 3797
3786 3794 3798
3794 3797 3798
3786 3798 3788
3789 3788 3799
3799 3788 3798
3800 3798 3797
3799 3798 3800
3800 3797 3801
3800 3801 3802
3800 3802 3803
3799 3800 3803
3804 3803 3802
3789 3799 3805
3799 3803 3805
3789 3805 3791
3804 3806 3803
3806 3805 3803
3804 3807 3806
3804 3808 3807
3809 3807 3808
3806 3810 3805
3810 3791 3805
3807 3810 3806
3810 3811 3791
3811 3783 3791
3811 3792 3783
3812 3811 3810
3807 3812 3810
3813 3792 3811
3812 3813 3811
3814 3813 3812
3813 3815 3792
3814 3815 3813
3815 3793 3792
3815 3816 3793
3817 3816 3815
3814 3817 3815
3817 3818 3816
3819 3818 3817
3819 3817 3820
3820 3817 3814
3821 3819 3820
3822 3812 3807
3814 3812 3822
3821 3820 3823
3824 3821 3823
3820 3814 3825
3823 3820 3825
3814 3826 3825
3814 3822 3826
3822 3827 3826
3822 3807 3828
3822 3828 3827
3809 3828 3807
3809 3827 3828
3809 3829 3827
3830 3827 3829
3823 3825 3831
3831 3825 3826
3824 3823 3831
3831 3826 3832
3832 3826 3827
3824 3831 3832
3830 3833 3827
3824 3833 3830
3832 3827 3833
3824 3832 3833
3834 3835 3836
3834 3836 3837
3836 3838 3837
3835 3839 3836
3836 3839 3838
3835 3840 3839
3841 3838 3839
3842 3839 3840
3841 3839 3843
3842 3843 3839
3844 3841 3843
3843 3842 3845
3844 3843 3846
3843 3845 3846
3847 3844 3846
3848 3846 3845
3847 3846 3848
3848 3845 3849
3850 3847 3848
3848 3849 3851
3850 3848 3852
3848 3851 3852
3852 3851 3853
3854 3850 3852
3852 3853 3855
3854 3852 3855
3856 3855 3853
3857 3854 3855
3856 3857 3855
3857 3858 3854
3859 3857 3856
3860 3858 3857
3859 3860 3857
3860 3861 3858
3862 3861 3860
3863 3860 3859
3862 3860 3863
3863 3859 3864
3865 3862 3863
3863 3864 3866
3865 3863 3867
3863 3866 3867
3868 3869 3870
3868 3871 3869
3869 3872 3870
3871 3873 3869
3869 3873 3872
3871 3874 3873
3875 3872 3873
3873 3874 3876
3875 3873 3877
3873 3876 3877
3877 3878 3875
3876 3879 3877
3877 3879 3878
3876 3880 3879
3879 3881 3878
3882 3879 3880
3879 3882 3881
3883 3881 3882
3882 3880 3884
3884 3883 3882
3883 3885 3881
3884 3886 3883
3883 3887 3885
3888 3883 3886
3883 3889 3887
3888 3889 3883
3889 3890 3887
3891 3889 3888
3889 3892 3890
3891 3892 3889
3892 3893 3890
3891 3894 3892
3892 3895 3893
3894 3895 3892
1495 3896 3897
1495 3897 1499
1516 1499 3897
3896 3898 3897
3896 3899 3898
3897 3900 1516
3897 3898 3900
1516 3900 1519
3899 3901 3898
3899 3902 3901
3903 3900 3898
3903 3898 3901
3904 1519 3900
3904 3900 3903
3904 3905 1519
3904 3906 3905
3907 3906 3904
3903 3907 3904
3906 3907 3908
3902 3909 3901
3902 3910 3909
3909 3910 3911
3901 3912 3903
3903 3912 3907
3901 3909 3912
3913 3908 3907
3913 3907 3912
3913 3914 3908
3909 3915 3912
3913 3912 3915
3914 3913 3916
3915 3916 3913
3914 3916 3917
3918 3917 3916
3909 3911 3919
3909 3919 3915
3920 3919 3911
3915 3919 3920
3920 3911 3921
3918 3916 3922
3923 3918 3922
3915 3924 3916
3922 3916 3924
3915 3920 3924
3922 3924 3925
3923 3922 3925
3925 3924 3920
3926 3920 3921
3925 3920 3926
3923 3925 3926
3926 3921 3927
3923 3926 3927
3928 3929 3930
3928 3930 3931
3928 3931 3932
3931 3933 3932
3931 3934 3933
3934 263 3933
3934 256 263
3934 3935 256
256 3935 3936
3936 3935 3937
3934 3938 3935
3939 3938 3934
3939 3934 3931
3940 3939 3931
3929 3940 3941
3940 3931 3941
253 3937 3942
253 3942 3943
3944 253 3943
3945 3944 3943
3946 3943 3942
3945 3943 3947
3946 3947 3943
3947 3948 3945
3949 3947 3946
3947 3949 3948
3949 3946 3950
3949 3950 3951
3948 3949 3952
3949 3951 3952
3948 3952 3953
3952 3954 3953
3955 3952 3951
3952 3955 3954
3955 3951 3956
3955 3956 3957
3954 3955 3958
3955 3957 3958
3954 3958 3959
3958 3960 3959
3957 3961 3958
3958 3961 3960
3957 3962 3961
3961 3963 3960
3962 3963 3961
3964 3965 184
196 184 3965
3964 3966 3965
3966 196 3965
3966 3967 196
3964 3968 3966
3969 3967 3966
3970 3966 3968
3969 3966 3970
3970 3968 3971
3972 3969 3970
3972 3970 3971
3972 3973 3969
3972 3971 3974
3975 3973 3972
3976 3972 3974
3975 3972 3976
3976 3974 3977
3978 3975 3976
3979 3976 3977
3978 3976 3979
3979 3977 3980
3981 3979 3980
3982 3978 3979
3981 3982 3979
3982 3983 3978
3984 3982 3981
3985 3983 3982
3984 3985 3982
3985 3986 3983
3987 3986 3985
3988 3985 3984
3987 3985 3988
3988 3984 3989
3990 3988 3989
3991 3987 3988
3990 3991 3988
3991 3992 3987
3993 3991 3990
3991 3994 3992
3993 3995 3991
3991 3995 3994
3995 3993 3996
3996 3994 3995
3997 3998 3999
3997 3999 4000
3999 4001 4000
3998 4002 3999
3999 4002 4001
3998 4003 4002
4001 4002 4004
4003 4004 4002
4003 4005 4004
4001 4004 4006
4004 4005 4007
4006 4004 4008
4004 4007 4008
4006 4008 4009
4010 4008 4007
4011 4009 4008
4010 4011 4008
4011 4012 4009
4013 4011 4010
4013 4012 4011
4013 4014 4012
4013 4010 4015
4013 4016 4014
4015 4017 4013
4013 4017 4016
4015 4018 4017
4017 4019 4016
4020 4017 4018
4017 4021 4019
4020 4021 4017
4021 4022 4019
4023 4021 4020
4021 4024 4022
4023 4024 4021
4024 4025 4022
4026 4024 4023
4024 4027 4025
4026 4027 4024
4028 4025 4027
4027 4026 4029
4028 4027 4030
4027 4029 4030
4031 4032 4033
4032 4034 4033
4031 4035 4032
4036 4035 4031
4032 4037 4034
4038 4034 4037
4038 4037 4039
4039 4040 4038
4039 4041 4040
4042 4040 4041
4042 4041 4043
4041 4044 4043
4041 4045 4044
4046 4045 4041
4046 4041 4039
4037 4046 4039
4037 4047 4046
4032 4047 4037
4032 4048 4047
4049 4048 4032
4049 4032 4035
4049 4035 4050
4049 4050 4051
4036 4050 4035
4051 4050 4052
4036 4052 4050
4036 4053 4052
4051 4052 4054
4055 4052 4053
4056 4054 4052
4055 4056 4052
4056 4057 4054
4058 4056 4055
4059 4057 4056
4058 4060 4056
4059 4056 4060
4058 4061 4060
4059 4060 4061
4058 4062 4061
4059 4061 3493
4061 4062 4063
3493 4061 4064
4061 4063 4064
3493 4064 3490
4064 4063 4065
3490 4064 3492
4064 4065 3492
4066 3492 4065
3486 3492 4066
4066 4065 4067
4068 3486 4066
4068 4066 4067
