byte offset: 0
first index: 80703
index count: 2904
topology: trianglelist
format: DXGI_FORMAT_R16_UINT

21430 21431 21432
21433 21434 21435
21436 21437 21438
21437 21436 21439
21440 21441 21442
21440 21443 21441
21444 21443 21440
21444 21440 21445
21445 21446 21444
21443 21444 21447
21444 21446 21448
21448 21447 21444
21448 21449 21447
21448 21450 21449
21451 21450 21448
21452 21450 21451
21452 21453 21450
21451 21454 21452
21455 21453 21452
21454 21456 21452
21457 21456 21454
21452 21458 21455
21452 21456 21458
21459 21455 21458
21457 21460 21456
21458 21456 21460
21458 21460 21461
21457 21462 21460
21460 21463 21461
21461 21463 21464
21461 21464 21465
21459 21458 21466
21466 21458 21461
21466 21467 21459
21466 21468 21467
21469 21468 21466
21469 21470 21468
21471 21470 21469
21469 21472 21471
21466 21461 21473
21469 21466 21473
21474 21473 21461
21474 21461 21465
21474 21469 21473
21469 21475 21472
21474 21475 21469
21476 21472 21475
21477 21474 21465
21475 21474 21477
21477 21465 21478
21476 21475 21479
21475 21477 21479
21480 21476 21479
21481 21477 21478
21479 21477 21481
21481 21478 21482
21480 21479 21483
21479 21481 21483
21484 21480 21483
21484 21483 21485
21481 21485 21483
21486 21484 21485
21487 21481 21482
21481 21487 21485
21487 21482 21488
21486 21485 21489
21485 21487 21489
21489 21490 21486
21489 21491 21490
21491 21489 21487
21491 21492 21490
21493 21487 21488
21491 21487 21493
21493 21488 21494
21495 21493 21494
21491 21493 21495
21495 21494 21496
21491 21497 21492
21491 21495 21497
21497 21498 21492
21499 21495 21496
21497 21495 21499
21497 21500 21498
21497 21499 21500
21501 21498 21500
21501 21500 21502
21499 21502 21500
21503 21501 21502
21499 21496 21504
21504 21496 21505
21503 21502 21506
21506 21507 21503
21499 21508 21502
21508 21499 21504
21508 21506 21502
21509 21504 21505
21508 21504 21509
21509 21505 21510
21506 21511 21507
21512 21507 21511
21512 21511 21513
21508 21514 21506
21514 21508 21509
21514 21511 21506
21510 21515 21509
21514 21509 21515
21516 21514 21515
21510 21517 21515
21517 21516 21515
21517 21518 21516
21517 21519 21518
21518 21519 21520
21518 21520 21521
21518 21521 21522
21522 21523 21518
21518 21523 21524
21518 21524 21525
21516 21518 21525
21516 21525 21526
21527 21516 21526
21516 21528 21514
21527 21528 21516
21514 21528 21511
21528 21527 21513
21528 21513 21511
21529 21530 21531
21529 21532 21530
21533 21532 21529
21533 21529 21534
21535 21533 21534
21535 21534 21536
21537 21535 21536
21537 21536 21538
21539 21537 21538
21539 21538 21540
21541 21539 21540
21541 21540 21542
21543 21541 21542
21543 21542 21544
21545 21543 21544
21545 21544 21546
21547 21545 21546
21547 21546 21548
21549 21547 21548
21549 21548 21550
21551 21549 21550
21551 21550 21552
21553 21551 21552
21553 21554 21551
21553 21555 21554
21553 21556 21555
21557 21555 21556
21557 21558 21555
21558 21557 21559
21558 21559 21560
21560 21559 21561
21560 21561 21562
21563 21562 21561
21563 21561 21564
21565 21566 21567
21565 21568 21566
21568 21569 21566
21568 21570 21569
21570 21571 21569
21570 21572 21571
21572 21573 21571
21572 21574 21573
21574 21575 21573
21574 21576 21575
21577 21575 21578
21577 21579 21575
21580 21579 21577
21580 21581 21579
21582 21581 21580
21582 21583 21581
21584 21583 21582
21584 21585 21583
21586 21585 21584
21586 21587 21585
21588 21589 21590
21588 21590 21591
21592 21588 21591
21592 21591 21593
21594 21592 21593
21594 21593 21595
21596 21597 21598
21596 21599 21597
21597 21599 21600
21597 21600 21601
21602 21603 21604
21605 21602 21604
21605 21604 21606
21607 21605 21606
21607 21606 21608
21609 21607 21608
21609 21608 21610
21611 21609 21610
21611 21610 21612
21613 21611 21612
21613 21612 21614
21615 21613 21614
21615 21614 21616
21617 21615 21616
21617 21616 21618
21619 21617 21618
21619 21618 21620
21621 21619 21620
21621 21620 21622
21623 21621 21622
21623 21622 21624
21625 21623 21624
21625 21624 21626
21627 21625 21626
21628 21629 21630
21628 21631 21629
21628 21632 21631
21629 21631 21633
21631 21632 21633
21629 21633 21634
21633 21632 21635
21636 21634 21633
21637 21634 21636
21638 21637 21636
21635 21639 21633
21636 21633 21639
21635 21640 21639
21638 21636 21641
21639 21641 21636
21642 21638 21641
21640 21643 21639
21639 21643 21641
21640 21644 21643
21642 21641 21645
21643 21645 21641
21646 21642 21645
21644 21647 21643
21643 21647 21645
21644 21648 21647
21646 21645 21649
21647 21649 21645
21650 21646 21649
21648 21651 21647
21647 21651 21649
21651 21650 21649
21648 21652 21651
21651 21653 21650
21652 21653 21651
21654 21650 21653
21652 21655 21653
21654 21653 21656
21655 21656 21653
21657 21654 21656
21655 21658 21656
21657 21656 21659
21658 21659 21656
21659 21660 21657
21658 21661 21659
21659 21662 21660
21661 21662 21659
21663 21664 21665
21663 21666 21664
21667 21666 21663
21667 21668 21666
21669 21670 21671
21669 21671 21672
21673 21669 21672
21673 21674 21669
21674 21673 21675
21672 21676 21673
21673 21677 21675
21677 21673 21676
21677 21676 21678
21677 21678 21679
21680 21677 21679
21681 21680 21679
21681 21679 21682
21680 21681 21683
21684 21681 21682
21683 21681 21685
21684 21685 21681
21686 21683 21685
21684 21687 21685
21688 21687 21684
21686 21685 21689
21687 21689 21685
21687 21690 21689
21686 21689 21691
21689 21690 21692
21690 21693 21692
21690 21694 21693
21688 21695 21687
21695 21690 21687
21695 21688 21696
21695 21696 21697
21698 21695 21697
21698 21697 21699
21700 21698 21699
21698 21700 21701
21695 21702 21690
21698 21702 21695
21703 21690 21702
21703 21694 21690
21703 21702 21698
21698 21701 21704
21703 21698 21704
21705 21704 21701
21706 21694 21703
21704 21706 21703
21706 21707 21694
21705 21708 21704
21704 21708 21706
21709 21708 21705
21710 21707 21706
21708 21710 21706
21710 21711 21707
21709 21712 21708
21708 21712 21710
21713 21712 21709
21714 21711 21710
21714 21715 21711
21710 21712 21716
21713 21716 21712
21710 21716 21714
21717 21715 21714
21717 21718 21715
21716 21719 21714
21714 21719 21717
21713 21720 21716
21716 21720 21719
21721 21720 21713
21720 21721 21719
21721 21717 21719
21722 21721 21713
21721 21722 21723
21721 21723 21724
21724 21717 21721
21724 21723 21725
21726 21718 21717
21724 21726 21717
21726 21727 21718
21724 21725 21728
21724 21728 21726
21728 21725 21729
21730 21727 21726
21728 21730 21726
21728 21729 21731
21728 21731 21730
21732 21731 21729
21732 21733 21731
21730 21731 21733
21734 21733 21732
21730 21735 21727
21735 21736 21727
21734 21737 21733
21737 21734 21738
21730 21733 21739
21739 21735 21730
21739 21733 21737
21740 21736 21735
21739 21740 21735
21740 21741 21736
21737 21738 21742
21743 21742 21738
21743 21744 21742
21739 21737 21745
21745 21740 21739
21745 21737 21742
21741 21740 21746
21745 21746 21740
21747 21746 21745
21741 21746 21748
21748 21746 21747
21748 21747 21749
21748 21749 21750
21749 21751 21750
21749 21752 21751
21749 21753 21752
21753 21749 21754
21749 21755 21754
21749 21756 21755
21747 21756 21749
21747 21757 21756
21758 21757 21747
21747 21745 21759
21758 21747 21759
21745 21742 21759
21759 21744 21758
21759 21742 21744
21760 21761 21762
21760 21762 21763
21764 21760 21763
21764 21765 21760
21766 21765 21764
21766 21767 21765
21768 21767 21766
21768 21769 21767
21770 21769 21768
21770 21771 21769
21772 21771 21770
21772 21773 21771
21774 21773 21772
21774 21775 21773
21776 21775 21774
21776 21777 21775
21778 21777 21776
21778 21779 21777
21780 21779 21778
21780 21781 21779
21782 21781 21780
21782 21783 21781
21784 21783 21782
21784 21782 21785
21784 21785 21786
21784 21786 21787
21788 21787 21786
21788 21786 21789
21789 21790 21788
21789 21791 21790
21791 21792 21790
21791 21793 21792
21794 21792 21793
21794 21795 21792
21796 21797 21798
21796 21799 21797
21800 21799 21796
21800 21801 21799
21802 21801 21800
21802 21803 21801
21804 21805 21806
21804 21806 21807
21806 21808 21807
21806 21809 21808
21810 21811 21812
21813 21811 21810
21813 21814 21811
21815 21814 21813
21815 21816 21814
21817 21816 21815
21817 21818 21816
21819 21818 21817
21819 21820 21818
21821 21820 21819
21821 21822 21820
21823 21822 21821
21823 21824 21822
21825 21824 21823
21825 21826 21824
21827 21826 21825
21827 21828 21826
21829 21828 21827
21829 21830 21828
21831 21830 21829
21831 21832 21830
21833 21832 21831
21833 21834 21832
21835 21834 21833
21836 21837 21838
21836 21838 21839
21836 21839 21840
21838 21841 21839
21839 21841 21840
21838 21842 21841
21841 21843 21840
21844 21841 21842
21845 21844 21842
21846 21844 21845
21843 21841 21847
21844 21847 21841
21843 21847 21848
21846 21849 21844
21847 21844 21849
21850 21849 21846
21848 21847 21851
21847 21849 21851
21848 21851 21852
21850 21853 21849
21851 21849 21853
21854 21853 21850
21852 21851 21855
21851 21853 21855
21852 21855 21856
21854 21857 21853
21855 21853 21857
21858 21857 21854
21856 21855 21859
21855 21857 21859
21859 21857 21858
21856 21859 21860
21859 21858 21861
21860 21859 21861
21862 21861 21858
21860 21861 21863
21862 21864 21861
21863 21861 21864
21865 21864 21862
21863 21864 21866
21865 21867 21864
21866 21864 21867
21867 21865 21868
21866 21867 21869
21867 21868 21870
21869 21867 21870
21871 21872 21873
21871 21873 21874
21875 21871 21874
21875 21874 21876
21877 21878 21879
21880 21879 21878
21881 21882 21883
21881 21883 21884
21885 21881 21884
21884 21883 21886
21885 21884 21887
21884 21886 21888
21889 21887 21884
21889 21884 21888
21890 21891 5614
21890 5614 21892
21893 21890 21892
21893 21894 21890
21895 21894 21893
21895 21896 21894
21897 21896 21895
21897 21898 21896
21899 21898 21897
21899 21900 21898
21901 21900 21899
21901 21902 21900
21903 21902 21901
21903 21904 21902
21905 21904 21903
21905 21906 21904
21905 21907 21906
21905 21908 21907
21909 21907 21908
21909 21908 21910
21911 21909 21910
21911 21910 21912
21913 21914 21915
21913 21915 21916
21916 21915 21917
21918 21919 21920
21918 21921 21919
21922 21921 21918
21923 21924 21925
21923 21925 21926
21927 21923 21926
21926 21925 21928
21927 21926 21929
21926 21928 21930
21931 21929 21926
21931 21926 21930
21932 21933 21934
21935 21932 21934
21935 21936 21932
21937 21936 21935
21937 21938 21936
21939 21938 21937
21939 21940 21938
21941 21940 21939
21941 21942 21940
21943 21942 21941
21943 21944 21942
21945 21944 21943
21945 21946 21944
21947 21946 21945
21947 21948 21946
21949 21948 21947
21949 21950 21948
21951 21950 21949
21951 21952 21950
21953 21954 21955
21954 21956 21955
21954 21957 21956
21956 21957 21958
21956 21958 21959
21959 21958 21960
21959 21960 21961
21961 21960 21962
21961 21962 21963
21963 21962 21964
21963 21964 21965
21965 21964 21966
21965 21966 21967
21967 21966 21968
21967 21968 21969
21968 21970 21969
21968 21971 21970
21971 21972 21970
21971 21973 21972
21974 21975 21976
21974 21976 21977
21978 21974 21977
21978 21977 21979
21976 21980 21977
21980 21979 21977
21976 21981 21980
21980 21982 21979
21981 21983 21980
21983 21982 21980
21981 21984 21983
21983 21985 21982
21984 21986 21983
21986 21985 21983
21984 21987 21986
21986 21988 21985
21989 21990 21991
21989 21991 21992
21992 21991 21993
21992 21993 21994
21994 21993 21995
21994 21995 21996
21996 21995 21997
21996 21997 21998
21999 22000 22001
21999 22001 22002
22001 22003 22002
22001 22004 22003
22004 22005 22003
22004 22006 22005
22006 22007 22005
22006 22008 22007
22009 22010 22011
22009 22011 22012
22013 22009 22012
22013 22012 22014
22015 22016 22017
22015 22017 22018
22019 22015 22018
22019 22018 22020
22021 22022 22023
22021 22023 22024
22024 22023 22025
22026 22021 22024
22026 22027 22021
22028 22026 22024
22024 22025 22029
22028 22024 22029
22029 22025 22030
22031 22028 22029
22029 22030 22032
22031 22029 22032
22033 22032 22030
22033 22034 22032
22034 22031 22032
22034 22035 22031
22036 22037 22038
22036 22039 22037
22040 22039 22036
22039 22041 22037
22040 22042 22039
22039 22043 22041
22044 22039 22042
22044 22043 22039
22045 11407 22046
22045 22047 11407
22048 22047 22045
22048 22045 22049
22050 22048 22049
22050 22049 22051
22052 22050 22051
22052 22051 22053
22054 22052 22053
22054 22053 22055
22056 22054 22055
22056 22055 22057
22058 22056 22057
22058 22057 22059
22060 22058 22059
22060 22059 22061
22060 22061 22062
22060 22062 22063
22064 22063 22062
22064 22065 22063
22066 22065 22064
22066 22067 22065
22068 22069 22070
22068 22071 22069
22071 22072 22069
22073 22074 22075
22073 22075 22076
22077 22073 22076
22078 22079 22080
22078 22081 22079
22082 22081 22078
22081 22083 22079
22082 22084 22081
22081 22085 22083
22086 22081 22084
22086 22085 22081
22087 22088 22089
22090 22088 22087
22090 22087 22091
22092 22090 22091
22092 22091 22093
22094 22092 22093
22094 22093 22095
22096 22094 22095
22096 22095 22097
22098 22096 22097
22098 22097 22099
22100 22098 22099
22100 22099 22101
22102 22100 22101
22102 22101 22103
22104 22102 22103
22104 22103 22105
22106 22104 22105
22106 22105 22107
22108 22109 22110
22110 22109 22111
22110 22111 22112
22111 22113 22112
22111 22114 22113
22114 22115 22113
22114 22116 22115
22116 22117 22115
22116 22118 22117
22118 22119 22117
22118 22120 22119
22120 22121 22119
22120 22122 22121
22122 22123 22121
22122 22124 22123
22123 22124 22125
22123 22125 22126
22126 22125 22127
22126 22127 22128
22129 22130 22131
22129 22132 22130
22129 22133 22132
22134 22132 22133
22134 22133 22135
22136 22134 22135
22136 22135 22137
22138 22136 22137
22139 22138 22137
22140 22135 22133
22140 22137 22135
22133 22129 22141
22140 22133 22141
22142 22140 22141
22129 22131 22143
22141 22129 22143
22131 22144 22143
22141 22143 22144
22131 22145 22144
22144 22145 22146
22139 22137 22147
22147 22137 22140
22141 22144 22148
22142 22141 22148
22144 22146 22149
22148 22144 22149
22146 22150 22149
22149 22150 22151
22149 22151 22152
22148 22149 22152
22152 22151 22153
22154 22139 22147
22154 22155 22139
22154 22156 22155
22157 22147 22140
22157 22154 22147
22142 22157 22140
22148 22152 22158
22142 22148 22158
22152 22153 22159
22158 22152 22159
22159 22153 22160
22154 22161 22156
22157 22161 22154
22158 22159 22162
22159 22160 22162
22156 22161 22163
22156 22163 22164
22164 22163 22165
22157 22166 22161
22166 22163 22161
22142 22166 22157
22165 22163 22167
22166 22167 22163
22165 22167 22168
22168 22167 22169
22166 22169 22167
22168 22169 22170
22142 22158 22171
22171 22158 22162
22172 22162 22160
22171 22162 22172
22172 22160 22173
22174 22172 22173
22142 22175 22166
22166 22175 22169
22142 22171 22175
22176 22170 22169
22169 22175 22176
22176 22177 22170
22176 22178 22177
22179 22172 22174
22171 22172 22179
22175 22171 22179
22179 22174 22180
22178 22179 22180
22176 22181 22178
22175 22181 22176
22175 22179 22181
22178 22181 22179
22182 22183 22184
22183 22185 22184
22182 22186 22183
22187 22186 22182
22187 22188 22186
22189 22188 22187
22189 22190 22188
22191 22190 22189
22191 22192 22190
22193 22192 22191
22183 22194 22185
22186 22195 22183
22195 22194 22183
22196 22186 22188
22186 22196 22195
22190 22197 22188
22196 22188 22197
22185 22194 22198
22185 22198 22199
22195 22200 22194
22198 22194 22200
22196 22201 22195
22201 22200 22195
22192 22202 22190
22190 22202 22197
22203 22196 22197
22196 22203 22201
22199 22198 22204
22199 22204 22205
22202 22206 22197
22203 22197 22206
22205 22204 22207
22205 22207 22208
22208 22207 22209
22208 22209 22210
22210 22209 22211
22210 22211 22212
22212 22211 22213
22212 22213 22214
22214 22213 22215
22214 22215 22216
22216 22215 22217
22216 22217 22218
22219 22218 22217
22219 22220 22218
22215 22221 22217
22219 22217 22221
22213 22222 22215
22215 22222 22221
22223 22213 22211
22213 22223 22222
22209 22224 22211
22223 22211 22224
22225 22220 22219
22225 22226 22220
22225 22219 22227
22219 22221 22227
22228 22226 22225
22228 22225 22227
22228 22229 22226
22230 22229 22228
22230 22228 22227
22230 22231 22229
22230 22227 22232
22232 22231 22230
22221 22232 22227
22232 22233 22231
22221 22234 22232
22234 22233 22232
22222 22234 22221
22234 22235 22233
22222 22236 22234
22235 22234 22236
22223 22236 22222
22235 22236 22237
22223 22238 22236
22237 22236 22238
22237 22238 22239
22238 22223 22224
22239 22238 22240
22238 22224 22240
22239 22240 22241
22242 22240 22224
22209 22242 22224
22207 22242 22209
22241 22240 22243
22242 22243 22240
22241 22243 22244
22207 22245 22242
22245 22243 22242
22204 22245 22207
22244 22243 22246
22245 22246 22243
22244 22246 22247
22204 22248 22245
22248 22246 22245
22198 22248 22204
22247 22246 22249
22248 22249 22246
22247 22249 22250
22198 22251 22248
22251 22249 22248
22198 22200 22251
22250 22249 22252
22251 22252 22249
22250 22252 22253
22252 22254 22253
22251 22200 22255
22251 22255 22252
22252 22255 22254
22201 22255 22200
22254 22255 22201
22254 22201 22256
22256 22201 22203
22256 22203 22257
22257 22203 22206
22257 22206 22258
22258 22206 22259
22258 22259 22260
22202 22259 22206
22260 22259 22261
22260 22261 22262
22263 22259 22202
22263 22261 22259
22192 22263 22202
22262 22261 22264
22262 22264 22265
22266 22263 22192
22193 22266 22192
22267 22261 22263
22267 22264 22261
22266 22267 22263
22265 22264 22268
22268 22264 22267
22265 22268 22269
22270 22266 22193
22270 22193 22271
22272 22270 22271
22273 22267 22266
22268 22267 22273
22273 22266 22270
22269 22268 22274
22273 22274 22268
22269 22274 22275
22272 22276 22270
22276 22273 22270
22277 22276 22272
22275 22274 22278
22275 22278 22279
22273 22280 22274
22276 22280 22273
22278 22274 22280
22277 22281 22276
22276 22281 22280
22282 22281 22277
22279 22278 22283
22283 22278 22280
22279 22283 22282
22282 22283 22281
22280 22281 22283
