byte offset: 0
first index: 68919
index count: 11784
topology: trianglelist
format: DXGI_FORMAT_R16_UINT

18019 18020 18021
18022 18023 18019
18024 18023 18025
18024 18026 18023
18026 18027 18023
18026 18028 18027
18028 18029 18027
18028 18030 18029
18030 18031 18029
18032 18033 18034
18035 18036 18037
18038 18039 18036
18040 18038 18041
18042 18040 18041
18042 18043 18040
18042 18044 18043
18042 18045 18044
18044 18045 18046
18044 18046 18047
18045 18048 18046
18049 18047 18046
18048 18049 18046
18048 18050 18049
18049 18051 18047
18049 18050 18052
18051 18049 18053
18049 18052 18053
18051 18053 18054
18053 18055 18054
18053 18056 18055
18052 18056 18053
18052 18057 18056
18058 18059 18060
18061 18059 18062
18063 18061 18064
18065 18063 18064
18065 18064 18066
18065 18066 18067
18065 18067 18068
18067 18069 18068
18067 18070 18069
18069 18071 18068
18072 18069 18070
18071 18069 18072
18071 18072 18073
18072 18070 18074
18072 18075 18073
18074 18076 18072
18072 18076 18075
18074 18077 18076
18076 18077 18078
18076 18078 18079
18075 18076 18079
18075 18079 18080
18081 18082 18083
18084 18081 18085
18086 18085 18087
18086 18087 18088
18087 18085 18089
18087 18089 18090
18090 18089 18091
18090 18091 18092
18092 18091 18093
18094 18095 18096
18097 18095 18098
18099 18097 18100
18099 18100 18101
18102 18103 18104
18103 18105 18106
18107 18108 18105
18107 18109 18108
18110 18111 18112
18110 18113 18114
18110 18115 18113
18115 18116 18113
18115 18117 18116
18117 18118 18116
18117 18119 18118
18118 18119 18120
18118 18120 18121
18120 18122 18121
18120 18123 18122
18124 18121 18122
18124 18122 18125
18126 18121 18124
18126 18124 18127
18128 18126 18127
18128 18129 18126
18130 18129 18128
18130 18131 18129
18132 18131 18130
18132 18130 18133
18134 18132 18133
12822 12812 12819
18135 18136 18137
18136 18135 18138
18136 18138 18139
18138 18140 18139
18139 18140 18141
18142 18141 18140
18143 18139 18141
18144 18143 18141
18143 18144 18145
18144 18141 18146
18147 18146 18141
18142 18147 18141
18148 18140 18138
18148 18138 18149
18150 18149 18138
18150 18151 18149
18152 18151 18150
18152 18153 18151
18154 18153 18152
18154 18155 18153
18156 18155 18154
18151 18153 2886
2886 18153 18155
18151 2886 2890
18151 2890 2892
18151 2892 18149
18149 2892 2900
18149 2900 18148
2886 18155 2885
18148 2900 2906
18155 2887 2885
18156 18157 18155
18155 18157 2887
18158 18157 18156
18148 2906 18159
18159 18140 18148
18159 2906 2910
2887 18157 18160
18158 18160 18157
2887 18160 18161
18162 18160 18158
18160 18163 18161
18162 18164 18160
18160 18164 18163
4254 18164 18162
4254 4251 18164
18163 18164 4251
18163 4251 4250
18159 18165 18140
18165 18142 18140
18159 2910 18166
18159 18166 18165
18167 18166 2910
18167 2910 2911
18168 18167 2911
18168 2911 14103
14105 18168 14103
18169 18166 18167
18169 18167 18168
18169 18170 18166
18171 18166 18170
18165 18166 18171
18165 18171 18172
18165 18172 18173
18165 18173 18142
18169 18168 18174
18173 18175 18142
18168 18176 18174
18175 18177 18142
18168 18178 18176
14105 18178 18168
18179 18176 18178
18177 18180 18142
18180 18181 18142
18177 18182 18180
18180 18183 18181
18182 18184 18180
18182 18185 18184
18186 18183 18180
18186 18187 18183
18187 18186 18188
18189 18178 14105
18179 18178 18189
18189 14105 14110
18179 18189 18190
18179 18190 18191
18192 18191 18190
18189 18193 18190
18193 18189 14110
18193 18192 18190
18193 14110 18194
14110 14089 18194
18193 18195 18192
18195 18193 18194
18195 18194 14089
18196 18192 18195
14089 18197 18195
18196 18195 18197
14089 18198 18197
14081 18197 18198
18199 18196 18197
14081 18199 18197
14084 18199 14081
18199 18200 18196
14084 18201 18199
18201 18200 18199
18201 18202 18200
4204 18203 4205
18203 18204 4205
18204 4207 4205
18204 4210 4207
18204 18203 18205
18204 18206 4210
18204 18205 18207
18206 18204 18207
18207 18205 18208
18206 18207 18209
18207 18208 18210
2788 18209 18207
2788 18207 18210
18211 18212 18213
18211 18214 18212
18214 4311 18212
18214 4309 4311
18214 18211 18215
4313 4309 18214
18214 18215 18216
4313 18214 18216
18216 18215 18217
18218 4313 18216
18216 18217 18218
18218 4316 4313
4320 4316 18218
18217 18219 18218
4320 18218 18219
18217 18220 18219
18221 18219 18220
18222 4320 18219
18221 18222 18219
18222 4342 4320
18222 18221 18223
4348 4342 18222
18222 18223 18224
4348 18222 18224
4365 4348 18224
18224 18223 18225
4365 18224 18226
18224 18225 18226
18226 4366 4365
18226 18225 18227
18225 18228 18227
18226 18229 4366
4369 4366 18229
18228 18230 18227
18228 18231 18230
18232 18227 18230
18232 18233 18227
18227 18233 18234
18226 18227 18234
18226 18234 18229
18235 18229 18234
18235 18236 18229
4369 18229 18236
18237 18236 18235
18238 4369 18236
18237 18238 18236
18238 4387 4369
18238 18237 18239
4380 4387 18238
18238 18239 18240
4380 18238 18240
18241 18240 18239
4380 18240 18242
18241 18242 18240
4380 18242 18243
18244 18242 18241
4385 18243 18242
18244 18245 18242
4385 18242 18245
18245 18244 18246
18245 4384 4385
18245 18246 18247
18245 18247 4384
18248 18249 18250
18250 18249 18251
18250 18251 18252
18253 18252 18251
18253 18254 18252
18255 18254 18253
18255 18253 18256
18257 18255 18256
18257 18258 18255
18255 18258 18259
18258 18260 18259
18261 18258 18257
18258 18262 18260
18261 18262 18258
18261 18263 18262
18264 18265 18266
18264 18266 18267
18268 18264 18267
18267 18266 18269
18268 18267 18270
18271 18268 18270
18267 18269 18272
18270 18267 18272
18273 18272 18269
18273 18269 18274
18271 18270 18275
18276 18271 18275
18270 18272 18277
18277 18272 18273
18278 18273 18274
18278 18274 18279
18280 18278 18279
18280 18281 18278
18282 18273 18278
18282 18278 18281
18277 18273 18282
18282 18281 18283
18270 18277 18284
18284 18277 18282
18270 18284 18275
18285 18282 18283
18284 18282 18285
18285 18283 18286
18285 18286 18287
18288 18275 18284
18288 18284 18285
18285 18287 18289
18288 18285 18289
18289 18287 18290
18289 18290 18291
18292 18291 18290
18293 18291 18292
18289 18291 18294
18293 18294 18291
18289 18294 18288
18293 18295 18294
18295 18288 18294
18296 18295 18293
18296 18297 18295
18288 18298 18275
18295 18298 18288
18297 18298 18295
18276 18275 18298
18297 18276 18298
18299 18300 18301
18299 18301 18302
18303 18299 18302
18304 18302 18301
18304 18301 18305
18303 18302 18306
18306 18302 18304
18307 18303 18306
18305 18308 18304
18305 18309 18308
18310 18308 18309
18307 18306 18311
18312 18307 18311
18312 18311 18313
18314 18312 18313
18314 18313 18315
18316 18311 18306
18313 18311 18316
18315 18313 18317
18313 18316 18317
18315 18317 18318
18317 18319 18318
18306 18304 18320
18316 18306 18320
18304 18308 18321
18304 18321 18320
18316 18322 18317
18317 18322 18319
18319 18322 18323
18319 18323 18324
18323 18325 18324
18320 18326 18316
18316 18326 18322
18320 18321 18326
18323 18322 18326
18327 18321 18308
18327 18308 18310
18328 18326 18321
18328 18321 18327
18323 18326 18328
18310 18329 18327
18329 18328 18327
18310 18330 18329
18331 18323 18328
18329 18331 18328
18323 18332 18325
18331 18332 18323
18330 18333 18329
18330 18334 18333
18329 18335 18331
18332 18331 18335
18329 18333 18335
18325 18332 18336
18332 18335 18336
18325 18336 18337
18336 18338 18337
18336 18339 18338
18335 18339 18336
18333 18339 18335
18334 18339 18333
18334 18340 18339
18341 18342 18343
18341 18343 18344
18344 18343 18345
18344 18345 18346
18341 18344 18347
18347 18344 18346
18341 18347 18348
18347 18346 18349
18350 18348 18347
18351 18347 18349
18350 18347 18351
18352 18350 18351
18351 18349 18353
18353 18352 18351
18352 18354 18350
18353 18355 18352
18356 18352 18355
18352 18357 18354
18356 18358 18352
18352 18358 18357
18359 18358 18356
18360 18357 18358
18359 18360 18358
18360 18361 18357
18362 18361 18360
18362 18360 18363
18363 18360 18359
18363 18359 18364
18365 18366 18367
18365 18367 18368
18369 18365 18368
18369 18368 18370
18368 18371 18370
18367 18372 18368
18368 18372 18371
18373 18371 18372
18367 18374 18372
18374 18373 18372
18373 18375 18371
18374 18376 18373
18377 18373 18376
18373 18378 18375
18377 18379 18373
18373 18379 18378
18379 18377 18380
18378 18379 18381
18379 18380 18381
18378 18381 18382
18381 18380 18383
18382 18381 18384
18381 18383 18384
18382 18384 18385
18384 18386 18385
18384 18387 18386
18383 18387 18384
18383 18388 18387
18389 18390 18391
18389 18392 18390
18393 18392 18389
18392 18394 18390
18393 18395 18392
18392 18396 18394
18395 18396 18392
18397 18394 18396
18397 18398 18394
18399 18395 18393
18399 18393 18400
18401 18399 18400
18395 18402 18396
18402 18397 18396
18403 18398 18397
18403 18404 18398
18405 18404 18403
18405 18403 18406
18407 18403 18397
18407 18406 18403
18402 18407 18397
18407 18408 18406
18409 18408 18407
18409 18407 18410
18410 18407 18402
18410 18411 18409
18395 18412 18402
18410 18402 18412
18395 18399 18412
18413 18410 18412
18413 18412 18399
18410 18414 18411
18413 18414 18410
18415 18411 18414
18415 18414 18413
18415 18416 18411
18417 18416 18415
18418 18417 18415
18413 18399 18419
18401 18419 18399
18420 18419 18401
18415 18413 18421
18418 18415 18421
18419 18421 18413
18420 18422 18419
18419 18422 18421
18418 18421 18422
18423 18422 18420
18423 18418 18422
18424 18425 18426
18424 18427 18425
18427 18428 18425
18427 18429 18428
18424 18430 18427
18431 18429 18427
18430 18431 18427
18430 18432 18431
18431 18432 18433
18431 18433 18434
18433 18435 18434
18433 18436 18435
18437 18435 18436
18437 18436 18438
18439 18437 18438
18440 18441 18442
18440 18443 18441
18444 18443 18440
18445 18441 18443
18445 18446 18441
18444 18447 18443
18447 18445 18443
18448 18447 18444
18446 18445 18449
18446 18449 18450
18449 18451 18450
18445 18452 18449
18452 18451 18449
18448 18453 18447
18454 18453 18448
18447 18455 18445
18445 18455 18452
18454 18456 18453
18457 18456 18454
18457 18458 18456
18459 18447 18453
18459 18455 18447
18456 18459 18453
18458 18460 18456
18456 18460 18459
18458 18461 18460
18460 18461 18462
18460 18462 18463
18459 18460 18463
18464 18463 18462
18455 18459 18465
18455 18465 18452
18459 18463 18465
18464 18466 18463
18466 18464 18467
18465 18468 18452
18452 18468 18451
18463 18469 18465
18465 18469 18468
18463 18466 18469
18451 18468 18470
18470 18468 18469
18451 18470 18471
18466 18467 18472
18473 18472 18467
18474 18469 18466
18470 18469 18474
18474 18466 18472
18471 18470 18475
18471 18475 18476
18470 18474 18477
18472 18477 18474
18470 18477 18475
18473 18478 18472
18472 18478 18477
18473 18479 18478
18478 18479 18480
18478 18480 18477
18477 18480 18475
18475 18480 18476
18476 18480 18481
18482 18483 18484
18482 18485 18483
18486 18485 18482
18487 18486 18482
18487 18482 18488
18489 18487 18488
18490 18487 18489
18489 18491 18490
18490 18491 18492
18493 18492 18491
18494 18492 18493
18493 18495 18494
18494 18495 18496
18495 18497 18496
18495 18498 18497
18499 18497 18498
18499 18498 18500
18501 18499 18500
18501 18500 18502
18502 18503 18501
18504 18503 18502
18504 18505 18503
18503 18505 18506
18506 18505 18507
18507 18505 18508
18509 18507 18508
18509 18508 18510
18510 18511 18509
18512 18511 18510
18512 18510 18513
18514 18515 18516
18514 18516 18517
18518 18514 18517
18519 18514 18518
18519 18520 18514
18521 18520 18519
18522 18521 18519
18521 18522 18523
18522 18524 18523
18525 18523 18524
18526 18525 18524
18525 18526 18527
18526 18528 18527
18527 18528 18529
18527 18529 18530
18531 18530 18529
18531 18532 18530
18533 18532 18531
18533 18534 18532
18534 18533 18535
18536 18534 18535
18536 18535 18537
18535 18538 18537
18538 18539 18537
18539 18540 18537
18541 18540 18539
18541 18542 18540
18542 18541 18543
18544 18542 18543
18544 18545 18542
18546 18547 18548
18546 18548 18549
18549 18548 18550
18549 18550 18551
18552 18549 18551
18553 18546 18549
18552 18553 18549
18553 18554 18546
18553 18552 18555
18556 18554 18553
18553 18555 18557
18556 18553 18557
18557 18555 18558
18559 18556 18557
18557 18558 18560
18559 18557 18560
18561 18559 18560
18560 18558 18562
18561 18560 18563
18560 18562 18563
18564 18561 18563
18562 18565 18563
18564 18563 18565
18562 18566 18565
18567 18565 18566
18568 18564 18565
18567 18569 18565
18568 18565 18569
18570 18569 18567
18571 18568 18569
18570 18571 18569
18571 18572 18568
18573 18571 18570
18574 18572 18571
18573 18574 18571
18574 18575 18572
18576 18575 18574
18576 18574 18577
18577 18574 18573
18577 18573 18578
18579 18580 18581
18580 18582 18581
18582 18583 18581
18582 18584 18583
18582 18585 18584
18585 18582 18586
18580 18587 18582
18586 18582 18588
18588 18582 18587
18588 18587 18589
18590 18588 18589
18591 18592 18593
18591 18594 18592
18591 18595 18594
18591 18596 18595
18597 18595 18596
18597 18596 18598
18599 18597 18598
18599 18600 18597
18601 18600 18599
18601 18602 18600
18603 18602 18601
18603 18601 18604
18605 18603 18604
18605 18606 18603
18605 18607 18606
18605 18608 18607
18609 18607 18608
18610 18609 18608
18611 18609 18610
18611 18612 18609
18613 18612 18611
18613 18611 18614
18615 18613 18614
18615 18614 18616
18617 18615 18616
18617 18618 18615
18619 18618 18617
18619 18617 18620
18621 18619 18620
18621 18620 18622
18623 18621 18622
18623 18622 18624
18623 18624 18625
18623 18625 18626
18627 18628 18629
18627 18630 18628
18627 18631 18630
18627 18632 18631
18631 18632 18633
18631 18633 18634
18634 18633 18635
18634 18635 18636
18636 18635 18637
18636 18637 18638
18638 18637 18639
18638 18639 18640
18640 18639 18641
18640 18641 18642
18642 18641 18643
18642 18643 18644
18644 18643 18645
18644 18645 18646
18647 18646 18645
18647 18645 18648
18647 18648 18649
18647 18649 18650
18649 18651 18650
18649 18652 18651
18652 18653 18651
18652 18654 18653
18654 18655 18653
18654 18656 18655
18657 18655 18656
18657 18658 18655
18659 18660 18661
18659 18661 18662
18663 18662 18661
18663 18664 18662
18664 18663 18665
18664 18665 18666
18667 18668 18669
18667 18669 18670
18671 18670 18669
18671 18672 18670
18673 18672 18671
18673 18674 18672
18675 18674 18673
18675 18676 18674
18677 18676 18675
18677 18678 18676
18679 18678 18677
18679 18680 18678
18681 18680 18679
18681 18682 18680
18683 18682 18681
18683 18684 18682
18683 18685 18684
18683 18686 18685
18687 18685 18686
18687 18686 18688
18689 18687 18688
18689 18688 18690
18691 18689 18690
18691 18690 18692
18691 18692 18693
18691 18693 18694
18693 18695 18694
18693 18696 18695
18697 18695 18696
18697 18698 18695
18699 18700 18701
18699 18702 18700
18703 18702 18699
18703 18704 18702
18704 18703 18705
18704 18705 18706
18707 18708 18709
18708 18710 18709
18708 18711 18710
18712 18711 18708
18711 18713 18710
18714 18711 18712
18711 18715 18713
18711 18714 18716
18715 18711 18717
18718 18711 18716
18717 18711 18718
18719 18720 18721
18719 18722 18720
18723 18722 18719
18722 18724 18720
18723 18725 18722
18722 18726 18724
18725 18726 18722
18726 18727 18724
18725 18728 18726
18726 18729 18727
18728 18729 18726
18729 18730 18727
18728 18731 18729
18729 18732 18730
18731 18732 18729
18731 18733 18732
18734 18735 18736
18734 18737 18735
18738 18737 18734
18737 18739 18735
18738 18740 18737
18737 18741 18739
18740 18741 18737
18741 18742 18739
18740 18743 18741
18741 18744 18742
18741 18743 18745
18741 18745 18744
18746 18747 18748
18746 18749 18747
18750 18749 18746
18749 18751 18747
18750 18752 18749
18749 18753 18751
18752 18753 18749
18753 18754 18751
18752 18755 18753
18753 18756 18754
18753 18755 18757
18753 18757 18756
18758 18759 18760
18758 18761 18759
18762 18761 18758
18761 18763 18759
18762 18764 18761
18761 18765 18763
18764 18765 18761
18765 18766 18763
18764 18767 18765
18765 18768 18766
18765 18767 18769
18765 18769 18768
18770 18771 18772
18770 18773 18771
18774 18773 18770
18773 18775 18771
18774 18776 18773
18773 18777 18775
18776 18777 18773
18777 18778 18775
18776 18779 18777
18777 18780 18778
18777 18779 18781
18777 18781 18780
18782 18783 18784
18782 18785 18783
18785 18786 18783
18785 18787 18786
18788 18787 18785
18789 18785 18782
18788 18785 18789
18789 18782 18790
18791 18789 18790
18792 18788 18789
18791 18792 18789
18792 18793 18788
18791 18794 18792
18795 18793 18792
18794 18795 18792
18796 18795 18794
18796 18797 18795
18796 18798 18797
18796 18799 18798
18799 18800 18798
18801 18802 18803
18801 18804 18802
18805 18804 18801
18804 18806 18802
18805 18807 18804
18804 18808 18806
18807 18808 18804
18808 18809 18806
18807 18810 18808
18808 18811 18809
18810 18811 18808
18810 18812 18811
18811 18813 18809
18812 18814 18811
18811 18814 18813
18814 18815 18813
18814 18816 18815
18816 18817 18815
18816 18818 18817
18818 18819 18817
18820 18821 18822
18823 18820 18822
18824 18825 18826
18824 18827 18825
18827 18828 18825
18827 18829 18828
18830 18829 18827
18831 18827 18824
18830 18827 18831
18831 18824 18832
18831 18833 18830
18834 18831 18832
18831 18835 18833
18834 18835 18831
18836 18833 18835
18837 18835 18834
18836 18835 18837
18837 18838 18836
18837 18839 18838
18838 18839 18840
18838 18840 18841
18841 18840 18842
18843 18844 18845
18843 18845 18846
18846 18845 18847
18846 18847 18848
18849 18846 18848
18850 18843 18846
18849 18850 18846
18850 18851 18843
18852 18851 18850
18853 18850 18849
18852 18850 18853
18853 18849 18854
18852 18853 18855
18856 18853 18854
18853 18856 18855
18857 18855 18856
18857 18856 18858
18857 18858 18859
18857 18859 18860
18859 18861 18860
18862 18863 18864
18862 18864 18865
18866 18862 18865
18865 18864 18867
18866 18865 18868
18865 18867 18869
18868 18865 18869
18869 18867 18870
18868 18869 18871
18869 18870 18872
18871 18869 18872
18871 18872 18873
18872 18870 18874
18873 18872 18875
18872 18874 18875
18875 18874 18876
18875 18876 18877
18877 18876 18878
18877 18878 18879
18878 18880 18879
18881 18882 18883
18884 18882 18881
18885 18886 18887
18885 18887 18888
18888 18887 18889
18888 18889 18890
18891 18888 18890
18892 18885 18888
18891 18892 18888
18892 18893 18885
18892 18891 18894
18895 18893 18892
18892 18894 18896
18895 18892 18896
18897 18896 18894
18898 18895 18896
18897 18898 18896
18898 18897 18899
18898 18899 18900
18899 18901 18900
18899 18902 18901
18902 18903 18901
18904 18905 18906
18904 18906 18907
18907 18906 18908
18909 18904 18907
18909 18910 18904
18911 18910 18909
18907 18908 18912
18909 18907 18912
18913 18912 18908
18913 18908 18914
18913 18914 18915
18911 18909 18916
18917 18911 18916
18909 18912 18918
18918 18912 18913
18916 18909 18918
18917 18916 18919
18920 18917 18919
18916 18918 18921
18919 18916 18921
18918 18913 18922
18921 18918 18922
18913 18923 18922
18913 18915 18924
18913 18924 18923
18925 18924 18915
18923 18924 18925
18925 18915 18926
18927 18925 18926
18921 18922 18928
18928 18922 18923
18919 18921 18929
18929 18921 18928
18920 18919 18930
18930 18919 18929
18927 18931 18925
18931 18927 18932
18923 18925 18933
18931 18933 18925
18923 18933 18934
18934 18933 18931
18928 18923 18935
18923 18934 18935
18929 18928 18936
18936 18928 18935
18931 18932 18937
18937 18932 18938
18939 18937 18938
18934 18931 18940
18940 18931 18937
18935 18934 18941
18941 18934 18940
18939 18942 18937
18939 18943 18942
18940 18937 18944
18937 18942 18944
18945 18942 18943
18946 18945 18943
18946 18947 18945
18945 18948 18942
18947 18948 18945
18942 18948 18944
18947 18949 18948
18949 18944 18948
18950 18940 18944
18941 18940 18950
18935 18941 18951
18936 18935 18951
18949 18952 18944
18950 18944 18952
18953 18941 18950
18951 18941 18953
18954 18950 18952
18953 18950 18954
18955 18952 18949
18954 18952 18955
18955 18949 18956
18956 18949 18957
18957 18958 18956
18957 18959 18958
18960 18958 18959
18961 18958 18960
18961 18956 18958
18962 18956 18961
18962 18955 18956
18962 18963 18955
18964 18954 18955
18964 18955 18963
18965 18953 18954
18965 18954 18964
18966 18953 18965
18951 18953 18966
18967 18951 18966
18967 18936 18951
18968 18936 18967
18968 18929 18936
18930 18929 18968
18969 18967 18966
18968 18967 18969
18970 18930 18968
18968 18969 18970
18966 18965 18971
18969 18966 18971
18970 18972 18930
18972 18920 18930
18972 18973 18920
18974 18973 18972
18975 18972 18970
18974 18972 18975
18976 18970 18969
18975 18970 18976
18977 18969 18971
18976 18969 18977
18978 18971 18965
18977 18971 18978
18979 18974 18975
18979 18980 18974
18981 18980 18979
18982 18975 18976
18982 18979 18975
18983 18976 18977
18983 18977 18978
18983 18982 18976
18981 18979 18984
18984 18979 18982
18985 18981 18984
18985 18984 18986
18984 18982 18987
18986 18984 18987
18987 18982 18983
18986 18987 18988
18988 18987 18989
18987 18983 18989
18988 18989 18990
18983 18978 18991
18989 18983 18991
18990 18989 18992
18989 18991 18992
18990 18992 18993
18992 18994 18993
18992 18995 18994
18991 18995 18992
18991 18978 18996
18978 18965 18996
18996 18965 18964
18991 18996 18997
18991 18997 18995
18996 18964 18998
18997 18996 18998
18998 18964 18963
18994 18995 18999
18994 18999 19000
18995 18997 19001
18997 18998 19001
18995 19001 18999
18998 18963 19002
19001 18998 19002
19003 19002 18963
19000 18999 19004
19000 19004 19005
18999 19001 19006
19001 19002 19006
18999 19006 19004
19003 19007 19002
19007 19006 19002
19008 19007 19003
19009 19005 19004
19009 19010 19005
19011 19004 19006
19007 19011 19006
19011 19009 19004
19008 19012 19007
19012 19011 19007
19012 19008 19013
19014 19010 19009
19014 19015 19010
19014 19016 19015
19017 19009 19011
19014 19009 19017
19012 19018 19011
19018 19012 19013
19017 19011 19018
19016 19014 19019
19019 19014 19017
19020 19016 19019
19021 19020 19019
19019 19022 19021
19019 19017 19023
19022 19019 19023
19023 19017 19018
19022 19023 19024
19018 19013 19025
19023 19018 19025
19025 19024 19023
19025 19013 19026
19025 19027 19024
19026 19027 19025
19028 19029 19030
19028 19030 19031
19031 19030 19032
19028 19031 19033
19028 19033 19034
19031 19032 19035
19035 19032 19036
19034 19033 19037
19034 19037 19038
19031 19039 19033
19031 19035 19039
19035 19036 19040
19040 19036 19041
19038 19037 19042
19038 19042 19043
19042 19044 19043
19033 19045 19037
19033 19039 19045
19035 19046 19039
19035 19040 19046
19042 19047 19044
19042 19048 19047
19047 19049 19044
19037 19050 19042
19037 19045 19050
19042 19050 19048
19047 19051 19049
19048 19051 19047
19051 19052 19049
19039 19053 19045
19039 19046 19053
19045 19054 19050
19048 19050 19054
19045 19053 19054
19040 19055 19046
19046 19056 19053
19046 19055 19056
19053 19057 19054
19053 19056 19057
19048 19054 19058
19057 19058 19054
19059 19048 19058
19048 19060 19051
19059 19060 19048
19057 19061 19058
19061 19059 19058
19056 19062 19057
19061 19057 19062
19060 19063 19051
19051 19063 19052
19040 19064 19055
19040 19041 19064
19055 19065 19056
19056 19065 19062
19041 19066 19064
19041 19067 19066
19066 19067 19068
19064 19069 19055
19055 19069 19065
19064 19066 19069
19066 19068 19070
19071 19070 19068
19066 19072 19069
19066 19070 19072
19069 19073 19065
19069 19072 19073
19065 19074 19062
19065 19073 19074
19074 19075 19062
19061 19062 19075
19071 19076 19070
19077 19076 19071
19078 19077 19071
19078 19079 19077
19080 19070 19076
19080 19072 19070
19080 19076 19081
19072 19082 19073
19072 19080 19082
19073 19083 19074
19073 19082 19083
19074 19084 19075
19084 19074 19083
19085 19080 19081
19085 19081 19086
19087 19082 19080
19087 19080 19085
19088 19085 19086
19088 19087 19085
19088 19086 19089
19090 19083 19082
19090 19082 19087
19088 19091 19087
19091 19090 19087
19092 19088 19089
19092 19091 19088
19093 19092 19089
19094 19092 19093
19092 19094 19095
19095 19096 19092
19092 19096 19091
19095 19097 19096
19096 19098 19091
19091 19098 19090
19099 19096 19097
19096 19099 19098
19099 19097 19100
19101 19099 19100
19099 19101 19102
19098 19099 19102
19098 19102 19103
19102 19104 19103
19105 19098 19103
19104 19105 19103
19105 19090 19098
19104 19106 19105
19107 19090 19105
19106 19107 19105
19107 19083 19090
19106 19108 19107
19084 19083 19107
19108 19084 19107
19108 19109 19084
19084 19109 19110
19084 19110 19075
19110 19061 19075
19108 19111 19109
19111 19110 19109
19110 19112 19061
19061 19112 19059
19113 19112 19110
19111 19113 19110
19108 19114 19111
19115 19114 19108
19116 19059 19112
19113 19116 19112
19115 19117 19114
19115 19118 19117
19118 19119 19117
19118 19120 19119
19120 19121 19119
19122 19119 19121
19122 19117 19119
19117 19122 19123
19114 19117 19123
19111 19114 19124
19114 19123 19124
19113 19111 19125
19111 19124 19125
19123 19126 19124
19125 19124 19126
19113 19125 19127
19116 19113 19127
19123 19128 19126
19129 19128 19123
19129 19130 19128
19131 19130 19129
19131 19132 19130
19130 19133 19128
19130 19132 19133
19133 19126 19128
19134 19133 19132
19134 19135 19133
19135 19126 19133
19134 19136 19135
19135 19136 19137
19125 19126 19138
19138 19126 19135
19127 19125 19138
19139 19135 19137
19138 19135 19139
19139 19137 19140
19127 19138 19141
19141 19138 19139
19140 19142 19139
19140 19143 19142
19142 19143 19144
19142 19145 19139
19141 19139 19145
19146 19127 19141
19116 19127 19146
19142 19144 19147
19145 19142 19147
19144 19148 19147
19144 19149 19148
19150 19148 19149
19151 19141 19145
19146 19141 19151
19145 19147 19152
19152 19147 19148
19151 19145 19152
19153 19116 19146
19116 19153 19059
19154 19146 19151
19153 19146 19154
19155 19059 19153
19155 19153 19154
19155 19060 19059
19060 19155 19063
19156 19151 19152
19154 19151 19156
19155 19154 19157
19063 19155 19157
19157 19154 19156
19156 19152 19158
19152 19148 19158
19063 19157 19159
19052 19063 19159
19052 19159 19160
19157 19156 19161
19161 19156 19158
19159 19157 19161
19160 19159 19162
19159 19161 19162
19160 19162 19163
19161 19158 19164
19164 19158 19148
19162 19161 19164
19163 19162 19165
19162 19164 19165
19163 19165 19166
19165 19167 19166
19164 19148 19168
19165 19164 19168
19150 19168 19148
19165 19168 19169
19169 19168 19150
19165 19169 19167
19169 19150 19170
19167 19169 19170
19167 19170 19171
19172 19173 19174
19172 19175 19173
19175 19176 19173
19175 19177 19176
19177 19178 19176
19177 19179 19178
19179 19180 19178
19179 19181 19180
19181 19182 19180
19181 19183 19182
19183 19184 19182
19183 19185 19184
19185 19186 19184
19185 19187 19186
19187 19188 19186
19187 19189 19188
19189 19190 19188
19189 19191 19190
19191 19192 19190
19191 19193 19192
19194 19195 19196
19194 19197 19195
19198 19195 19197
19198 19199 19195
19200 19199 19198
19200 19201 19199
19202 19201 19200
19202 19203 19201
19204 19203 19202
19204 19202 19205
19206 19204 19205
19206 19207 19204
19208 19207 19206
19208 19209 19207
19210 19209 19208
19210 19211 19209
19212 19211 19210
19212 19213 19211
19214 19213 19212
19214 19215 19213
19216 19215 19214
19216 19217 19215
19218 19217 19216
19218 19219 19217
19220 19221 19222
19220 19222 19223
19224 19220 19223
19224 19223 19225
19226 19224 19225
19226 19225 19227
19228 19226 19227
19228 19227 19229
19230 19228 19229
19230 19229 19231
19232 19230 19231
19232 19231 19233
19234 19232 19233
19234 19233 19235
19236 19234 19235
19236 19235 19237
19238 19236 19237
19238 19237 19239
19240 19238 19239
19240 19239 19241
19242 19240 19241
19242 19241 19243
19244 19245 19246
19244 19246 19247
19248 19249 19250
19248 19250 19251
19252 19253 19254
19252 19254 19255
19256 19257 19258
19256 19259 19257
19259 19260 19257
19259 19261 19260
19261 19262 19260
19261 19263 19262
19263 19264 19262
19263 19265 19264
19265 19266 19264
19265 19267 19266
19268 19269 19270
19268 19270 19271
19272 19268 19271
19272 19271 19273
19274 19275 19276
19274 19276 19277
19278 19274 19277
19278 19277 19279
19280 19281 19282
19280 19282 19283
19284 19280 19283
19284 19283 19285
19286 19284 19285
19286 19285 19287
19288 19286 19287
19288 19287 19289
19290 19291 19292
19290 19293 19291
19293 19294 19291
19293 19295 19294
19295 19296 19294
19295 19297 19296
19297 19298 19296
19297 19299 19298
19300 19301 19302
19300 19302 19303
19304 19303 19302
19300 19303 19305
19306 19300 19305
19303 19307 19305
19307 19308 19305
19307 19309 19308
19309 19310 19308
19311 19307 19303
19311 19309 19307
19304 19312 19303
19311 19303 19312
19313 19312 19304
19313 19311 19312
19313 19304 19314
19309 19315 19310
19315 19316 19310
19311 19317 19309
19317 19315 19309
19313 19318 19311
19318 19317 19311
19319 19313 19314
19319 19314 19320
19319 19320 19321
19322 19313 19319
19322 19318 19313
19319 19321 19323
19323 19322 19319
19323 19321 19324
19323 19324 19325
19326 19325 19324
19323 19327 19322
19325 19327 19323
19328 19318 19322
19327 19328 19322
19318 19329 19317
19328 19329 19318
19329 19330 19317
19317 19330 19315
19330 19331 19315
19315 19331 19316
19331 19332 19316
19332 19333 19316
19332 19334 19333
19327 19335 19328
19336 19329 19328
19335 19336 19328
19329 19337 19330
19336 19337 19329
19330 19338 19331
19337 19338 19330
19331 19339 19332
19338 19339 19331
19332 19340 19334
19339 19340 19332
19341 19335 19327
19325 19341 19327
19334 19340 19342
19334 19342 19343
19342 19344 19343
19342 19345 19344
19345 19346 19344
19340 19347 19342
19347 19345 19342
19340 19348 19347
19339 19348 19340
19347 19349 19345
19345 19350 19346
19349 19350 19345
19350 19351 19346
19349 19352 19350
19350 19353 19351
19352 19353 19350
19352 19354 19353
19355 19348 19339
19355 19339 19356
19338 19356 19339
19357 19356 19338
19337 19357 19338
19358 19348 19355
19358 19359 19348
19360 19355 19356
19357 19360 19356
19361 19357 19337
19361 19337 19336
19362 19359 19358
19362 19363 19359
19364 19363 19362
19365 19360 19357
19365 19357 19361
19366 19365 19361
19367 19361 19336
19366 19361 19367
19364 19362 19368
19369 19364 19368
19369 19368 19370
19368 19371 19370
19372 19368 19362
19368 19372 19371
19372 19362 19373
19373 19362 19358
19371 19372 19374
19374 19372 19373
19371 19374 19375
19374 19373 19376
19373 19358 19377
19376 19373 19377
19376 19377 19378
19355 19377 19358
19377 19379 19378
19355 19380 19377
19377 19380 19379
19360 19380 19355
19379 19380 19360
19379 19360 19365
19365 19381 19379
19381 19365 19366
19379 19381 19382
19379 19382 19383
19382 19384 19383
19381 19366 19385
19382 19381 19385
19382 19386 19384
19386 19387 19384
19382 19385 19388
19386 19382 19388
19386 19389 19387
19390 19387 19389
19390 19389 19391
19389 19386 19392
19386 19388 19392
19391 19389 19393
19389 19392 19393
19391 19393 19394
19393 19395 19394
19393 19396 19395
19392 19396 19393
19392 19397 19396
19388 19397 19392
19388 19398 19397
19385 19398 19388
19385 19399 19398
19366 19399 19385
19366 19400 19399
19401 19400 19366
19401 19366 19367
19402 19401 19367
19402 19367 19403
19367 19336 19403
19335 19403 19336
19404 19403 19335
19404 19402 19403
19341 19404 19335
19401 19402 19405
19405 19402 19404
19406 19404 19341
19405 19404 19406
19400 19401 19407
19401 19405 19407
19406 19341 19408
19409 19406 19408
19408 19341 19325
19408 19325 19410
19409 19408 19410
19326 19410 19325
19326 19411 19410
19409 19410 19411
19326 19412 19411
19413 19411 19412
19409 19411 19413
19413 19412 19414
19413 19414 19415
19416 19405 19406
19409 19416 19406
19417 19407 19405
19416 19417 19405
19409 19413 19418
19413 19415 19419
19419 19418 19413
19420 19416 19409
19420 19409 19418
19421 19417 19416
19421 19416 19420
19417 19422 19407
19422 19417 19421
19415 19423 19419
19415 19424 19423
19419 19425 19418
19423 19425 19419
19425 19420 19418
19423 19426 19425
19425 19427 19420
19427 19425 19426
19427 19421 19420
19427 19426 19428
19429 19427 19428
19430 19429 19428
19427 19431 19421
19427 19429 19431
19432 19429 19430
19432 19430 19433
19434 19432 19433
19435 19429 19432
19431 19429 19436
19434 19437 19432
19437 19435 19432
19438 19437 19434
19437 19439 19435
19438 19440 19437
19440 19439 19437
19441 19440 19438
19440 19442 19439
19441 19443 19440
19443 19441 19444
19443 19444 19445
19445 19444 19446
19445 19446 19447
19447 19446 19448
19447 19448 19449
19450 19442 19440
19450 19451 19442
19452 19451 19450
19452 19450 19453
19452 19453 19454
19452 19454 19455
19455 19454 19456
19455 19456 19457
19458 19459 19460
19458 19461 19459
19462 19461 19458
19462 19463 19461
19461 19464 19459
19461 19463 19465
19461 19466 19464
19461 19465 19466
19464 19466 19467
19467 19466 19465
19464 19467 19468
19467 19465 19469
19467 19470 19468
19471 19467 19469
19467 19472 19470
19471 19472 19467
19473 19470 19472
19473 19472 19471
19473 19474 19470
19475 19474 19473
19475 19473 19476
19477 19475 19476
19477 19478 19475
19479 19478 19477
19473 19480 19476
19476 19481 19477
19476 19480 19481
19479 19477 19482
19481 19482 19477
19483 19479 19482
19483 19484 19479
19485 19483 19482
19481 19485 19482
19485 19486 19483
19487 19483 19486
19481 19488 19485
19486 19485 19488
19473 19489 19480
19473 19471 19489
19480 19490 19481
19481 19490 19488
19489 19491 19480
19480 19491 19490
19471 19492 19489
19489 19492 19491
19487 19486 19493
19486 19494 19493
19493 19495 19487
19493 19496 19495
19494 19496 19493
19494 19497 19496
19498 19497 19494
19486 19488 19499
19486 19499 19494
19500 19499 19488
19490 19500 19488
19494 19499 19501
19500 19501 19499
19498 19494 19502
19494 19501 19502
19498 19502 19503
19498 19503 19504
19505 19504 19503
19502 19501 19506
19502 19506 19503
19505 19503 19507
19507 19503 19506
19505 19507 19508
19505 19508 19509
19508 19510 19509
19501 19511 19506
19501 19500 19511
19507 19506 19512
19508 19507 19512
19512 19506 19511
19508 19513 19510
19513 19514 19510
19513 19515 19514
19515 19516 19514
19517 19513 19508
19515 19513 19517
19508 19512 19518
19517 19508 19518
19515 19519 19516
19520 19516 19519
19521 19518 19512
19512 19511 19522
19521 19512 19522
19511 19523 19522
19521 19522 19523
19524 19518 19521
19524 19517 19518
19525 19517 19524
19515 19517 19526
19525 19526 19517
19526 19527 19515
19527 19519 19515
19526 19525 19527
19511 19528 19523
19500 19528 19511
19524 19521 19529
19521 19523 19529
19500 19530 19528
19490 19530 19500
19490 19531 19530
19531 19528 19530
19491 19531 19490
19491 19532 19531
19492 19532 19491
19524 19529 19533
19534 19529 19523
19534 19533 19529
19535 19523 19528
19535 19534 19523
19531 19536 19528
19536 19535 19528
19535 19536 19537
19535 19538 19534
19538 19535 19539
19537 19538 19539
19531 19540 19536
19531 19532 19540
19524 19533 19541
19525 19524 19541
19542 19533 19534
19542 19534 19538
19533 19543 19541
19525 19541 19543
19533 19542 19543
19537 19536 19544
19544 19536 19540
19545 19544 19540
19537 19544 19545
19546 19545 19540
19532 19546 19540
19547 19537 19545
19532 19548 19546
19492 19548 19532
19548 19549 19546
19550 19548 19492
19471 19550 19492
19551 19550 19471
19548 19552 19549
19550 19552 19548
19551 19553 19550
19553 19552 19550
19554 19553 19551
19549 19552 19555
19553 19555 19552
19549 19555 19556
19555 19557 19556
19554 19558 19553
19558 19555 19553
19559 19558 19554
19555 19560 19557
19558 19560 19555
19560 19561 19557
19559 19562 19558
19562 19560 19558
19560 19563 19561
19562 19563 19560
19563 19564 19561
19563 19565 19564
19566 19565 19563
19566 19563 19562
19566 19562 19559
19566 19559 19567
19568 19569 19570
19568 19571 19569
19572 19571 19568
19573 19569 19571
19573 19574 19569
19572 19575 19571
19575 19573 19571
19576 19575 19572
19576 19577 19575
19578 19575 19577
19578 19579 19575
19575 19579 19573
19579 19578 19580
19579 19580 19581
19573 19579 19581
19582 19581 19580
19583 19574 19573
19573 19581 19583
19583 19584 19574
19585 19584 19583
19581 19585 19583
19585 19586 19584
19587 19586 19585
19581 19588 19585
19582 19588 19581
19587 19585 19589
19589 19585 19588
19436 19587 19589
19589 19588 19590
19590 19588 19582
19436 19589 19591
19591 19589 19590
19431 19436 19591
19431 19591 19592
19591 19590 19592
19431 19592 19421
19422 19421 19592
19593 19592 19590
19593 19422 19592
19590 19582 19593
19422 19593 19594
19422 19594 19407
19400 19407 19594
19595 19400 19594
19593 19595 19594
19595 19399 19400
19582 19596 19593
19593 19596 19595
19597 19596 19582
19595 19596 19597
19597 19582 19598
19599 19597 19598
19600 19399 19595
19595 19597 19600
19599 19601 19597
19601 19600 19597
19600 19602 19399
19399 19602 19603
19603 19602 19604
19604 19602 19600
19603 19604 19605
19606 19601 19599
19606 19599 19607
19601 19608 19600
19604 19600 19608
19609 19608 19601
19604 19608 19609
19609 19601 19606
19605 19604 19610
19604 19609 19610
19605 19610 19611
19611 19610 19612
19609 19612 19610
19611 19612 19613
19609 19614 19612
19614 19609 19606
19614 19606 19615
19615 19606 19607
19615 19607 19616
19617 19618 19619
19617 19620 19618
19621 19620 19617
19621 19622 19620
19623 19622 19621
19623 19624 19622
19625 19624 19623
19626 19627 19628
19629 19627 19626
19629 19630 19627
19631 19630 19629
19631 19632 19630
19633 19632 19631
19633 19631 19634
19635 19636 19637
19635 19638 19636
19635 19639 19638
19639 19640 19638
19639 19641 19640
19642 19640 19641
19642 19643 19640
19644 19643 19642
19644 19645 19643
19645 19646 19643
19647 19648 19649
19650 19648 19647
19650 19651 19648
19652 19651 19650
19652 19653 19651
19654 19653 19652
19655 19654 19652
19656 19655 19652
19657 19656 19652
19658 19659 19660
19661 19658 19660
19658 19661 19662
19663 19658 19662
19664 19663 19662
19663 19664 19665
19663 19665 19666
19663 19666 19667
19668 19669 19670
19668 19671 19669
19672 19671 19673
19672 19673 19674
19675 19676 19677
19678 19677 19676
19678 19679 19677
19680 19679 19678
19680 19681 19679
19682 19681 19680
19682 19680 19683
19684 19685 19686
19684 19687 19685
19688 19687 19684
19688 19689 19687
19690 19689 19688
19690 19691 19689
19692 19691 19690
19693 19694 19695
19696 19695 19694
19696 19697 19695
19697 19696 19698
19697 19698 19699
19700 19699 19698
19700 19698 19701
19702 19703 19704
19702 19705 19703
19706 19705 19702
19706 19702 19707
19708 19706 19707
19708 19709 19706
19710 19709 19708
19710 19711 19709
19712 19713 19714
19712 19715 19713
19716 19715 19712
19715 19717 19713
19716 19718 19715
19715 19719 19717
19718 19719 19715
19718 19720 19719
19721 19722 19723
19721 19724 19722
19725 19724 19721
19725 19726 19724
19727 19726 19725
19727 19728 19726
19729 19728 19727
19729 19730 19728
19731 19732 19733
19731 19733 19734
19734 19733 19735
19734 19735 19736
19737 19734 19736
19737 19738 19734
19738 19731 19734
19738 19739 19731
19740 19741 19742
19740 19743 19741
19744 19743 19740
19744 19745 19743
19746 19745 19744
19746 19747 19745
19748 19747 19746
19748 19749 19747
19750 19749 19748
19750 19751 19749
19752 19751 19750
19752 19753 19751
19754 19753 19752
19754 19755 19753
19756 19755 19754
19756 19757 19755
19758 19757 19756
19758 19759 19757
19760 19759 19758
19760 19761 19759
19762 19761 19760
19762 19763 19761
19764 19765 19766
19764 19766 19767
19767 19766 19768
19767 19768 19769
19769 19768 19770
19769 19770 19771
19771 19770 19772
19771 19772 19773
19773 19772 19774
19773 19774 19775
19776 19777 19778
19776 19778 19779
19780 19781 19782
19780 19782 19783
19784 19785 19786
19784 19786 19787
19787 19786 19788
19787 19788 19789
19789 19788 19790
19789 19790 19791
19791 19790 19792
19791 19792 19793
19793 19792 19794
19793 19794 19795
19796 19797 19798
19796 19799 19797
19800 19799 19796
19800 19801 19799
19802 19803 19804
19802 19805 19803
19806 19805 19802
19806 19807 19805
19808 19809 19810
19808 19810 19811
19811 19810 19812
19811 19812 19813
19813 19812 19814
19813 19814 19815
19815 19814 19816
19815 19816 19817
19818 19819 19820
19818 19821 19819
19822 19821 19818
19823 19819 19821
19823 19824 19819
19822 19825 19821
19825 19822 19826
19825 19826 19827
19821 19825 19828
19828 19825 19827
19821 19828 19823
19828 19827 19829
19830 19828 19829
19823 19828 19830
19830 19829 19831
19832 19824 19823
19823 19830 19832
19832 19833 19824
19834 19833 19832
19835 19830 19831
19832 19830 19835
19835 19831 19836
19832 19835 19837
19834 19832 19837
19837 19835 19838
19838 19835 19836
19839 19834 19837
19837 19838 19839
19838 19836 19840
19838 19841 19839
19842 19838 19840
19838 19842 19841
19834 19839 19843
19839 19841 19844
19839 19844 19843
19841 19845 19844
19842 19846 19841
19841 19846 19845
19847 19843 19844
19845 19847 19844
19834 19843 19848
19849 19834 19848
19849 19850 19834
19851 19850 19849
19843 19852 19848
19852 19849 19848
19851 19849 19853
19854 19851 19853
19847 19855 19843
19843 19855 19852
19852 19856 19849
19853 19849 19856
19854 19853 19857
19858 19854 19857
19858 19857 19859
19857 19853 19860
19853 19856 19860
19861 19859 19857
19857 19860 19861
19861 19862 19859
19862 19861 19863
19863 19861 19860
19862 19863 19864
19863 19860 19865
19860 19866 19865
19860 19856 19866
19856 19867 19866
19856 19852 19867
19852 19868 19867
19852 19855 19868
19868 19869 19867
19869 19870 19867
19871 19868 19855
19871 19855 19847
19868 19872 19869
19871 19872 19868
19872 19873 19869
19869 19874 19870
19873 19874 19869
19875 19871 19847
19845 19875 19847
19870 19874 19876
19870 19876 19877
19873 19878 19874
19874 19878 19879
19874 19879 19876
19876 19879 19880
19877 19876 19881
19876 19880 19881
19881 19880 19882
19877 19881 19883
19881 19882 19884
19883 19881 19884
19883 19884 19885
19886 19875 19845
19886 19845 19887
19846 19887 19845
19846 19888 19887
19889 19886 19887
19888 19889 19887
19888 19846 19890
19842 19890 19846
19891 19875 19886
19889 19892 19886
19892 19891 19886
19891 19893 19875
19875 19893 19871
19893 19894 19871
19894 19872 19871
19894 19895 19872
19872 19895 19873
19896 19890 19842
19888 19890 19897
19897 19890 19896
19896 19842 19898
19842 19840 19898
19899 19893 19891
19893 19900 19894
19899 19900 19893
19899 19891 19901
19892 19901 19891
19902 19895 19894
19903 19894 19900
19903 19902 19894
19904 19903 19900
19904 19900 19899
19902 19905 19895
19905 19873 19895
19902 19903 19906
19906 19903 19904
19905 19902 19907
19902 19906 19907
19899 19901 19527
19899 19527 19525
19904 19899 19525
19527 19901 19519
19904 19525 19543
19892 19519 19901
19904 19543 19908
19906 19904 19908
19542 19908 19543
19909 19906 19908
19542 19909 19908
19907 19906 19909
19909 19542 19538
19892 19910 19519
19520 19519 19910
19911 19910 19892
19911 19520 19910
19911 19892 19889
19911 19912 19520
19538 19913 19909
19537 19913 19538
19907 19909 19914
19914 19909 19913
19915 19913 19537
19914 19913 19915
19547 19915 19537
19547 19916 19915
19916 19914 19915
19916 19547 19917
19918 19911 19889
19888 19918 19889
19919 19912 19911
19918 19919 19911
19919 19920 19912
19919 19921 19920
19919 19922 19921
19922 19919 19918
19922 19923 19921
19924 19918 19888
19922 19918 19924
19924 19888 19897
19922 19925 19923
19925 19922 19924
19926 19923 19925
19927 19924 19897
19925 19924 19927
19927 19897 19928
19897 19896 19928
19929 19928 19896
19898 19929 19896
19930 19927 19928
19929 19930 19928
19931 19925 19927
19930 19931 19927
19932 19931 19930
19931 19933 19925
19926 19925 19933
19932 19933 19931
19926 19933 19934
19932 19934 19933
19926 19934 19935
19936 19935 19934
19932 19936 19934
19936 19937 19935
19936 19938 19937
19898 19939 19929
19840 19939 19898
19930 19929 19940
19940 19929 19939
19932 19930 19941
19930 19940 19941
19932 19942 19936
19936 19943 19938
19943 19936 19942
19944 19932 19941
19944 19942 19932
19945 19941 19940
19945 19944 19941
19938 19943 19946
19938 19946 19947
19943 19942 19948
19946 19943 19948
19948 19942 19944
19946 19948 19949
19950 19949 19948
19948 19944 19951
19950 19948 19951
19951 19944 19945
19952 19950 19951
19953 19950 19952
19954 19953 19952
19955 19945 19940
19940 19939 19955
19939 19956 19955
19951 19945 19957
19951 19957 19952
19955 19958 19945
19956 19958 19955
19957 19945 19958
19954 19952 19959
19960 19954 19959
19957 19961 19952
19959 19952 19962
19960 19959 19963
19963 19959 19962
19964 19960 19963
19963 19962 19965
19957 19966 19961
19957 19958 19966
19966 19967 19961
19964 19963 19968
19968 19963 19965
19969 19964 19968
19968 19965 19970
19969 19968 19971
19971 19972 19969
19971 19973 19972
19973 19974 19972
19973 19975 19974
19975 19976 19974
19975 19977 19976
19978 19968 19970
19978 19970 19979
19980 19978 19979
19980 19981 19978
19980 19982 19981
19980 19983 19982
19983 19984 19982
19983 19985 19984
19986 19987 19988
19986 19989 19987
19990 19989 19986
19991 19987 19989
19990 19992 19989
19993 19992 19990
19993 19994 19992
19995 19992 19994
19989 19992 19995
19995 19994 19996
19991 19989 19997
19989 19995 19997
19997 19998 19991
19997 19999 19998
19995 19999 19997
20000 19998 19999
20001 19995 19996
19995 20001 19999
20001 19996 20002
20003 20001 20002
19999 20001 20003
20003 20002 20004
19967 20003 20004
19999 20003 20005
20000 19999 20005
19967 20006 20003
20006 20005 20003
19966 20006 19967
19958 20006 19966
20006 20007 20005
19958 20007 20006
20007 20000 20005
19956 20007 19958
20007 19956 20000
20000 19956 20008
20009 20000 20008
20009 20010 20000
20011 20010 20009
19956 20012 20008
20012 20009 20008
19956 20013 20012
19939 20013 19956
19840 20013 19939
20012 20013 19840
20012 19840 19836
20012 20014 20009
20014 20012 19836
20011 20009 20015
20015 20009 20014
20014 19836 20016
19836 20017 20016
20017 20018 20016
20018 20014 20016
20017 20019 20018
20020 20011 20015
20021 20020 20015
20020 20022 20011
20023 20022 20020
20023 20020 20024
20024 20020 20021
20024 20021 20025
20021 20026 20025
20015 20014 20027
20018 20027 20014
20021 20015 20027
20018 20021 20027
20019 20028 20018
20018 20028 20021
20021 20028 20026
20019 20029 20028
20029 20026 20028
20029 20030 20026
20031 20032 20033
20031 20034 20032
20031 20035 20034
20031 20036 20035
20037 20038 20039
20037 20039 20040
20041 20042 20043
20042 20044 20043
20042 20045 20044
20045 20046 20044
20045 20047 20046
20047 20048 20046
20047 20049 20048
20050 20051 20052
20053 20050 20052
20053 20052 20054
20055 20053 20054
20055 20054 20056
20057 20055 20056
20057 20056 20058
20059 20060 20061
20059 20061 20062
20059 20062 20063
20059 20063 20064
20063 20065 20064
20063 20066 20065
20067 20066 20063
20062 20067 20063
20067 20068 20066
20061 20069 20062
20062 20069 20067
20061 20070 20069
20071 20068 20067
20069 20071 20067
20071 20072 20068
19917 20072 20071
20070 20073 20069
20069 20073 20071
20070 20074 20073
19917 20071 20075
20073 20075 20071
19916 19917 20075
20074 20076 20073
20073 20076 20075
20076 19916 20075
20074 20077 20076
20076 20078 19916
20077 20078 20076
19916 20078 19914
20079 19914 20078
20077 20079 20078
20079 19907 19914
19905 19907 20079
19905 20079 20077
19905 20077 20080
20077 20081 20080
19905 20080 19873
20081 19873 20080
20077 20082 20081
20081 20083 19873
20081 20082 20084
20085 20083 20081
20081 20084 20086
20085 20081 20086
20087 20086 20084
20087 20085 20086
20087 20088 20085
20089 20088 20087
20087 20084 20090
20089 20087 20091
20091 20087 20090
20091 20090 20092
20093 20094 20095
20093 20095 20096
20093 20096 20097
20097 20096 20098
20097 20098 20099
20100 20099 20098
20100 20098 20101
20102 20100 20101
20102 20101 20103
20103 20101 20104
20105 20106 20107
20108 20105 20107
20108 20107 20109
20110 20108 20109
20110 20109 20111
20112 20110 20111
20113 20110 20112
20114 20110 20113
20115 20110 20114
20116 20117 20118
20119 20117 20116
20116 20120 20119
20121 20120 20116
20122 20120 20121
20121 20123 20122
20121 20124 20123
20121 20125 20124
20126 20127 20128
20129 20128 20127
20129 20127 20130
20131 20129 20130
20131 20130 20132
20133 20131 20132
20133 20132 20134
20135 20136 20137
20135 20137 20138
20139 20135 20138
20139 20138 20140
20141 20139 20140
20141 20140 20142
20143 20141 20142
20144 20145 20146
20147 20146 20145
20147 20145 20148
20148 20149 20147
20148 20150 20149
20151 20149 20150
20151 20150 20152
20153 20154 20155
20156 20153 20155
20156 20155 20157
20158 20156 20157
20158 20157 20159
20160 20158 20159
20160 20161 20158
20160 20159 20162
20160 20162 20163
20162 20164 20163
20162 20165 20164
20164 20165 20166
20166 20167 20164
20166 20168 20167
20168 20169 20167
20169 20168 20170
20169 20170 20171
20170 20172 20171
20172 20170 20173
20174 20172 20173
20174 20173 20175
20174 20175 20176
20177 20174 20176
20177 20178 20174
20178 20177 20179
20178 20179 20180
20179 20181 20180
20182 20183 20184
20183 20185 20184
20183 20186 20185
20183 20187 20186
20187 20188 20186
20189 20186 20188
20188 20190 20189
20188 20191 20190
20190 20191 20192
20190 20192 20193
20194 20193 20192
20194 20195 20193
20194 20196 20195
20194 20197 20196
20198 20196 20197
20198 20197 20199
20199 20200 20198
20199 20201 20200
20200 20201 20202
20203 20204 20205
20206 20204 20203
20206 20203 20207
20208 20206 20207
20208 20209 20206
20210 20209 20208
20210 20208 20211
20210 20211 20212
20210 20212 20213
20210 20213 20214
20212 20215 20213
20215 20214 20213
20212 20216 20215
20215 20217 20214
20215 20216 20218
20217 20215 20219
20219 20215 20218
20220 20217 20219
20221 20219 20218
20221 20222 20219
20219 20222 20223
20220 20219 20223
20224 20220 20223
20225 20224 20223
20225 20223 20226
20226 20223 20227
20227 20221 20228
20228 20226 20227
20228 20229 20226
20230 20229 20228
20221 20231 20228
20232 20230 20228
20231 20232 20228
20233 20232 20231
20234 20235 20236
20237 20236 20235
20237 20238 20236
20237 20239 20238
20237 20240 20239
20241 20240 20237
20239 20240 20242
20242 20240 20241
20239 20242 20243
20242 20241 20244
20243 20242 20245
20245 20242 20244
20245 20244 20246
20243 20245 20247
20248 20245 20246
20247 20245 20248
20249 20247 20248
20250 20249 20248
20250 20251 20249
20250 20252 20251
20250 20253 20252
20253 20254 20252
20255 20256 20257
20257 20256 20258
20257 20258 20259
20258 20260 20259
20261 20259 20260
20261 20262 20259
20262 20261 20263
20262 20263 20264
20263 20265 20264
20265 20266 20264
20265 20267 20266
20266 20267 20268
20266 20268 20269
20268 20270 20269
20269 20270 20271
20271 20270 20272
20271 20272 20273
20272 20274 20273
20272 20275 20274
20275 20276 20274
20275 20277 20276
20277 20278 20276
20279 20280 20281
20282 20279 20281
20282 20281 20283
20284 20282 20283
20285 20284 20283
20285 20283 20286
20287 20285 20286
20287 20288 20285
20289 20288 20287
20289 20287 20290
20289 20290 20291
20289 20291 20292
20293 20289 20292
20292 20294 20293
20293 20294 20295
20296 20293 20295
20297 20296 20295
20297 20295 20298
20297 20298 20299
20298 20300 20299
20298 20301 20300
20302 20300 20301
20302 20303 20300
20303 20302 20304
20303 20304 20305
20304 20306 20305
20304 20307 20306
20308 20306 20307
20308 20307 20309
20310 20308 20309
20310 20311 20308
20311 20310 20312
20311 20312 20313
20312 20314 20313
20315 20316 20317
20318 20315 20317
20318 20319 20315
20320 20319 20318
20320 20318 20321
20320 20321 20322
20323 20320 20322
20323 20322 20324
20325 20323 20324
20326 20323 20325
20326 20327 20323
20327 20326 20328
20327 20328 20329
20327 20329 20330
20331 20330 20329
20331 20332 20330
20333 20332 20331
20333 20331 20334
20335 20333 20334
20335 20336 20333
20336 20335 20337
20336 20337 20338
20339 20338 20337
20339 20340 20338
20340 20339 20341
20340 20341 20342
20343 20342 20341
20343 20344 20342
20345 20344 20343
20345 20343 20346
20345 20346 20347
20348 20349 20350
20351 20349 20348
20351 20348 20352
20353 20351 20352
20353 20352 20354
20354 20352 20355
20356 20354 20355
20354 20356 20357
20357 20356 20358
20356 20359 20358
20358 20360 20357
20358 20359 20361
20358 20362 20360
20358 20361 20362
20362 20363 20360
20362 20361 20364
20362 20365 20363
20362 20364 20365
20365 20366 20363
20365 20364 20367
20365 20368 20366
20365 20367 20368
20368 20369 20366
20370 20368 20367
20368 20370 20369
20370 20371 20369
20370 20372 20371
20373 20371 20372
20373 20372 20374
20375 20373 20374
20375 20376 20373
20375 20377 20376
20375 20378 20377
20377 20378 20379
20377 20379 20380
20379 20381 20380
20382 20383 20384
20382 20384 20385
20386 20387 20388
20386 20388 20389
20388 20390 20389
20388 20391 20390
20391 20392 20390
20391 20393 20392
20393 20394 20392
20393 20395 20394
20395 20396 20394
20395 20397 20396
20397 20398 20396
20397 20399 20398
20400 20401 20402
20400 20402 20403
20403 20402 20404
20403 20404 20405
20404 20406 20405
20404 20407 20406
20407 20408 20406
20407 20409 20408
20409 20410 20408
20409 20411 20410
20411 20412 20410
20411 20413 20412
20413 20414 20412
20413 20415 20414
20416 20417 20418
20416 20419 20417
20419 20420 20417
20419 20421 20420
20420 20421 20422
20421 20423 20422
20424 20422 20423
20422 20424 20425
20422 20425 20426
20427 20428 20429
20427 20429 20430
20431 20432 20433
20431 20433 20434
20435 20436 20437
20435 20437 20438
20439 20440 20441
20439 20442 20440
20443 20442 20439
20442 20444 20440
20443 20445 20442
20442 20446 20444
20445 20446 20442
20446 20447 20444
20445 20448 20446
20446 20449 20447
20448 20449 20446
20448 20450 20449
20450 20451 20449
20449 20452 20447
20451 20452 20449
20453 20452 20454
20455 20453 20454
20453 20456 20452
20457 20453 20455
20458 20456 20453
20457 20458 20453
20458 20459 20456
20460 20458 20457
20461 20459 20458
20460 20461 20458
20462 20461 20460
20461 20463 20459
20462 20464 20461
20464 20463 20461
20464 20465 20463
20466 20467 20468
20466 20469 20467
20470 20469 20466
20469 20471 20467
20470 20472 20469
20469 20473 20471
20472 20473 20469
20473 20474 20471
20472 20475 20473
20473 20476 20474
20475 20476 20473
20475 20477 20476
20476 20478 20474
20477 20478 20476
20477 20479 20478
20480 20478 20479
20481 20480 20479
20480 20482 20478
20483 20480 20481
20484 20482 20480
20483 20484 20480
20484 20485 20482
20486 20484 20483
20487 20485 20484
20486 20487 20484
20488 20487 20486
20487 20489 20485
20488 20490 20487
20490 20489 20487
20490 20491 20489
20492 20493 20494
20492 20495 20493
20496 20495 20492
20495 20497 20493
20496 20498 20495
20495 20499 20497
20498 20499 20495
20499 20500 20497
20498 20501 20499
20499 20502 20500
20501 20502 20499
20502 20503 20500
20501 20504 20502
20502 20505 20503
20504 20505 20502
20506 20507 20508
20506 20508 20509
20510 20506 20509
20509 20508 20511
20510 20509 20512
20509 20511 20513
20512 20509 20513
20513 20511 20514
20512 20513 20515
20513 20514 20516
20515 20513 20516
20516 20514 20517
20515 20516 20518
20516 20517 20519
20518 20516 20519
20520 20521 20522
20520 20522 20523
20524 20525 20523
20524 20523 20526
20527 20528 20529
20527 20529 20530
20531 20527 20532
20531 20532 20533
20534 20535 20536
20534 20536 20537
20538 20539 20534
20538 20534 20540
20541 20542 20543
20541 20543 20544
20545 20546 20547
20545 20547 20548
20549 20550 20551
20549 20551 20552
20553 20549 20552
20553 20554 20549
20555 20556 20557
20555 20557 20558
20559 20560 20561
20559 20561 20562
20563 20559 20562
20563 20562 20564
20565 20566 20567
20565 20567 20568
20569 20570 20571
20569 20571 20572
20573 20569 20572
20573 20574 20569
20575 20574 20573
20575 20576 20574
20577 20578 20579
20577 20579 20580
20581 20582 20583
20581 20584 20582
20585 20584 20581
20585 20586 20584
20587 20586 20585
20587 20585 20588
20589 20590 20591
20589 20591 20592
20593 20594 20595
20593 20595 20596
20597 20593 20596
20597 20598 20593
20599 20598 20597
20599 20600 20598
20601 20600 20599
20601 20602 20600
20603 20604 20605
20603 20605 20606
20607 20608 20609
20607 20610 20608
20611 20610 20607
20611 20607 20612
20613 20611 20612
20613 20614 20611
20615 20616 20617
20615 20617 20618
20619 20620 20621
20619 20621 20622
20623 20624 20625
20623 20625 20626
20627 20628 20629
20627 20629 20630
20631 20632 20633
20631 20634 20632
20635 20634 20631
20635 20631 20636
20637 20635 20636
20637 20638 20635
20639 20640 20641
20639 20641 20642
20643 20644 20645
20643 20645 20646
20647 20643 20646
20647 20646 20648
20649 20647 20648
20649 20650 20647
20651 20650 20649
20651 20649 20652
20653 20654 20655
20653 20655 20656
20657 20658 20659
20657 20659 20660
20661 20657 20660
20661 20660 20662
20663 20661 20662
20663 20664 20661
20665 20666 20667
20665 20667 20668
20669 20670 20671
20669 20671 20672
20673 20669 20672
20673 20674 20669
20675 20674 20673
20675 20673 20676
20677 20678 20679
20677 20679 20680
20681 20682 20683
20681 20684 20682
20685 20684 20681
20685 20686 20684
20687 20688 20689
20687 20689 20690
20691 20687 20690
20691 20692 20687
20693 20691 20690
20689 20694 20690
20693 20690 20694
20689 20695 20694
20696 20693 20694
20694 20695 20697
20696 20694 20698
20694 20697 20698
20699 20696 20698
20698 20697 20700
20699 20698 20701
20698 20700 20701
20702 20699 20701
20701 20700 20703
20702 20701 20704
20701 20703 20704
20705 20702 20704
20704 20703 20706
20705 20704 20707
20704 20706 20707
20708 20705 20707
20707 20706 20709
20708 20707 20710
20707 20709 20710
20710 20711 20708
20709 20712 20710
20710 20712 20711
20709 20713 20712
20712 20714 20711
20715 20712 20713
20712 20716 20714
20715 20716 20712
20716 20717 20714
20718 20716 20715
20716 20719 20717
20718 20719 20716
20719 20720 20717
20718 20721 20719
20719 20721 20720
20721 20722 20720
20718 20723 20721
20721 20724 20722
20723 20724 20721
20723 20725 20724
20726 20727 20728
20729 20727 20726
20730 20727 20729
20731 20727 20730
20732 20727 20731
20733 20734 20735
20735 20734 20736
20736 20734 20737
20737 20734 20738
20738 20734 20739
20740 20741 20742
20743 20741 20740
20744 20741 20743
20745 20741 20744
20746 20741 20745
20747 20748 20749
20749 20748 20750
20750 20748 20751
20751 20748 20752
20752 20748 20753
20754 20755 20756
20757 20755 20754
20758 20755 20757
20759 20755 20758
20760 20755 20759
20761 20762 20763
20763 20762 20764
20764 20762 20765
20765 20762 20766
20766 20762 20767
20768 20769 20770
20771 20769 20768
20772 20769 20771
20773 20769 20772
20774 20769 20773
20775 20776 20777
20777 20776 20778
20778 20776 20779
20779 20776 20780
20780 20776 20781
20782 20783 20784
20782 20785 20783
20786 20783 20785
20787 20786 20785
20782 20788 20785
20787 20785 20788
20782 12941 20788
12939 20787 20788
12941 12938 20788
12939 20788 12938
20789 20790 20791
20790 20792 20791
13129 20791 20792
13130 13129 20792
20790 13130 20792
20790 13132 13130
20793 20794 20795
20793 20795 20796
20797 20796 20795
20797 20795 20798
20796 20797 20799
20793 20796 20800
20796 20799 20800
20801 20793 20800
20801 20800 20802
20799 20802 20800
20803 20801 20802
20804 20803 20802
20799 20805 20802
20805 20804 20802
20799 20806 20805
20805 20807 20804
20805 20806 20808
20805 20809 20807
20805 20808 20809
20810 20811 20812
20810 20813 20811
20814 20813 20810
20813 20815 20811
20814 20816 20813
20813 20817 20815
20816 20817 20813
20816 20818 20817
20817 20819 20815
20818 20820 20817
20817 20820 20819
20818 20821 20820
20822 20819 20820
20821 20822 20820
20822 20823 20819
20821 20824 20822
20825 20823 20822
20824 20825 20822
20825 20826 20823
20824 20827 20825
20825 20828 20826
20827 20829 20825
20825 20829 20828
20829 20830 20828
20827 20831 20829
20829 20832 20830
20831 20832 20829
20831 20833 20832
20834 20835 20836
20834 20837 20835
20838 20837 20834
20837 20839 20835
20838 20840 20837
20837 20841 20839
20840 20841 20837
20841 20842 20839
20840 20843 20841
20841 20844 20842
20843 20844 20841
20843 20845 20844
20846 20847 20848
20846 20849 20847
20850 20849 20846
20850 20851 20849
20852 20853 20854
20852 20855 20853
20856 20855 20852
20855 20857 20853
20856 20858 20855
20855 20859 20857
20858 20859 20855
20859 20860 20857
20858 20861 20859
20859 20862 20860
20861 20862 20859
20861 20863 20862
20864 20865 20866
20864 20867 20865
20868 20867 20864
20868 20869 20867
20870 20871 20872
20870 20872 20873
20874 20870 20873
20874 20875 20870
20876 20874 20877
20878 20877 20872
20876 20877 20878
20878 20872 20879
20880 20878 20879
20876 20878 20881
20880 20881 20878
20876 20881 20882
20883 20881 20880
20884 20882 20881
20883 20884 20881
20884 20885 20882
20886 20884 20883
20887 20885 20884
20886 20887 20884
20887 20888 20885
20889 20887 20886
20890 20888 20887
20889 20890 20887
20890 20891 20888
20890 20892 20891
20889 20893 20890
20890 20893 20892
20893 20894 20892
20889 20895 20893
20893 20896 20894
20895 20896 20893
20895 20897 20896
20898 20899 20900
20898 20901 20899
20902 20901 20898
20902 20903 20901
20904 20903 20902
20904 20905 20903
20906 20905 20904
20906 20907 20905
20908 20907 20906
20908 20909 20907
20910 20909 20908
20910 20911 20909
20912 20911 20910
20912 20913 20911
20914 20913 20912
20914 20912 20915
20916 20914 20915
20916 20915 20917
20916 20917 20918
20916 20918 20919
20920 20921 20922
20920 20922 20923
20924 20920 20923
20924 20925 20920
20926 20925 20924
20926 20924 20927
20928 20926 20927
20928 20927 20929
20930 20928 20929
20930 20929 20931
20932 20930 20931
20932 20931 20933
20933 20934 20932
20933 20935 20934
20935 20936 20934
20935 20937 20936
20937 20938 20936
20937 20939 20938
20939 20940 20938
20939 20941 20940
20941 20942 20940
20941 20943 20942
20943 20944 20942
20943 20945 20944
20945 20946 20944
20945 20947 20946
20947 20948 20946
20947 20949 20948
20950 20951 20952
20950 20953 20951
20954 20953 20950
20954 20955 20953
20956 20955 20954
20956 20957 20955
20958 20957 20956
20958 20959 20957
20960 20959 20958
20960 20961 20959
20962 20961 20960
20962 20963 20961
20964 20963 20962
20964 20965 20963
20966 20965 20964
20966 20967 20965
20967 20966 20968
20967 20968 20969
20969 20968 20970
20969 20970 20971
20971 20970 20972
20971 20972 20973
20973 20972 20974
20973 20974 20975
20975 20974 20976
20975 20976 20977
20977 20976 20978
20977 20978 20979
20980 20981 20982
20980 20982 20983
20984 20983 20982
20984 20985 20983
20985 20984 20986
20985 20986 20987
20988 20987 20986
20988 20989 20987
20990 20989 20988
20990 20988 20991
20990 20991 20992
20990 20992 20993
20994 20993 20992
20994 20995 20993
20995 20994 20996
20995 20996 20997
20996 20998 20997
20996 20999 20998
20999 21000 20998
20999 21001 21000
21001 21002 21000
21001 21003 21002
21004 21005 21006
21004 21007 21005
21006 21008 21004
21007 21009 21005
21008 21010 21004
21007 21011 21009
21012 21011 21007
21012 21013 21011
21013 21012 21014
21014 21012 21015
21004 21010 21016
21016 21017 21004
21017 21007 21004
21018 21016 21010
21017 21016 21018
21018 21010 21019
21018 21019 21020
21018 21020 21021
21021 21020 21022
21023 21017 21018
21023 21018 21021
21021 21022 21024
21021 21024 21023
21024 21022 21025
21017 21026 21007
21026 21017 21023
21012 21007 21027
21027 21007 21026
21028 21023 21024
21024 21025 21028
21023 21028 21029
21026 21023 21029
21028 21025 21029
21026 21029 21030
21026 21030 21027
21031 21012 21027
21012 21031 21015
21032 21031 21027
21032 21015 21031
21030 21032 21027
21032 21033 21015
21032 21034 21033
21032 21035 21034
21030 21035 21032
21035 21036 21034
21035 21037 21036
21037 21025 21036
21035 21030 21037
21030 21029 21038
21038 21029 21025
21038 21037 21030
21037 21038 21025
21039 21009 21040
21039 21041 21009
21042 21039 21040
21042 21040 21043
21043 21044 21042
21044 21045 21042
21046 21041 21039
21046 21047 21041
21047 21046 21048
21048 21046 21049
21042 21045 21050
21050 21051 21042
21051 21039 21042
21052 21050 21045
21051 21050 21052
21052 21045 21053
21052 21053 21054
21052 21054 21055
21055 21054 21056
21057 21051 21052
21057 21052 21055
21055 21056 21058
21055 21058 21057
21058 21056 21059
21051 21060 21039
21060 21051 21057
21046 21039 21061
21061 21039 21060
21062 21057 21058
21058 21059 21062
21057 21062 21063
21060 21057 21063
21062 21059 21063
21060 21063 21064
21060 21064 21061
21065 21046 21061
21046 21065 21049
21066 21065 21061
21066 21049 21065
21064 21066 21061
21066 21067 21049
21066 21068 21067
21066 21069 21068
21064 21069 21066
21069 21070 21068
21069 21071 21070
21071 21059 21070
21069 21064 21071
21064 21063 21072
21072 21063 21059
21072 21071 21064
21071 21072 21059
21073 21074 21075
21073 21076 21074
21075 21077 21073
21076 21078 21074
21076 21079 21078
21077 21080 21073
21081 21079 21076
21081 21082 21079
21082 21081 21083
21083 21081 21084
21073 21080 21085
21085 21086 21073
21086 21076 21073
21087 21085 21080
21086 21085 21087
21087 21080 21088
21087 21088 21089
21087 21089 21090
21090 21089 21091
21092 21086 21087
21092 21087 21090
21090 21091 21093
21090 21093 21092
21093 21091 21094
21086 21095 21076
21095 21086 21092
21081 21076 21096
21096 21076 21095
21097 21092 21093
21093 21094 21097
21092 21097 21098
21095 21092 21098
21097 21094 21098
21095 21098 21099
21095 21099 21096
21100 21081 21096
21081 21100 21084
21101 21100 21096
21101 21084 21100
21099 21101 21096
21101 21102 21084
21101 21103 21102
21101 21104 21103
21099 21104 21101
21104 21105 21103
21104 21106 21105
21106 21094 21105
21104 21099 21106
21099 21098 21107
21107 21098 21094
21107 21106 21099
21106 21107 21094
21108 21109 21110
21108 21111 21109
21110 21112 21108
21111 21113 21109
21112 21114 21108
21111 21115 21113
21116 21115 21111
21116 21117 21115
21117 21116 21118
21118 21116 21119
21108 21114 21120
21120 21121 21108
21121 21111 21108
21122 21120 21114
21121 21120 21122
21122 21114 21123
21122 21123 21124
21122 21124 21125
21125 21124 21126
21127 21121 21122
21127 21122 21125
21125 21126 21128
21125 21128 21127
21128 21126 21129
21121 21130 21111
21130 21121 21127
21116 21111 21131
21131 21111 21130
21132 21127 21128
21128 21129 21132
21127 21132 21133
21130 21127 21133
21132 21129 21133
21130 21133 21134
21130 21134 21131
21135 21116 21131
21116 21135 21119
21136 21135 21131
21136 21119 21135
21134 21136 21131
21136 21137 21119
21136 21138 21137
21136 21139 21138
21134 21139 21136
21139 21140 21138
21139 21141 21140
21141 21129 21140
21139 21134 21141
21134 21133 21142
21142 21133 21129
21142 21141 21134
21141 21142 21129
21143 21144 21145
21145 21146 21143
21145 21147 21146
21147 21113 21146
21147 21148 21113
21144 21149 21145
21150 21148 21147
21150 21151 21148
21151 21150 21152
21152 21150 21153
21145 21149 21154
21154 21155 21145
21155 21147 21145
21156 21154 21149
21155 21154 21156
21156 21149 21157
21156 21157 21158
21156 21158 21159
21159 21158 21160
21161 21155 21156
21161 21156 21159
21159 21160 21162
21159 21162 21161
21162 21160 21163
21155 21164 21147
21164 21155 21161
21150 21147 21165
21165 21147 21164
21166 21161 21162
21162 21163 21166
21161 21166 21167
21164 21161 21167
21166 21163 21167
21164 21167 21168
21164 21168 21165
21169 21150 21165
21150 21169 21153
21170 21169 21165
21170 21153 21169
21168 21170 21165
21170 21171 21153
21170 21172 21171
21170 21173 21172
21168 21173 21170
21173 21174 21172
21173 21175 21174
21175 21163 21174
21173 21168 21175
21168 21167 21176
21176 21167 21163
21176 21175 21168
21175 21176 21163
21177 21178 21179
21180 21177 21179
21178 21181 21179
21179 21181 21182
21183 21180 21179
21184 21179 21182
21183 21179 21185
21184 21185 21179
21186 21183 21185
21184 21187 21185
21188 21186 21185
21187 21189 21185
21189 21188 21185
21190 21191 21192
21193 21190 21192
21194 21193 21192
21194 21192 21195
21192 21196 21195
21191 21197 21192
21192 21197 21196
21191 21198 21197
21197 21199 21196
21198 21200 21197
21197 21200 21199
21198 21201 21200
21200 21202 21199
21201 21203 21200
21200 21204 21202
21203 21204 21200
21205 21206 21207
21206 21208 21207
21208 21209 21207
21207 21209 21210
21211 21207 21210
21205 21207 21212
21211 21212 21207
21213 21205 21212
21211 21214 21212
21215 21213 21212
21214 21216 21212
21216 21215 21212
21217 21218 21219
21220 21217 21219
21221 21220 21219
21221 21219 21222
21219 21223 21222
21218 21224 21219
21219 21224 21223
21218 21225 21224
21224 21226 21223
21225 21227 21224
21224 21228 21226
21227 21228 21224
21229 21230 21231
21231 21230 21232
21230 21233 21232
21234 21230 21229
21230 21235 21233
21234 21235 21230
21235 21236 21233
21234 21237 21235
21235 21237 21236
21234 21238 21237
21237 21239 21236
21238 21240 21237
21237 21240 21239
21238 21241 21240
21240 21242 21239
21241 21243 21240
21240 21243 21242
21241 21244 21243
21243 21245 21242
21244 21246 21243
21243 21246 21245
21244 21247 21246
21246 21248 21245
21247 21248 21246
21248 21249 21245
21247 21250 21248
21248 21251 21249
21250 21251 21248
21252 21253 21254
21255 21254 21253
21252 21256 21253
21257 21256 21252
21255 21253 21258
21259 21255 21258
21257 21260 21256
21260 21257 21261
21262 21260 21261
21260 21262 21263
21264 21260 21263
21264 21256 21260
21264 21265 21256
21265 21253 21256
21265 21266 21253
21258 21253 21266
21258 21266 21267
21259 21258 21268
21268 21258 21267
21259 21268 21269
21268 21267 21270
21268 21271 21269
21268 21270 21272
21271 21268 21272
21273 21274 21275
21276 21274 21273
21276 21273 21277
21278 21276 21277
21278 21277 21279
21278 21279 21280
21279 21281 21280
21281 21279 21282
21279 21283 21282
21279 21284 21283
21279 21277 21284
21277 21285 21284
21277 21273 21285
21285 21273 21286
21273 21275 21286
21275 21287 21286
21285 21286 21288
21288 21286 21287
21275 21289 21287
21288 21287 21290
21289 21291 21287
21287 21292 21290
21291 21293 21287
21287 21293 21292
21294 21295 21296
21296 21295 21297
21294 21296 21298
21294 21298 21299
21298 21300 21299
21300 21298 21301
21298 21302 21301
21298 21303 21302
21298 21296 21303
21296 21297 21304
21303 21296 21304
21303 21304 21305
21304 21297 21306
21305 21304 21307
21304 21306 21307
21305 21307 21308
21309 21308 21307
21310 21307 21306
21309 21307 21310
21310 21306 21311
21312 21309 21310
21313 21310 21311
21312 21310 21313
21313 21311 21314
21312 21313 21315
21313 21314 21316
21313 21317 21315
21317 21313 21316
21318 21319 21320
21321 21320 21319
21318 21320 21322
21318 21322 21323
21322 21324 21323
21324 21322 21325
21322 21326 21325
21322 21327 21326
21322 21320 21327
21328 21327 21320
21321 21329 21320
21328 21320 21329
21330 21329 21321
21331 21328 21329
21330 21331 21329
21331 21332 21328
21331 21330 21333
21332 21331 21334
21331 21333 21334
21332 21334 21335
21333 21336 21334
21334 21337 21335
21336 21338 21334
21334 21338 21337
21339 21340 21341
21339 21341 21342
21343 21340 21339
21339 21342 21344
21345 21343 21339
21339 21344 21346
21347 21345 21339
21347 21339 21346
21347 21348 21349
21347 21350 21348
21348 21351 21349
21350 21352 21348
21348 21353 21351
21352 21354 21348
21348 21355 21353
21348 21354 21355
21356 21357 21358
21356 21359 21357
21356 21358 21360
21361 21359 21356
21356 21360 21362
21363 21361 21356
21364 21356 21362
21364 21363 21356
21364 21365 21366
21365 21367 21366
21365 21368 21367
21365 21369 21368
21365 21370 21369
21371 21370 21365
21372 21371 21365
21364 21372 21365
21364 21373 21374
21364 21375 21373
21373 21376 21374
21375 21377 21373
21373 21378 21376
21377 21379 21373
21373 21380 21378
21373 21379 21380
21381 21382 21383
21381 21383 21384
21383 21382 21385
21383 21385 21386
21383 21387 21384
21386 21388 21383
21383 21388 21387
21386 21389 21388
21387 21388 21390
21390 21388 21389
21387 21390 21391
21390 21389 21392
21390 21393 21391
21392 21394 21390
21390 21394 21393
21395 21396 21394
21397 21395 21394
21395 21398 21396
21395 21397 21399
21400 21398 21395
21395 21399 21401
21400 21395 21401
21402 21401 21399
21403 21400 21401
21402 21403 21401
21403 21404 21400
21403 21402 21405
21406 21404 21403
21403 21405 21407
21406 21403 21407
21408 21409 21410
21411 21408 21410
21409 21412 21410
21411 21410 21413
21412 21414 21410
21413 21410 21415
21410 21414 21416
21410 21417 21415
21410 21416 21418
21410 21418 21417
21419 21420 21421
21422 21419 21421
21420 21423 21421
21422 21421 21424
21423 21425 21421
21426 21424 21421
21425 21427 21421
21428 21426 21421
21427 21429 21421
21421 21429 21428
