byte offset: 0
first index: 90711
index count: 8352
topology: trianglelist
format: DXGI_FORMAT_R16_UINT

23856 23857 23858
23859 23860 23861
23862 23863 23864
23865 23866 23867
23868 23869 23870
23871 23872 23873
23874 23875 23876
23874 23876 23877
23878 23877 23876
23877 23879 23874
23880 23878 23876
23877 23881 23879
23878 23881 23877
23882 23879 23881
23882 23883 23879
23882 23884 23883
23878 23885 23881
23882 23881 23885
23882 23886 23884
23886 23887 23884
23882 23885 23888
23886 23882 23888
23889 23888 23885
23889 23886 23888
23886 23890 23887
23891 23887 23890
23891 23890 23892
23890 23886 23893
23889 23893 23886
23892 23890 23894
23890 23893 23894
23892 23894 23895
23895 23894 23896
23897 23889 23885
23897 23885 23878
23893 23889 23898
23897 23898 23889
23899 23894 23893
23894 23900 23896
23894 23899 23900
23901 23896 23900
23901 23902 23896
23893 23898 23903
23899 23893 23903
23904 23901 23900
23904 23900 23899
23905 23902 23901
23905 23906 23902
23907 23901 23904
23907 23905 23901
23906 23905 23908
23906 23908 23909
23908 23910 23909
23907 23911 23905
23911 23908 23905
23904 23912 23907
23911 23907 23912
23899 23913 23904
23904 23913 23912
23914 23899 23903
23899 23914 23913
23912 23913 23915
23915 23913 23914
23914 23903 23916
23898 23916 23903
23915 23914 23917
23916 23917 23914
23898 23918 23916
23918 23898 23897
23916 23919 23917
23919 23916 23918
23918 23897 23920
23878 23920 23897
23919 23918 23921
23921 23918 23920
23878 23922 23920
23880 23922 23878
23923 23920 23922
23923 23922 23880
23921 23920 23923
23880 23924 23923
23880 23925 23924
23926 23924 23925
23926 23925 23927
23927 23928 23926
23927 23929 23928
23929 23930 23928
23929 23931 23930
23932 23928 23930
23932 23933 23928
23926 23928 23933
23934 23933 23932
23924 23926 23935
23926 23933 23935
23934 23936 23933
23935 23933 23936
23936 23934 23937
23938 23923 23924
23924 23935 23938
23936 23937 23939
23940 23939 23937
23935 23936 23941
23941 23938 23935
23939 23941 23936
23938 23942 23923
23923 23942 23921
23941 23943 23938
23943 23942 23938
23944 23921 23942
23943 23944 23942
23944 23919 23921
23939 23945 23941
23945 23943 23941
23940 23946 23939
23945 23939 23946
23919 23944 23947
23919 23947 23917
23944 23943 23948
23945 23948 23943
23944 23948 23947
23949 23917 23947
23949 23915 23917
23950 23948 23945
23945 23946 23950
23951 23947 23948
23950 23951 23948
23951 23949 23947
23940 23952 23946
23940 23953 23952
23953 23954 23952
23953 23955 23954
23956 23954 23955
23946 23957 23950
23946 23952 23957
23957 23951 23950
23957 23952 23954
23958 23915 23949
23912 23915 23958
23959 23949 23951
23958 23949 23959
23957 23960 23951
23959 23951 23960
23961 23912 23958
23911 23912 23961
23962 23958 23959
23961 23958 23962
23963 23911 23961
23908 23911 23963
23957 23954 23964
23964 23960 23957
23965 23959 23960
23962 23959 23965
23962 23966 23961
23963 23961 23966
23967 23908 23963
23908 23967 23910
23910 23967 23968
23968 23967 23963
23910 23968 23969
23970 23969 23968
23968 23963 23971
23971 23963 23966
23968 23972 23970
23971 23972 23968
23973 23970 23972
23962 23974 23966
23974 23962 23965
23971 23966 23975
23974 23975 23966
23973 23972 23976
23977 23973 23976
23971 23978 23972
23975 23978 23971
23978 23976 23972
23979 23977 23976
23979 23980 23977
23978 23981 23976
23981 23979 23976
23982 23979 23981
23979 23983 23980
23983 23979 23982
23983 23984 23980
23975 23985 23978
23985 23981 23978
23974 23986 23975
23985 23975 23986
23983 23987 23984
23987 23988 23984
23987 23989 23988
23986 23974 23990
23974 23965 23990
23987 23983 23991
23983 23982 23991
23992 23989 23987
23987 23991 23992
23992 23993 23989
23992 23991 23994
23982 23994 23991
23995 23993 23992
23992 23994 23995
23995 23996 23993
23996 23995 23997
23996 23997 23998
23986 23990 23999
23986 23999 23985
24000 23995 23994
24000 23997 23995
23998 23997 24001
23998 24001 24002
23997 24000 24003
23997 24003 24001
24004 24002 24001
24004 24005 24002
24006 24001 24003
24006 24004 24001
24007 24005 24004
24007 24008 24005
24009 24004 24006
24009 24007 24004
24008 24007 24010
24008 24010 24011
24012 24011 24010
24012 24013 24011
24014 24013 24012
24014 24015 24013
24014 24016 24015
24014 24017 24016
24014 24018 24017
24018 24014 24019
24012 24019 24014
24018 24019 24020
24019 24021 24020
24012 24010 24022
24012 24022 24019
24019 24023 24021
24023 24019 24022
24024 24021 24023
24022 24010 24025
24007 24025 24010
24024 24023 24026
24026 24027 24024
24026 24028 24027
24023 24022 24029
24029 24026 24023
24025 24029 24022
24028 24026 24030
24029 24030 24026
24028 24030 24031
24030 24029 24032
24025 24032 24029
24033 24031 24030
24030 24032 24033
24033 24034 24031
24033 24035 24034
24025 24007 24036
24007 24009 24036
24025 24036 24037
24025 24037 24032
24009 24037 24036
24033 24038 24035
24039 24035 24038
24033 24032 24040
24037 24040 24032
24038 24033 24040
24009 24041 24037
24041 24009 24006
24037 24042 24040
24038 24040 24042
24037 24041 24042
24039 24038 24043
24044 24039 24043
24038 24042 24045
24045 24042 24041
24043 24038 24045
24041 24006 24046
24003 24046 24006
24044 24043 24047
24048 24044 24047
24045 24049 24043
24049 24047 24043
24045 24041 24050
24050 24041 24046
24049 24045 24050
24003 24051 24046
24000 24051 24003
24048 24047 24052
23956 24048 24052
24046 24053 24050
24053 24046 24051
24000 24054 24051
24054 24000 23994
24049 24055 24047
24055 24052 24047
24056 24055 24049
24049 24050 24057
24050 24053 24057
24056 24049 24057
24053 24056 24057
24053 24051 24058
24058 24051 24054
24056 24053 24058
23956 24052 24059
23956 24059 23954
24055 24060 24052
24059 24052 24060
24060 24055 24056
24061 23954 24059
24059 24060 24061
24061 23964 23954
24060 24056 24062
24061 24060 24062
24056 24058 24063
24062 24056 24063
24058 24054 24064
24064 24063 24058
24062 24065 24061
24062 24063 24065
23964 24061 24066
24066 24061 24065
24065 24063 24067
24064 24067 24063
24064 24054 24068
24054 23994 24068
23982 24068 23994
24064 24068 24069
24069 24068 23982
24069 24067 24064
24065 24067 24070
24066 24065 24070
24069 23982 24071
23982 23981 24071
23985 24071 23981
24069 24072 24067
24071 24072 24069
24071 23985 24072
24070 24067 24072
23999 24072 23985
24070 24072 23999
23999 24066 24070
23999 23990 24066
24073 24066 23990
23964 24066 24073
24073 23990 23965
23964 24073 23960
23965 23960 24073
24074 24075 24076
24074 24076 24077
24078 24077 24076
24074 24077 24079
24074 24079 24080
24081 24080 24079
24078 24082 24077
24083 24082 24078
24081 24079 24084
24084 24085 24081
24077 24086 24079
24077 24082 24086
24084 24079 24086
24083 24087 24082
24086 24082 24087
24088 24087 24083
24084 24089 24085
24090 24085 24089
24084 24086 24091
24089 24084 24091
24090 24089 24092
24092 24093 24090
24086 24087 24094
24091 24086 24094
24087 24095 24094
24088 24096 24087
24087 24096 24095
24088 24097 24096
24097 24095 24096
24088 24098 24097
24089 24091 24099
24092 24089 24099
24091 24094 24100
24100 24094 24095
24100 24099 24091
24092 24101 24093
24101 24102 24093
24103 24097 24098
24103 24098 24104
24092 24099 24105
24101 24092 24105
24100 24106 24099
24105 24099 24106
24100 24095 24107
24107 24106 24100
24097 24108 24095
24103 24108 24097
24101 24109 24102
24110 24102 24109
24104 24111 24103
24104 24112 24111
24113 24111 24112
24113 24112 24114
24103 24111 24115
24113 24115 24111
24095 24108 24116
24095 24116 24107
24103 24117 24108
24103 24115 24117
24118 24108 24117
24118 24116 24108
24119 24110 24109
24119 24120 24110
24121 24120 24119
24114 24122 24113
24114 24123 24122
24123 24124 24122
24123 24125 24124
24113 24122 24126
24126 24122 24124
24127 24118 24117
24127 24117 24115
24113 24128 24115
24113 24126 24128
24115 24128 24129
24115 24129 24127
24121 24119 24130
24130 24131 24121
24130 24132 24131
24133 24131 24132
24134 24130 24119
24134 24132 24130
24133 24132 24135
24135 24136 24133
24128 24126 24137
24128 24137 24129
24134 24119 24138
24109 24138 24119
24134 24139 24132
24135 24132 24139
24135 24140 24136
24140 24141 24136
24109 24142 24138
24142 24109 24101
24143 24134 24138
24134 24143 24139
24143 24138 24144
24142 24144 24138
24142 24101 24145
24101 24105 24145
24146 24140 24135
24135 24139 24146
24140 24147 24141
24147 24148 24141
24149 24139 24143
24144 24149 24143
24142 24150 24144
24150 24142 24145
24151 24145 24105
24105 24106 24151
24146 24152 24140
24147 24140 24152
24147 24153 24148
24153 24154 24148
24144 24155 24149
24150 24155 24144
24150 24145 24156
24151 24156 24145
24157 24151 24106
24107 24157 24106
24147 24152 24158
24153 24147 24158
24150 24159 24155
24159 24150 24156
24160 24156 24151
24157 24160 24151
24107 24161 24157
24107 24116 24161
24159 24156 24162
24160 24162 24156
24163 24160 24157
24163 24157 24161
24162 24160 24163
24164 24155 24159
24164 24159 24162
24165 24161 24116
24165 24116 24118
24166 24163 24161
24166 24161 24165
24167 24162 24163
24164 24162 24167
24167 24163 24166
24118 24168 24165
24166 24165 24168
24118 24127 24168
24164 24169 24155
24169 24149 24155
24170 24168 24127
24170 24127 24129
24129 24171 24170
24129 24137 24171
24172 24167 24166
24173 24164 24167
24173 24167 24172
24166 24168 24174
24172 24166 24174
24175 24174 24168
24175 24168 24170
24174 24175 24172
24170 24176 24175
24170 24171 24176
24175 24177 24172
24175 24176 24177
24178 24164 24173
24178 24169 24164
24179 24173 24172
24179 24172 24177
24180 24178 24173
24180 24173 24179
24181 24176 24171
24176 24182 24177
24176 24181 24182
24183 24179 24177
24183 24177 24182
24184 24180 24179
24179 24183 24184
24185 24183 24182
24181 24185 24182
24181 24171 24186
24137 24186 24171
24184 24183 24187
24185 24187 24183
24186 24188 24181
24181 24188 24185
24137 24189 24186
24189 24137 24126
24186 24190 24188
24189 24190 24186
24191 24185 24188
24191 24188 24190
24189 24126 24192
24126 24124 24192
24192 24193 24189
24189 24193 24190
24124 24194 24192
24192 24194 24193
24190 24193 24195
24194 24195 24193
24124 24196 24194
24125 24196 24124
24125 24197 24196
24196 24197 24198
24196 24199 24194
24194 24199 24195
24196 24198 24200
24196 24200 24199
24200 24198 24201
24200 24202 24199
24195 24199 24202
24200 24201 24203
24200 24203 24202
24203 24201 24204
24203 24204 24205
24202 24203 24205
24206 24205 24204
24206 24207 24205
24207 24206 24208
24207 24208 24209
24202 24205 24210
24210 24205 24207
24209 24211 24207
24210 24207 24211
24209 24212 24211
24195 24202 24213
24210 24213 24202
24214 24211 24212
24214 24212 24215
24214 24215 24216
24211 24217 24210
24210 24217 24213
24211 24214 24217
24213 24218 24195
24190 24195 24218
24191 24190 24218
24213 24219 24218
24217 24219 24213
24219 24191 24218
24214 24216 24220
24220 24216 24221
24214 24222 24217
24217 24222 24219
24214 24220 24222
24219 24223 24191
24222 24223 24219
24220 24221 24224
24224 24222 24220
24221 24225 24224
24221 24226 24225
24224 24227 24222
24222 24227 24223
24225 24227 24224
24223 24228 24191
24191 24228 24185
24228 24187 24185
24227 24229 24223
24223 24229 24228
24226 24230 24225
24226 24231 24230
24232 24230 24231
24225 24233 24227
24227 24233 24229
24229 24234 24228
24228 24234 24187
24232 24235 24230
24235 24232 24236
24237 24225 24230
24237 24233 24225
24235 24237 24230
24233 24238 24229
24229 24238 24234
24233 24237 24238
24187 24234 24239
24238 24239 24234
24238 24237 24240
24235 24240 24237
24238 24240 24241
24238 24241 24239
24235 24242 24240
24241 24240 24242
24235 24236 24243
24235 24243 24242
24241 24242 24244
24244 24239 24241
24245 24187 24239
24184 24187 24245
24236 24246 24243
24236 24247 24246
24248 24242 24243
24248 24244 24242
24248 24243 24246
24244 24249 24239
24245 24239 24249
24245 24250 24184
24184 24250 24180
24251 24246 24247
24251 24247 24252
24248 24246 24253
24246 24251 24253
24248 24254 24244
24254 24249 24244
24253 24254 24248
24255 24245 24249
24245 24255 24250
24254 24256 24249
24255 24249 24256
24253 24257 24254
24256 24254 24257
24258 24250 24255
24255 24256 24258
24180 24250 24259
24258 24259 24250
24259 24258 24260
24258 24256 24261
24256 24257 24261
24258 24261 24260
24180 24259 24262
24260 24262 24259
24262 24178 24180
24263 24257 24253
24253 24251 24263
24261 24257 24264
24263 24264 24257
24262 24265 24178
24265 24169 24178
24261 24264 24266
24266 24260 24261
24263 24267 24264
24266 24264 24267
24251 24268 24263
24263 24268 24267
24266 24267 24269
24260 24266 24269
24260 24270 24262
24265 24262 24270
24265 24271 24169
24169 24271 24149
24251 24272 24268
24252 24272 24251
24252 24273 24272
24274 24267 24268
24269 24267 24274
24273 24275 24272
24273 24276 24275
24277 24268 24272
24274 24268 24277
24277 24272 24275
24276 24278 24275
24276 24279 24278
24280 24277 24275
24280 24275 24278
24281 24274 24277
24281 24277 24280
24279 24282 24278
24279 24283 24282
24284 24280 24278
24284 24278 24282
24283 24285 24282
24283 24286 24285
24287 24285 24286
24287 24288 24285
24289 24285 24288
24282 24285 24290
24289 24290 24285
24282 24290 24284
24290 24289 24291
24292 24280 24284
24292 24281 24280
24284 24290 24293
24290 24291 24293
24284 24293 24292
24291 24294 24293
24291 24295 24294
24294 24295 24296
24293 24297 24292
24293 24294 24297
24298 24281 24292
24298 24292 24297
24294 24299 24297
24299 24298 24297
24294 24296 24300
24294 24300 24299
24281 24298 24301
24281 24301 24274
24269 24274 24301
24296 24302 24300
24296 24303 24302
24302 24303 24304
24301 24298 24305
24299 24305 24298
24269 24301 24306
24301 24305 24306
24300 24302 24307
24300 24307 24299
24302 24304 24308
24308 24307 24302
24299 24309 24305
24299 24307 24309
24269 24306 24310
24260 24269 24310
24310 24270 24260
24311 24306 24305
24311 24305 24309
24312 24310 24306
24310 24312 24270
24312 24306 24311
24312 24313 24270
24265 24270 24313
24271 24265 24313
24314 24312 24311
24312 24314 24313
24315 24311 24309
24314 24311 24315
24314 24315 24316
24315 24309 24317
24317 24316 24315
24307 24317 24309
24271 24313 24318
24314 24318 24313
24307 24319 24317
24308 24319 24307
24319 24320 24317
24317 24320 24316
24308 24321 24319
24319 24321 24320
24322 24271 24318
24322 24149 24271
24149 24322 24139
24146 24139 24322
24146 24322 24323
24323 24322 24318
24152 24146 24323
24316 24320 24324
24324 24320 24321
24308 24325 24321
24304 24325 24308
24304 24326 24325
24325 24327 24321
24324 24321 24327
24328 24325 24326
24325 24328 24327
24328 24326 24329
24330 24328 24329
24330 24329 24331
24328 24332 24327
24328 24330 24332
24331 24333 24330
24332 24330 24333
24331 24334 24333
24334 24154 24333
24334 24335 24154
24153 24333 24154
24332 24333 24153
24153 24158 24332
24158 24327 24332
24158 24324 24327
24158 24336 24324
24158 24152 24336
24316 24324 24336
24152 24323 24336
24316 24336 24323
24316 24323 24337
24314 24316 24337
24323 24318 24337
24314 24337 24318
24338 24339 24340
24338 24341 24339
24342 24339 24341
24341 24338 24343
24344 24339 24342
24341 24343 24345
24342 24341 24345
24346 24345 24343
24346 24343 24347
24346 24347 24348
24342 24345 24349
24346 24349 24345
24346 24348 24350
24350 24348 24351
24346 24352 24349
24350 24352 24346
24353 24349 24352
24353 24352 24350
24350 24351 24354
24355 24354 24351
24356 24342 24349
24356 24349 24353
24353 24350 24357
24354 24357 24350
24356 24353 24358
24357 24358 24353
24342 24356 24359
24360 24356 24358
24360 24359 24356
24342 24359 24361
24344 24342 24361
24362 24361 24359
24362 24344 24361
24363 24359 24360
24363 24362 24359
24344 24362 24364
24344 24364 24365
24366 24365 24364
24366 24367 24365
24367 24366 24368
24367 24368 24369
24369 24368 24370
24369 24370 24371
24372 24371 24370
24372 24373 24371
24370 24374 24372
24370 24375 24374
24375 24370 24368
24376 24374 24375
24366 24377 24368
24375 24368 24377
24376 24375 24378
24378 24375 24377
24379 24376 24378
24364 24380 24366
24366 24380 24377
24379 24378 24381
24381 24382 24379
24378 24377 24383
24380 24383 24377
24383 24381 24378
24364 24384 24380
24384 24364 24362
24380 24385 24383
24385 24380 24384
24383 24386 24381
24386 24383 24385
24381 24387 24382
24387 24381 24386
24384 24362 24388
24362 24363 24388
24385 24384 24389
24389 24384 24388
24386 24385 24390
24390 24385 24389
24391 24388 24363
24389 24388 24391
24392 24382 24387
24392 24393 24382
24387 24386 24394
24390 24394 24386
24390 24389 24395
24391 24395 24389
24391 24363 24396
24396 24363 24360
24397 24393 24392
24392 24398 24397
24397 24399 24393
24400 24392 24387
24400 24387 24394
24392 24400 24398
24399 24397 24401
24398 24401 24397
24399 24401 24402
24403 24400 24394
24398 24400 24403
24396 24404 24391
24391 24404 24395
24396 24360 24405
24358 24405 24360
24402 24401 24406
24402 24406 24407
24403 24394 24408
24390 24408 24394
24408 24390 24395
24408 24395 24409
24409 24395 24404
24403 24408 24409
24396 24410 24404
24405 24410 24396
24358 24411 24405
24357 24411 24358
24412 24405 24411
24405 24412 24410
24413 24404 24410
24409 24404 24413
24414 24411 24357
24412 24411 24414
24415 24410 24412
24413 24410 24415
24414 24357 24416
24354 24416 24357
24415 24412 24417
24414 24417 24412
24418 24416 24354
24355 24418 24354
24419 24409 24413
24420 24413 24415
24420 24419 24413
24421 24415 24417
24421 24420 24415
24414 24422 24417
24422 24421 24417
24416 24423 24414
24422 24414 24423
24419 24424 24409
24403 24409 24424
24425 24403 24424
24398 24403 24425
24426 24419 24420
24427 24424 24419
24426 24427 24419
24428 24420 24421
24428 24426 24420
24425 24424 24429
24427 24429 24424
24416 24430 24423
24431 24430 24416
24418 24431 24416
24432 24423 24430
24422 24423 24432
24422 24433 24421
24433 24422 24432
24434 24421 24433
24434 24428 24421
24433 24432 24435
24433 24435 24434
24432 24430 24436
24435 24432 24436
24431 24437 24430
24430 24437 24436
24418 24438 24431
24431 24438 24437
24418 24439 24438
24355 24439 24418
24355 24440 24439
24441 24440 24355
24441 24442 24440
24443 24442 24441
24443 24444 24442
24445 24444 24443
24445 24446 24444
24447 24446 24445
24448 24446 24447
24448 24449 24446
24450 24449 24448
24450 24451 24449
24452 24451 24450
24452 24453 24451
24454 24453 24452
24455 24453 24454
24455 24456 24453
24457 24456 24455
24458 24456 24457
24458 24459 24456
24460 24459 24458
24460 24461 24459
24462 24461 24460
24463 24461 24462
24463 24464 24461
24464 24465 24461
24464 24466 24465
24461 24467 24459
24461 24465 24467
24466 24468 24465
24466 24469 24468
24465 24468 24470
24465 24470 24467
24459 24467 24471
24467 24470 24471
24459 24471 24456
24471 24470 24472
24456 24471 24473
24471 24472 24473
24456 24473 24453
24473 24472 24474
24453 24473 24475
24473 24474 24475
24453 24475 24451
24475 24474 24476
24451 24475 24477
24475 24476 24477
24451 24477 24449
24477 24476 24478
24449 24477 24479
24477 24478 24479
24449 24479 24446
24479 24478 24480
24446 24479 24481
24479 24480 24481
24446 24481 24444
24481 24480 24482
24444 24481 24483
24481 24482 24483
24444 24483 24442
24483 24482 24484
24442 24483 24485
24483 24484 24485
24442 24485 24440
24485 24484 24486
24440 24485 24487
24485 24486 24487
24440 24487 24439
24487 24486 24488
24439 24487 24489
24487 24488 24489
24439 24489 24438
24489 24488 24490
24438 24489 24491
24489 24490 24491
24491 24490 24492
24438 24491 24437
24491 24492 24493
24437 24491 24493
24493 24492 24494
24437 24493 24495
24436 24437 24495
24493 24494 24496
24495 24493 24496
24496 24494 24497
24436 24495 24498
24435 24436 24498
24496 24497 24499
24499 24497 24500
24495 24496 24501
24498 24495 24501
24501 24496 24499
24498 24502 24435
24434 24435 24502
24498 24501 24503
24498 24503 24502
24501 24499 24504
24503 24501 24504
24499 24500 24505
24504 24499 24505
24505 24500 24506
24506 24500 24507
24502 24508 24434
24508 24428 24434
24502 24503 24509
24503 24504 24509
24504 24505 24510
24510 24505 24506
24506 24507 24511
24511 24507 24469
24511 24469 24512
24513 24506 24511
24510 24506 24513
24514 24511 24512
24513 24511 24514
24514 24512 24515
24502 24509 24516
24516 24508 24502
24509 24504 24517
24517 24504 24510
24509 24518 24516
24509 24517 24518
24518 24508 24516
24517 24510 24519
24519 24518 24517
24520 24510 24513
24519 24510 24520
24518 24519 24521
24520 24521 24519
24518 24522 24508
24522 24518 24521
24520 24513 24523
24523 24513 24514
24524 24514 24515
24524 24515 24525
24520 24526 24521
24523 24526 24520
24523 24514 24527
24527 24514 24524
24528 24524 24525
24528 24525 24529
24530 24523 24527
24530 24526 24523
24531 24527 24524
24531 24524 24528
24530 24527 24531
24531 24532 24530
24533 24521 24526
24522 24521 24533
24534 24526 24530
24532 24534 24530
24533 24526 24534
24535 24528 24529
24535 24529 24536
24528 24537 24531
24531 24537 24532
24528 24535 24537
24538 24535 24536
24538 24536 24539
24535 24540 24537
24532 24537 24540
24535 24538 24540
24539 24541 24538
24539 24542 24541
24543 24540 24538
24543 24538 24541
24542 24544 24541
24542 24545 24544
24541 24546 24543
24541 24544 24546
24547 24544 24545
24547 24545 24548
24549 24546 24544
24549 24544 24547
24550 24547 24548
24550 24548 24551
24552 24549 24547
24552 24547 24550
24551 24553 24550
24551 24554 24553
24555 24553 24554
24555 24554 24556
24557 24555 24556
24557 24556 24558
24557 24558 24559
24557 24559 24560
24557 24560 24561
24561 24562 24557
24555 24557 24562
24561 24563 24562
24562 24563 24564
24555 24565 24553
24555 24562 24565
24562 24564 24566
24566 24565 24562
24567 24566 24564
24565 24568 24553
24550 24553 24568
24567 24569 24566
24569 24567 24570
24566 24571 24565
24568 24565 24571
24571 24566 24569
24569 24570 24572
24573 24572 24570
24573 24574 24572
24571 24569 24575
24572 24575 24569
24576 24572 24574
24572 24576 24575
24576 24574 24577
24575 24578 24571
24568 24571 24578
24550 24568 24579
24552 24550 24579
24568 24580 24579
24552 24579 24580
24568 24578 24580
24581 24576 24577
24581 24577 24582
24583 24575 24576
24575 24583 24578
24583 24576 24581
24584 24581 24582
24583 24581 24584
24584 24582 24585
24584 24585 24586
24583 24587 24578
24580 24578 24587
24552 24580 24588
24588 24549 24552
24583 24584 24589
24589 24587 24583
24584 24586 24590
24590 24589 24584
24591 24590 24586
24580 24587 24592
24580 24592 24588
24589 24592 24587
24591 24593 24590
24593 24591 24407
24593 24407 24406
24590 24594 24589
24593 24594 24590
24589 24595 24592
24595 24588 24592
24594 24595 24589
24406 24596 24593
24593 24596 24594
24595 24594 24597
24597 24594 24596
24595 24598 24588
24597 24598 24595
24406 24599 24596
24401 24599 24406
24597 24596 24600
24600 24596 24599
24401 24601 24599
24398 24601 24401
24601 24602 24599
24600 24599 24602
24603 24601 24398
24601 24603 24602
24603 24398 24425
24604 24597 24600
24597 24604 24598
24598 24605 24588
24588 24605 24549
24546 24549 24605
24602 24606 24600
24604 24600 24606
24604 24607 24598
24605 24598 24607
24607 24604 24606
24546 24605 24608
24607 24608 24605
24543 24546 24608
24607 24609 24608
24606 24609 24607
24543 24608 24610
24609 24610 24608
24610 24540 24543
24602 24611 24606
24603 24611 24602
24606 24612 24609
24611 24612 24606
24609 24613 24610
24613 24609 24612
24610 24614 24540
24613 24614 24610
24532 24540 24614
24611 24603 24615
24611 24615 24612
24613 24612 24616
24615 24616 24612
24613 24617 24614
24617 24532 24614
24617 24613 24616
24618 24615 24603
24425 24618 24603
24425 24429 24618
24617 24619 24532
24532 24619 24534
24617 24616 24620
24619 24617 24620
24615 24621 24616
24618 24621 24615
24621 24620 24616
24622 24534 24619
24619 24620 24622
24622 24533 24534
24621 24623 24620
24623 24621 24618
24622 24620 24623
24429 24624 24618
24623 24618 24624
24429 24427 24624
24625 24533 24622
24625 24522 24533
24626 24622 24623
24626 24623 24624
24622 24626 24625
24627 24624 24427
24626 24624 24627
24627 24625 24626
24627 24427 24426
24522 24625 24628
24627 24628 24625
24426 24628 24627
24522 24628 24508
24426 24428 24628
24508 24628 24428
24629 24630 24631
24629 24631 24632
24633 24632 24631
24634 24629 24632
24634 24635 24629
24636 24635 24634
24633 24637 24632
24638 24637 24633
24639 24632 24637
24639 24634 24632
24638 24640 24637
24640 24639 24637
24641 24640 24638
24641 24642 24640
24643 24642 24641
24643 24644 24642
24645 24644 24643
24646 24640 24642
24644 24646 24642
24645 24647 24644
24648 24647 24645
24640 24649 24639
24646 24649 24640
24644 24650 24646
24647 24650 24644
24648 24651 24647
24652 24651 24648
24647 24653 24650
24653 24647 24651
24654 24646 24650
24653 24654 24650
24649 24646 24655
24654 24655 24646
24639 24649 24656
24649 24655 24656
24652 24657 24651
24658 24657 24652
24653 24651 24659
24657 24659 24651
24658 24660 24657
24661 24660 24658
24653 24662 24654
24659 24662 24653
24663 24655 24654
24656 24655 24663
24639 24656 24664
24634 24639 24664
24657 24665 24659
24660 24665 24657
24661 24666 24660
24667 24666 24661
24659 24668 24662
24665 24668 24659
24662 24669 24654
24663 24654 24669
24660 24670 24665
24670 24660 24666
24667 24671 24666
24672 24671 24667
24662 24673 24669
24673 24662 24668
24665 24674 24668
24674 24665 24670
24670 24666 24675
24675 24666 24671
24672 24676 24671
24677 24676 24672
24673 24678 24669
24663 24669 24678
24673 24668 24679
24674 24679 24668
24674 24670 24680
24675 24680 24670
24675 24671 24681
24676 24681 24671
24677 24682 24676
24683 24682 24677
24673 24684 24678
24679 24684 24673
24674 24685 24679
24685 24674 24680
24679 24686 24684
24685 24686 24679
24675 24687 24680
24687 24675 24681
24683 24688 24682
24689 24688 24683
24678 24684 24690
24690 24684 24686
24689 24691 24688
24692 24691 24689
24692 24693 24691
24694 24691 24693
24694 24695 24691
24695 24688 24691
24695 24694 24696
24697 24682 24688
24695 24697 24688
24695 24696 24698
24698 24697 24695
24699 24698 24696
24697 24700 24682
24700 24676 24682
24699 24701 24698
24701 24699 24702
24698 24703 24697
24700 24697 24703
24701 24703 24698
24700 24704 24676
24676 24704 24681
24701 24702 24705
24705 24702 24706
24700 24703 24707
24704 24700 24707
24701 24708 24703
24705 24708 24701
24708 24707 24703
24704 24709 24681
24687 24681 24709
24704 24707 24710
24704 24710 24709
24708 24711 24707
24710 24707 24711
24712 24687 24709
24712 24680 24687
24713 24709 24710
24712 24709 24713
24705 24706 24714
24715 24714 24706
24705 24716 24708
24711 24708 24716
24710 24711 24717
24713 24710 24717
24717 24711 24718
24711 24716 24718
24719 24716 24705
24719 24705 24714
24720 24714 24715
24720 24715 24721
24722 24720 24721
24723 24713 24717
24717 24718 24723
24724 24718 24716
24724 24716 24719
24714 24725 24719
24714 24720 24725
24722 24726 24720
24726 24722 24727
24728 24720 24726
24728 24725 24720
24726 24727 24729
24728 24726 24729
24730 24729 24727
24719 24725 24731
24719 24731 24724
24732 24718 24724
24732 24723 24718
24733 24725 24728
24733 24731 24725
24730 24734 24729
24734 24730 24735
24728 24729 24736
24728 24736 24733
24734 24736 24729
24724 24731 24737
24724 24737 24732
24731 24733 24738
24738 24733 24736
24731 24738 24737
24739 24723 24732
24739 24732 24737
24734 24735 24740
24740 24735 24741
24734 24742 24736
24742 24734 24740
24740 24741 24743
24743 24741 24744
24745 24737 24738
24739 24737 24745
24738 24736 24746
24742 24746 24736
24742 24740 24747
24743 24747 24740
24743 24744 24748
24748 24744 24749
24745 24738 24750
24746 24750 24738
24742 24751 24746
24747 24751 24742
24743 24752 24747
24748 24752 24743
24746 24753 24750
24751 24753 24746
24747 24754 24751
24752 24754 24747
24755 24751 24754
24751 24756 24753
24755 24756 24751
24757 24753 24756
24757 24756 24755
24750 24753 24758
24757 24758 24753
24759 24745 24750
24750 24758 24759
24752 24760 24754
24755 24754 24760
24759 24761 24745
24761 24739 24745
24759 24758 24762
24763 24758 24757
24763 24762 24758
24764 24761 24759
24759 24762 24764
24765 24764 24762
24766 24762 24763
24766 24765 24762
24761 24767 24739
24764 24768 24761
24768 24767 24761
24765 24769 24764
24768 24764 24769
24767 24770 24739
24739 24770 24723
24770 24713 24723
24770 24712 24713
24767 24771 24770
24771 24712 24770
24768 24772 24767
24772 24771 24767
24771 24773 24712
24712 24773 24680
24685 24680 24773
24773 24771 24685
24685 24771 24686
24772 24686 24771
24690 24686 24772
24774 24772 24768
24772 24774 24690
24768 24769 24775
24774 24768 24775
24774 24776 24690
24678 24690 24776
24777 24775 24769
24769 24765 24777
24778 24774 24775
24774 24778 24776
24779 24678 24776
24663 24678 24779
24777 24780 24775
24778 24775 24780
24781 24663 24779
24656 24663 24781
24664 24656 24781
24779 24776 24782
24778 24783 24776
24783 24782 24776
24780 24784 24778
24784 24783 24778
24780 24777 24785
24780 24785 24784
24781 24779 24786
24786 24779 24782
24664 24781 24787
24787 24781 24786
24786 24782 24788
24788 24782 24783
24777 24789 24785
24777 24765 24789
24790 24664 24787
24634 24664 24790
24636 24634 24790
24791 24636 24790
24790 24787 24791
24791 24792 24636
24787 24786 24793
24791 24787 24793
24793 24786 24788
24794 24792 24791
24791 24793 24794
24794 24795 24792
24796 24794 24793
24793 24788 24796
24795 24794 24797
24796 24797 24794
24795 24797 24798
24799 24798 24797
24799 24797 24800
24800 24797 24796
24800 24801 24799
24788 24802 24796
24800 24796 24802
24788 24803 24802
24788 24783 24803
24800 24802 24804
24803 24804 24802
24805 24803 24783
24803 24805 24804
24805 24783 24784
24800 24806 24801
24800 24804 24806
24807 24805 24784
24807 24784 24785
24808 24804 24805
24808 24806 24804
24808 24805 24807
24801 24806 24809
24808 24809 24806
24801 24809 24810
24785 24811 24807
24785 24789 24811
24812 24808 24807
24808 24812 24809
24812 24807 24811
24813 24810 24809
24809 24812 24813
24813 24814 24810
24815 24812 24811
24812 24815 24813
24789 24816 24811
24815 24811 24816
24814 24813 24817
24814 24817 24818
24789 24819 24816
24819 24789 24765
24813 24815 24820
24813 24820 24817
24815 24816 24821
24819 24821 24816
24815 24821 24820
24765 24822 24819
24819 24822 24821
24765 24766 24822
24818 24817 24823
24818 24823 24824
24825 24820 24821
24822 24825 24821
24826 24817 24820
24826 24823 24817
24825 24826 24820
24822 24766 24827
24763 24827 24766
24824 24823 24828
24824 24828 24829
24822 24830 24825
24822 24827 24830
24831 24826 24825
24831 24825 24830
24832 24823 24826
24832 24828 24823
24831 24832 24826
24763 24833 24827
24757 24833 24763
24829 24828 24834
24829 24834 24835
24830 24827 24836
24833 24836 24827
24831 24830 24837
24830 24836 24837
24838 24832 24831
24837 24838 24831
24839 24828 24832
24839 24834 24828
24838 24839 24832
24757 24840 24833
24757 24755 24840
24835 24834 24841
24835 24841 24842
24843 24842 24841
24843 24841 24844
24845 24844 24841
24834 24846 24841
24845 24841 24846
24834 24839 24846
24846 24847 24845
24839 24848 24846
24846 24848 24847
24839 24838 24848
24840 24849 24833
24833 24849 24836
24847 24848 24850
24847 24850 24851
24850 24852 24851
24848 24838 24853
24848 24853 24850
24837 24853 24838
24854 24837 24836
24854 24853 24837
24850 24853 24854
24854 24836 24849
24840 24855 24849
24855 24840 24755
24850 24856 24852
24850 24854 24856
24854 24849 24857
24856 24854 24857
24857 24849 24855
24852 24856 24858
24856 24857 24858
24852 24858 24859
24858 24860 24859
24855 24755 24861
24755 24760 24861
24862 24858 24857
24858 24862 24860
24857 24855 24863
24863 24855 24861
24862 24857 24863
24863 24861 24864
24760 24864 24861
24862 24863 24864
24860 24862 24865
24862 24864 24865
24860 24865 24866
24760 24867 24864
24865 24864 24867
24752 24867 24760
24868 24866 24865
24865 24867 24868
24868 24869 24866
24752 24870 24867
24868 24867 24870
24748 24870 24752
24871 24869 24868
24868 24870 24871
24871 24872 24869
24870 24748 24873
24870 24873 24871
24872 24871 24873
24748 24749 24873
24872 24873 24874
24874 24873 24749
24874 24749 24875
24876 24877 24878
24876 24878 24879
24880 24876 24879
24879 24878 24881
24880 24879 24882
24879 24881 24883
24882 24879 24883
24883 24881 24884
24882 24883 24885
24883 24884 24886
24885 24883 24886
24886 24884 24887
24886 24887 24888
24885 24886 24889
24889 24886 24888
24888 24887 24890
24889 24888 24891
24891 24892 24889
24891 24893 24892
24888 24890 24894
24894 24890 24895
24894 24895 24896
24896 24895 24897
24888 24894 24898
24898 24894 24896
24888 24898 24899
24891 24888 24899
24891 24899 24900
24901 24891 24900
24891 24901 24893
24901 24902 24893
24901 24903 24902
24903 24904 24902
24903 24905 24904
24898 24896 24906
24905 24907 24904
24896 24897 24908
24906 24896 24908
24908 24897 24909
24906 24908 24910
24905 24911 24907
24911 24905 24912
24913 24911 24912
24911 24914 24907
24908 24909 24915
24910 24908 24915
24915 24909 24916
24910 24915 24917
24915 24916 24918
24917 24915 24918
24918 24916 24919
24917 24918 24920
24918 24919 24921
24920 24918 24921
24921 24919 24922
24920 24921 24923
24921 24922 24924
24923 24921 24924
24924 24922 24925
24923 24924 24926
24924 24925 24927
24926 24924 24927
24927 24925 24928
24926 24927 24929
24927 24928 24930
24929 24927 24930
24930 24928 24931
24929 24930 24932
24930 24931 24933
24932 24930 24933
24933 24931 24934
24932 24933 24935
24933 24934 24936
24935 24933 24936
24936 24934 24937
24935 24936 24938
24936 24937 24939
24938 24936 24939
24938 24939 24940
24941 24942 24943
24941 24944 24942
24944 24945 24942
24946 24944 24941
24944 24947 24945
24946 24948 24944
24948 24947 24944
24949 24948 24946
24948 24950 24947
24949 24951 24948
24951 24950 24948
24951 24952 24950
24953 24951 24949
24954 24952 24951
24953 24954 24951
24954 24955 24952
24953 24956 24954
24956 24955 24954
24953 24957 24956
24956 24958 24955
24957 24959 24956
24959 24958 24956
24957 24960 24959
24959 24961 24958
24962 24959 24960
24963 24961 24959
24962 24963 24959
24963 24964 24961
24962 24965 24963
24965 24964 24963
24962 24966 24965
24965 24967 24964
24968 24965 24966
24969 24967 24965
24968 24969 24965
24969 24970 24967
24971 24969 24968
24972 24970 24969
24971 24972 24969
24972 24973 24970
24974 24972 24971
24975 24973 24972
24974 24975 24972
24975 24976 24973
24977 24975 24974
24978 24976 24975
24977 24978 24975
24978 24913 24976
24979 24978 24977
24978 24911 24913
24979 24980 24978
24980 24911 24978
24981 24980 24979
24980 24914 24911
24981 24982 24980
24982 24914 24980
24982 24983 24914
24984 24982 24981
24982 24985 24983
24984 24986 24982
24982 24986 24985
24987 24986 24984
24987 24988 24986
24988 24985 24986
24988 24989 24985
24990 24991 24992
24990 24992 24993
24994 24995 24996
24994 24996 24997
24998 24999 25000
24998 25000 25001
25002 25001 25000
25003 24998 25001
25002 25004 25001
25003 25001 25005
25004 25005 25001
25004 25006 25005
25007 25003 25005
25005 25006 25008
25007 25005 25009
25005 25008 25009
25010 25007 25009
25009 25008 25011
25010 25009 25012
25009 25011 25012
25012 25013 25010
25011 25014 25012
25012 25014 25013
25011 25015 25014
25014 25015 25016
25013 25014 25017
25014 25016 25017
25013 25017 25018
25017 25019 25018
25016 25020 25017
25017 25020 25019
25016 25021 25020
25020 25022 25019
25021 25022 25020
25023 25024 25025
25023 25025 25026
25027 25023 25026
25027 25026 25028
25029 25027 25028
25029 25028 25030
25031 25029 25030
25031 25030 25032
25033 25031 25032
25033 25034 25031
25035 25034 25033
25035 25033 25036
25036 25037 25035
25036 25038 25037
25039 25040 25041
25039 25041 25042
25043 25042 25041
25044 25039 25042
25043 25045 25042
25044 25042 25046
25045 25046 25042
25047 25044 25046
25045 25048 25046
25047 25046 25049
25048 25049 25046
25048 25050 25049
25051 25047 25049
25050 25052 25049
25051 25049 25052
25050 25053 25052
25054 25052 25053
25055 25051 25052
25054 25055 25052
25055 25056 25051
25057 25056 25055
25058 25055 25054
25057 25055 25058
25058 25054 25059
25060 25058 25059
25061 25057 25058
25060 25061 25058
25061 25062 25057
25063 25061 25060
25062 25061 25063
25064 25065 25066
25064 25066 25067
25068 25064 25067
25068 25067 25069
25070 25068 25069
25070 25069 25071
25072 25070 25071
25072 25071 25073
25074 25072 25073
25074 25075 25072
25075 25074 25076
25075 25076 25077
25078 25077 25076
25078 25079 25077
25080 25081 25082
25080 25082 25083
25084 25085 25086
25084 25086 25087
25087 25086 25088
25087 25088 25089
25090 25089 25088
25090 25091 25089
25090 25092 25091
25090 25093 25092
25093 25094 25092
25093 25095 25094
25095 25096 25094
25095 25097 25096
25097 25098 25099
25097 25099 25100
25101 25102 25103
25101 25103 25104
25101 25104 25105
25101 25105 25106
25105 25107 25106
25105 25108 25107
25108 25109 25107
25108 25110 25109
25110 25111 25109
25110 25112 25111
25112 25113 25111
25112 25114 25113
25114 25115 25113
25114 25116 25115
25117 25118 25119
25117 25119 25120
25121 25122 25123
25121 25123 25124
25125 25121 25124
25123 25126 25124
25123 25127 25126
25125 25124 25128
25126 25128 25124
25129 25125 25128
25126 25130 25128
25129 25128 25131
25130 25131 25128
25130 25132 25131
25133 25129 25131
25132 25134 25131
25133 25131 25134
25132 25135 25134
25134 25135 25136
25133 25134 25137
25134 25136 25137
25133 25137 25138
25139 25137 25136
25140 25138 25137
25139 25140 25137
25140 25141 25138
25140 25142 25141
25139 25143 25140
25140 25143 25142
25139 25144 25143
25143 25145 25142
25144 25145 25143
25146 25147 25148
25146 25148 25149
25150 25149 25148
25151 25146 25149
25150 25152 25149
25151 25149 25153
25152 25153 25149
25154 25151 25153
25152 25155 25153
25154 25153 25156
25155 25156 25153
25157 25154 25156
25155 25158 25156
25157 25156 25159
25158 25159 25156
25158 25160 25159
25161 25157 25159
25162 25159 25160
25161 25159 25162
25162 25160 25163
25164 25161 25162
25163 25164 25162
25163 25165 25164
25164 25166 25161
25167 25164 25165
25168 25166 25164
25167 25168 25164
25168 25169 25166
25170 25168 25167
25169 25168 25170
25171 25172 25173
25171 25173 25174
25171 25174 25175
25176 25171 25175
25176 25175 25177
25176 25177 25178
25179 25176 25178
25179 25178 25180
25181 25179 25180
25182 25176 25179
25181 25182 25179
25182 25183 25176
25184 25176 25183
25184 25185 25176
25176 25185 25171
25185 25186 25171
25171 25186 25187
25171 25187 25188
25181 25189 25190
25189 25191 25190
25189 25192 25191
25192 25193 25191
25192 25194 25193
25192 25195 25194
25195 25196 25194
25195 25197 25196
25195 25198 25197
25195 25199 25198
25195 25200 25199
25201 25200 25195
25192 25201 25195
25202 25201 25192
25202 25192 25203
25204 25203 25192
25204 25192 25189
25181 25204 25189
25181 25205 25206
25181 25207 25205
25207 25208 25205
25207 25209 25208
25205 25210 25206
25205 25208 25210
25211 25208 25209
25208 25212 25210
25211 25213 25208
25208 25213 25214
25208 25215 25212
25208 25214 25215
25213 25216 25214
25214 25217 25215
25214 25216 25218
25214 25219 25217
25214 25218 25220
25214 25220 25219
25221 25222 25223
25221 25223 25224
25225 25221 25224
25225 25224 25226
25227 25225 25226
25227 25226 25228
25229 25227 25228
25229 25228 25230
25231 25229 25230
25231 25230 25232
25233 25234 25235
25233 25236 25234
25236 25237 25234
25236 25238 25237
25238 25239 25237
25238 25240 25239
25240 25241 25239
25240 25242 25241
25242 25243 25241
25242 25244 25243
25245 25246 25247
25245 25247 25248
25249 25250 25251
25249 25251 25252
25253 25254 25255
25253 25255 25256
25257 25253 25256
25257 25256 25258
25259 25257 25258
25259 25258 25260
25261 25259 25260
25261 25260 25262
25263 25261 25262
25263 25262 25264
25265 25266 25267
25265 25268 25266
25268 25269 25266
25268 25270 25269
25270 25271 25269
25270 25272 25271
25272 25273 25271
25272 25274 25273
25274 25275 25273
25274 25276 25275
25277 25278 25279
25277 25279 25280
25281 25282 25283
25281 25283 25284
25285 25286 25287
25285 25287 25288
25289 25285 25288
25289 25288 25290
25291 25289 25290
25291 25290 25292
25293 25291 25292
25293 25292 25294
25295 25293 25294
25295 25294 25296
25297 25298 25299
25297 25300 25298
25300 25301 25298
25300 25302 25301
25302 25303 25301
25302 25304 25303
25304 25305 25303
25304 25306 25305
25306 25307 25305
25306 25308 25307
25309 25310 25311
25309 25311 25312
25313 25314 25315
25313 25315 25316
25317 25318 25319
25317 25319 25320
25321 25317 25320
25321 25320 25322
25323 25321 25322
25323 25322 25324
25325 25323 25324
25325 25324 25326
25327 25325 25326
25327 25326 25328
25329 25330 25331
25329 25332 25330
25332 25333 25330
25332 25334 25333
25334 25335 25333
25334 25336 25335
25336 25337 25335
25336 25338 25337
25338 25339 25337
25338 25340 25339
25341 25342 25343
25341 25343 25344
25345 25346 25347
25345 25347 25348
25349 25350 25351
25349 25351 25352
25353 25349 25352
25353 25352 25354
25355 25353 25354
25355 25354 25356
25357 25355 25356
25357 25356 25358
25359 25357 25358
25359 25358 25360
25361 25362 25363
25361 25364 25362
25364 25365 25362
25364 25366 25365
25366 25367 25365
25366 25368 25367
25368 25369 25367
25368 25370 25369
25370 25371 25369
25370 25372 25371
25373 25374 25375
25373 25375 25376
25377 25378 25379
25377 25379 25380
25381 25382 25383
25381 25383 25384
25381 25384 25385
25386 25381 25385
25387 25388 25389
25389 25388 25390
25388 25391 25390
25388 25392 25391
25391 25392 25393
25391 25393 25394
25391 25394 25395
25393 25396 25394
25395 25394 25396
25397 25396 25393
25398 25397 25393
25398 25399 25397
25400 25399 25398
25400 25401 25399
25402 25401 25400
25403 25402 25400
25399 25404 25397
25404 25396 25397
25405 25395 25396
25405 25396 25404
25395 25405 25406
25395 25406 25407
25408 25395 25407
25409 25408 25407
25406 25409 25407
25409 25410 25408
25410 25411 25408
25410 25412 25411
25410 25413 25412
25413 25410 25414
25414 25410 25415
25410 25416 25415
25410 25409 25417
25410 25417 25416
25417 25409 25406
25417 25418 25416
25419 25418 25417
25419 25417 25406
25405 25419 25406
25405 25420 25419
25404 25420 25405
25419 25420 25421
25419 25421 25422
25423 25422 25421
25424 25423 25421
25424 25425 25423
25426 25425 25424
25427 25426 25424
25424 25428 25427
25424 25429 25428
25424 25430 25429
25431 25404 25430
25404 25431 25420
25424 25431 25430
25432 25421 25420
25424 25421 25432
25431 25432 25420
25424 25432 25431
25433 25434 25435
25433 25436 25434
25433 25437 25436
25438 25437 25433
25439 25440 25441
25439 25441 25442
25443 25442 25441
25444 25443 25441
25445 25444 25441
25445 25446 25444
25447 25439 25442
25446 25448 25444
25448 25443 25444
25446 25449 25448
25448 25449 25450
25447 25442 25451
25442 25443 25451
25452 25447 25451
25443 25452 25451
25452 25453 25447
25454 25453 25452
25454 25452 25443
25455 25453 25454
25448 25450 25456
25443 25448 25456
25455 25454 25457
25458 25457 25454
25455 25457 25459
25457 25460 25459
25454 25443 25461
25443 25456 25461
25458 25454 25461
25456 25458 25461
25450 25462 25456
25456 25462 25458
25450 25463 25462
25462 25463 25464
25462 25464 25465
25458 25462 25465
25464 25466 25465
25457 25458 25467
25457 25467 25460
25458 25465 25468
25458 25468 25467
25465 25469 25468
25469 25467 25468
25465 25466 25469
25469 25460 25467
25469 25466 25470
25470 25466 25471
25470 25471 25472
25469 25473 25460
25474 25460 25473
25474 25475 25460
25476 25475 25474
25476 25477 25475
25478 25474 25473
25478 25476 25474
25479 25477 25476
25479 25480 25477
25469 25481 25473
25481 25478 25473
25478 25482 25476
25482 25479 25476
25482 25483 25479
25484 25480 25479
25483 25484 25479
25484 25485 25480
25486 25485 25484
25483 25486 25484
25486 25487 25485
25488 25487 25486
25483 25488 25486
25488 25489 25487
25488 25483 25490
25491 25488 25490
25491 25490 25492
25492 25490 25493
25490 25483 25493
25492 25493 25494
25493 25495 25494
25496 25495 25493
25483 25497 25493
25496 25493 25497
25483 25482 25497
25482 25498 25497
25498 25496 25497
25482 25478 25498
25496 25498 25499
25498 25478 25499
25496 25499 25500
25478 25481 25499
25499 25501 25500
25481 25501 25499
25481 25469 25501
25469 25502 25503
25502 25504 25503
25469 25505 25502
25469 25470 25505
25506 25504 25502
25506 25507 25504
25505 25508 25502
25470 25508 25505
25508 25506 25502
25509 25507 25506
25509 25510 25507
25508 25470 25511
25470 25472 25511
25508 25512 25506
25508 25511 25512
25512 25509 25506
25512 25513 25509
25514 25510 25509
25513 25514 25509
25514 25515 25510
25472 25516 25511
25516 25512 25511
25516 25513 25512
25472 25517 25516
25516 25517 25518
25519 25515 25514
25513 25519 25514
25519 25520 25515
25516 25518 25521
25513 25516 25521
25521 25518 25522
25523 25520 25519
25513 25523 25519
25523 25524 25520
25513 25521 25525
25521 25522 25525
25513 25525 25523
25525 25522 25526
25525 25526 25523
25527 25528 25529
25527 25529 25530
25530 25529 25531
25530 25531 25532
25532 25531 25533
25534 25527 25530
25534 25530 25532
25532 25533 25535
25534 25532 25535
25535 25533 25536
25534 25535 25536
25534 25536 25537
25534 25537 25538
25527 25534 25539
25540 25527 25539
25540 25539 25541
25541 25539 25542
25539 25534 25542
25541 25542 25543
25544 25543 25542
25534 25544 25542
25544 25545 25543
25546 25545 25544
25534 25546 25544
25534 25547 25546
25534 25548 25547
25534 25538 25549
25534 25549 25548
25538 25550 25549
25549 25550 25548
25551 25552 25553
25551 25553 25554
25555 25551 25554
25555 25554 25556
25557 25555 25556
25557 25556 25558
25558 25559 25557
25557 25559 25560
25560 25559 25561
25562 25560 25561
25562 25561 25563
25564 25562 25563
25564 25563 25565
25566 25567 25568
25566 25569 25567
25569 25570 25567
25569 25571 25570
25571 25572 25570
25571 25573 25572
25573 25574 25572
25573 25575 25574
25576 25574 25575
25576 25577 25574
25576 25578 25577
25576 25579 25578
25580 25581 25582
25580 25583 25581
25583 25584 25581
25583 25585 25584
25585 25586 25584
25585 25587 25586
25587 25588 25586
25589 25588 25587
25590 25588 25589
25589 25591 25590
25589 25592 25591
25592 25593 25591
25592 25594 25593
25595 25596 25597
25595 25598 25596
25598 25599 25596
25598 25600 25599
25600 25601 25599
25600 25602 25601
25601 25602 25603
25602 25604 25603
25605 25603 25604
25604 25606 25605
25604 25607 25606
25607 25608 25606
25607 25609 25608
25610 25611 25612
25610 25612 25613
25614 25610 25613
25614 25613 25615
25616 25614 25615
25616 25615 25617
25618 25616 25617
25618 25617 25619
25620 25618 25619
25620 25619 25621
25622 25620 25621
25622 25621 25623
25624 25625 25626
25624 25626 25627
25628 25624 25627
25628 25627 25629
25630 25628 25629
25630 25629 25631
25632 25630 25631
25633 25630 25632
25634 25633 25632
25635 25633 25634
25635 25634 25636
25637 25635 25636
25637 25636 25638
25639 25640 25641
25639 25641 25642
25643 25639 25642
25643 25642 25644
25645 25643 25644
25645 25644 25646
25647 25648 25649
25647 25650 25648
25650 25651 25648
25650 25652 25651
25652 25653 25651
25652 25654 25653
25655 25656 25657
25655 25657 25658
25659 25655 25658
25659 25658 25660
25661 25659 25660
25661 25660 25662
25663 25664 25665
25663 25666 25664
25666 25667 25664
25666 25668 25667
25668 25669 25667
25668 25670 25669
25671 25672 25673
25671 25674 25672
25674 25675 25672
25674 25676 25675
25676 25677 25675
25676 25678 25677
25679 25680 25681
25679 25682 25680
25682 25683 25680
25682 25684 25683
25684 25685 25683
25684 25686 25685
25687 25688 25689
25687 25690 25688
25687 25691 25690
25687 25692 25691
25687 25689 25693
25694 25687 25693
25694 25693 25695
25696 25692 25687
25694 25696 25687
25697 25696 25694
25697 25694 25698
25694 25695 25699
25700 25698 25694
25701 25694 25699
25700 25694 25701
25701 25699 25702
25703 25700 25701
25703 25701 25702
25703 25704 25705
25703 25706 25704
25706 25707 25704
25706 25708 25707
25704 25709 25705
25704 25707 25709
25710 25707 25708
25707 25711 25709
25710 25712 25707
25707 25712 25713
25707 25714 25711
25707 25713 25714
25712 25715 25713
25713 25716 25714
25713 25715 25717
25713 25718 25716
25713 25717 25719
25713 25719 25718
25720 25721 25722
25722 25721 25723
25722 25723 25724
25724 25723 25725
25724 25725 25726
25725 25727 25726
25726 25727 25728
25726 25728 25729
25726 25729 25730
25726 25730 25731
25726 25731 25732
25733 25726 25732
25726 25733 25734
25724 25726 25734
25734 25735 25724
25736 25724 25735
25736 25722 25724
25720 25722 25736
25720 25737 25738
25738 25737 25739
25738 25739 25740
25740 25739 25741
25740 25741 25742
25741 25743 25742
25742 25743 25744
25742 25744 25745
25742 25745 25746
25742 25746 25747
25742 25747 25748
25749 25742 25748
25742 25749 25750
25740 25742 25750
25750 25751 25740
25752 25740 25751
25752 25738 25740
25720 25738 25752
25720 25753 25754
25720 25754 25755
25754 25753 25756
25755 25754 25757
25754 25756 25757
25755 25757 25758
25757 25756 25759
25760 25758 25757
25757 25759 25761
25757 25761 25760
25759 25762 25761
25761 25763 25760
25761 25762 25764
25763 25761 25765
25761 25764 25766
25761 25767 25765
25761 25766 25768
25761 25768 25767
25769 25770 25771
25769 25771 25772
25769 25772 25773
25769 25773 25774
25769 25774 25775
25776 25769 25775
25777 25770 25769
25769 25776 25778
25779 25777 25769
25779 25769 25778
25778 25780 25779
25779 25781 25777
25782 25779 25780
25783 25781 25779
25782 25783 25779
25783 25784 25781
25785 25783 25782
25785 25784 25783
25785 25786 25787
25785 25787 25788
25787 25786 25789
25788 25787 25790
25787 25789 25790
25788 25790 25791
25790 25789 25792
25793 25791 25790
25790 25792 25794
25790 25794 25793
25792 25795 25794
25794 25796 25793
25794 25795 25797
25796 25794 25798
25794 25797 25799
25794 25800 25798
25794 25799 25801
25794 25801 25800
25802 25803 25804
25803 25805 25804
25806 25802 25804
25805 25806 25804
25806 25807 25802
25805 25808 25806
25806 25809 25807
25808 25810 25806
25808 25811 25810
25811 25812 25810
25810 25812 25813
25810 25813 25814
25806 25810 25814
25814 25813 25815
25814 25815 25816
25806 25814 25816
25816 25815 25817
25816 25817 25818
25806 25816 25818
25817 25819 25818
25819 25806 25818
25817 25820 25819
25820 25821 25819
25821 25806 25819
25820 25822 25821
25821 25822 25823
25806 25821 25824
25821 25823 25824
25806 25824 25809
25824 25823 25809
25825 25826 25827
25825 25828 25826
25829 25825 25827
25825 25830 25828
25825 25829 25831
25830 25825 25832
25825 25831 25833
25832 25825 25833
25834 25835 25836
25837 25835 25834
25837 25834 25838
25839 25837 25838
25839 25838 25840
25834 25841 25838
25838 25841 25840
25841 25834 25842
25834 25836 25842
25836 25843 25842
25841 25842 25843
25841 25843 25844
25843 25836 25845
25843 25845 25844
25845 25846 25844
25840 25841 25847
25848 25840 25847
25848 25847 25849
25849 25847 25850
25847 25841 25850
25849 25850 25851
25852 25851 25850
25841 25852 25850
25852 25853 25851
25841 25854 25852
25854 25853 25852
25841 25844 25854
25855 25853 25854
25844 25855 25854
25844 25856 25855
25844 25846 25857
25844 25857 25856
25846 25858 25857
25856 25857 25858
25859 25860 25861
25859 25861 25862
25863 25860 25859
25859 25862 25864
25859 25865 25863
25864 25866 25859
25859 25867 25865
25866 25867 25859
