byte offset: 0
first index: 87003
index count: 3708
topology: trianglelist
format: DXGI_FORMAT_R16_UINT

23042 23043 23044
23042 23045 23043
23046 23045 23042
23046 23042 23047
23043 23045 23048
23043 23048 23049
23048 23050 23049
23051 23045 23046
23051 23048 23045
23052 23046 23047
23051 23046 23052
23052 23047 23053
23052 23053 23054
23048 23055 23050
23055 23048 23051
23056 23050 23055
23052 23054 23057
23058 23057 23054
23051 23052 23059
23059 23052 23057
23055 23051 23060
23060 23051 23059
23056 23055 23061
23055 23060 23062
23055 23062 23061
23063 23056 23061
23063 23064 23056
23063 23065 23064
23066 23063 23061
23066 23061 23062
23063 23067 23065
23066 23067 23063
23068 23065 23067
23059 23057 23069
23060 23059 23070
23070 23059 23069
23060 23071 23062
23060 23070 23071
23072 23066 23062
23072 23062 23071
23066 23073 23067
23072 23073 23066
23074 23069 23057
23058 23074 23057
23075 23074 23058
23075 23058 23076
23077 23075 23076
23077 23078 23075
23079 23078 23077
23080 23074 23075
23078 23080 23075
23074 23081 23069
23080 23081 23074
23082 23069 23081
23070 23069 23082
23083 23070 23082
23083 23071 23070
23081 23084 23082
23083 23082 23084
23085 23081 23080
23085 23084 23081
23078 23086 23080
23086 23085 23080
23079 23087 23078
23087 23086 23078
23088 23087 23079
23088 23079 23089
23087 23090 23086
23088 23090 23087
23091 23088 23089
23091 23089 23092
23083 23084 23093
23085 23093 23084
23085 23094 23093
23086 23095 23085
23090 23095 23086
23085 23095 23094
23088 23096 23090
23091 23096 23088
23090 23097 23095
23094 23095 23097
23096 23097 23090
23083 23093 23098
23094 23098 23093
23083 23098 23099
23099 23071 23083
23099 23072 23071
23100 23099 23098
23094 23100 23098
23097 23101 23094
23096 23101 23097
23094 23101 23102
23096 23102 23101
23094 23102 23100
23103 23072 23099
23100 23103 23099
23104 23103 23100
23103 23105 23072
23104 23105 23103
23072 23105 23073
23106 23073 23105
23104 23106 23105
23106 23107 23073
23067 23073 23107
23108 23102 23096
23091 23108 23096
23102 23109 23100
23104 23100 23109
23110 23102 23108
23110 23109 23102
23110 23108 23091
23104 23109 23110
23104 23111 23106
23111 23107 23106
23067 23107 23112
23068 23067 23112
23110 23091 23113
23113 23091 23092
23113 23092 23114
23115 23104 23110
23115 23110 23113
23104 23115 23111
23116 23113 23114
23115 23113 23116
23116 23114 23117
23118 23116 23117
23119 23115 23116
23118 23119 23116
23119 23111 23115
23120 23119 23118
23121 23068 23112
23121 23122 23068
23123 23122 23121
23123 23124 23122
23125 23124 23123
23125 23123 23126
23120 23126 23123
23120 23127 23119
23127 23111 23119
23120 23123 23127
23128 23121 23112
23123 23121 23128
23123 23128 23127
23127 23128 23111
23128 23112 23107
23111 23128 23107
23129 23130 23131
23129 23131 23132
23133 23132 23131
23133 23131 23134
23135 23129 23132
23133 23134 23136
23135 23132 23137
23137 23132 23133
23138 23135 23137
23133 23136 23139
23139 23136 23140
23138 23137 23141
23142 23138 23141
23142 23143 23138
23144 23143 23142
23137 23133 23145
23141 23137 23145
23133 23139 23146
23133 23146 23145
23141 23145 23147
23147 23142 23141
23144 23142 23148
23149 23144 23148
23149 23148 23150
23150 23148 23151
23151 23148 23142
23150 23151 23152
23151 23142 23153
23147 23153 23142
23152 23151 23154
23153 23154 23151
23152 23154 23155
23145 23156 23147
23145 23146 23156
23147 23157 23153
23147 23156 23157
23153 23157 23154
23155 23154 23158
23155 23158 23159
23158 23160 23159
23146 23161 23156
23161 23157 23156
23162 23154 23157
23162 23158 23154
23161 23162 23157
23158 23163 23160
23163 23158 23162
23164 23160 23163
23146 23165 23161
23139 23165 23146
23166 23162 23161
23165 23166 23161
23164 23163 23167
23167 23168 23164
23169 23163 23162
23166 23169 23162
23167 23163 23169
23166 23170 23169
23169 23170 23167
23167 23171 23168
23167 23170 23171
23168 23171 23172
23170 23172 23171
23168 23172 23173
23174 23173 23172
23174 23172 23175
23170 23175 23172
23174 23175 23176
23176 23175 23170
23174 23176 23177
23178 23177 23176
23179 23170 23166
23176 23170 23179
23165 23179 23166
23178 23176 23180
23176 23179 23180
23180 23179 23165
23140 23178 23180
23165 23181 23180
23140 23180 23181
23139 23181 23165
23139 23140 23181
23182 23183 23184
23182 23184 23185
23182 23186 23187
23182 23188 23186
23188 23182 23189
23188 23189 23190
23191 23190 23189
23192 23190 23191
23191 23189 23193
23188 23190 23194
23192 23194 23190
23186 23188 23195
23188 23194 23195
23192 23191 23196
23196 23191 23197
23196 23197 23198
23199 23196 23198
23199 23198 23200
23192 23196 23201
23199 23201 23196
23202 23195 23194
23186 23195 23203
23203 23195 23202
23186 23203 23204
23186 23204 23205
23206 23186 23205
23207 23206 23205
23208 23206 23207
23206 23208 23209
23210 23206 23209
23211 23210 23209
23203 23202 23212
23202 23194 23213
23213 23194 23192
23214 23212 23202
23215 23212 23214
23215 23214 23216
23202 23213 23217
23214 23202 23217
23217 23218 23214
23214 23219 23216
23219 23214 23218
23219 23220 23216
23219 23221 23220
23222 23221 23219
23222 23219 23218
23223 23222 23218
23218 23224 23223
23225 23224 23218
23226 23225 23218
23217 23226 23218
23227 23225 23226
23226 23217 23228
23227 23226 23228
23228 23217 23213
23229 23227 23228
23230 23229 23228
23230 23228 23213
23213 23192 23230
23231 23232 23192
23231 23192 23201
23232 23231 23233
23232 23233 23234
23234 23233 23235
23235 23233 23236
23235 23236 23237
23236 23238 23237
23237 23238 23239
23238 23240 23239
23240 23238 23241
23236 23233 23242
23233 23231 23242
23242 23238 23236
23243 23231 23201
23243 23242 23231
23241 23238 23244
23241 23244 23245
23244 23246 23245
23244 23247 23246
23242 23248 23238
23244 23238 23248
23248 23247 23244
23248 23242 23243
23249 23247 23248
23249 23248 23250
23248 23243 23250
23251 23250 23243
23243 23201 23252
23251 23243 23252
23199 23252 23201
23251 23252 23199
23251 23199 23253
23253 23254 23251
23253 23255 23254
23200 23253 23199
23200 23256 23253
23200 23257 23256
23200 23258 23257
23259 23255 23253
23260 23255 23259
23261 23260 23259
23259 23262 23261
23258 23262 23263
23262 23259 23263
23264 23265 23266
23265 23267 23266
23265 23268 23267
23269 23268 23265
23269 23265 23270
23267 23268 23271
23267 23271 23272
23271 23273 23272
23274 23268 23269
23274 23271 23268
23271 23275 23273
23275 23276 23273
23277 23271 23274
23277 23275 23271
23275 23278 23276
23278 23279 23276
23280 23275 23277
23280 23278 23275
23278 23281 23279
23281 23282 23279
23283 23278 23280
23283 23281 23278
23281 23284 23282
23284 23285 23282
23286 23284 23281
23286 23281 23283
23284 23287 23285
23286 23287 23284
23287 23288 23285
23287 23289 23288
23289 23290 23288
23289 23291 23290
23289 23292 23291
23293 23289 23287
23286 23293 23287
23289 23294 23292
23293 23294 23289
23295 23292 23294
23295 23294 23296
23296 23294 23293
23295 23296 23297
23298 23293 23286
23296 23293 23298
23299 23286 23283
23298 23286 23299
23296 23298 23300
23296 23300 23297
23298 23299 23300
23299 23283 23301
23301 23283 23280
23299 23302 23300
23299 23301 23302
23301 23280 23303
23301 23303 23302
23303 23280 23277
23300 23302 23304
23297 23300 23304
23303 23277 23305
23305 23277 23274
23303 23306 23302
23303 23305 23306
23302 23306 23304
23305 23274 23307
23305 23307 23306
23269 23307 23274
23306 23308 23304
23306 23307 23308
23269 23309 23307
23307 23309 23308
23309 23269 23270
23309 23270 23310
23309 23310 23308
23310 23270 23311
23308 23312 23304
23310 23312 23308
23312 23313 23304
23310 23311 23314
23310 23314 23312
23314 23313 23312
23314 23311 23315
23314 23315 23316
23314 23316 23313
23317 23318 23315
23317 23313 23318
23317 23315 23319
23317 23320 23313
23320 23321 23313
23322 23317 23319
23322 23320 23317
23322 23319 23323
23324 23320 23322
23324 23321 23320
23325 23322 23323
23325 23324 23322
23325 23323 23326
23326 23323 23327
23324 23325 23328
23326 23328 23325
23321 23324 23329
23329 23324 23328
23326 23330 23328
23326 23327 23331
23330 23326 23331
23332 23329 23328
23332 23328 23330
23333 23321 23329
23334 23329 23332
23334 23333 23329
23332 23330 23335
23334 23332 23335
23330 23331 23336
23335 23330 23336
23327 23337 23331
23337 23336 23331
23327 23338 23337
23339 23338 23327
23337 23340 23336
23336 23340 23341
23336 23341 23342
23335 23336 23342
23342 23341 23343
23334 23335 23344
23344 23335 23342
23342 23343 23345
23344 23342 23345
23345 23343 23346
23347 23334 23344
23347 23333 23334
23348 23344 23345
23347 23344 23348
23345 23346 23349
23348 23345 23349
23349 23346 23350
23351 23333 23347
23351 23347 23348
23352 23348 23349
23351 23348 23352
23349 23350 23353
23352 23349 23353
23353 23350 23354
23353 23354 23355
23352 23353 23355
23355 23354 23356
23351 23357 23333
23357 23321 23333
23297 23321 23357
23358 23351 23352
23358 23357 23351
23359 23297 23357
23359 23357 23358
23360 23297 23359
23358 23352 23361
23352 23355 23361
23359 23358 23361
23355 23356 23362
23361 23355 23362
23362 23356 23363
23362 23363 23364
23362 23364 23365
23360 23359 23366
23359 23361 23366
23361 23362 23366
23362 23365 23366
23360 23366 23365
23367 23368 23369
23370 23367 23369
23370 23369 23371
23372 23370 23371
23372 23373 23370
23374 23373 23372
23374 23375 23373
23376 23375 23374
23376 23374 23377
23378 23376 23377
23378 23377 23379
23380 23378 23379
23380 23379 23381
23376 23378 23382
23382 23378 23380
23375 23376 23383
23376 23382 23383
23373 23375 23384
23375 23383 23384
23370 23373 23385
23373 23384 23385
23384 23383 23386
23382 23386 23383
23384 23387 23385
23384 23386 23387
23370 23385 23388
23388 23385 23387
23370 23388 23389
23388 23387 23389
23370 23389 23390
23389 23387 23391
23392 23391 23387
23386 23392 23387
23391 23392 23393
23392 23394 23393
23395 23394 23392
23395 23392 23386
23395 23396 23394
23395 23397 23396
23395 23386 23398
23398 23386 23382
23395 23399 23397
23398 23399 23395
23398 23382 23400
23382 23380 23400
23400 23401 23398
23398 23401 23399
23399 23402 23397
23402 23403 23397
23380 23404 23400
23400 23404 23401
23399 23401 23405
23399 23405 23402
23402 23406 23403
23406 23407 23403
23380 23408 23404
23408 23380 23381
23408 23381 23409
23410 23408 23409
23404 23408 23410
23410 23409 23411
23404 23412 23401
23401 23412 23405
23413 23406 23402
23413 23402 23405
23406 23414 23407
23415 23407 23414
23415 23414 23416
23417 23414 23406
23416 23414 23417
23417 23406 23413
23416 23417 23418
23405 23419 23413
23419 23417 23413
23420 23418 23417
23419 23420 23417
23420 23421 23418
23420 23422 23421
23405 23423 23419
23405 23412 23423
23424 23420 23419
23420 23424 23422
23424 23419 23423
23422 23424 23425
23425 23424 23423
23422 23425 23426
23425 23423 23427
23427 23423 23412
23426 23425 23428
23428 23425 23427
23428 23429 23426
23428 23411 23429
23428 23410 23411
23428 23427 23430
23427 23412 23430
23410 23428 23430
23431 23430 23412
23410 23430 23431
23404 23431 23412
23404 23410 23431
23432 23433 23434
23432 23434 23435
23436 23432 23435
23436 23437 23432
23434 23438 23435
23434 23439 23438
23438 23439 23440
23441 23436 23435
23441 23435 23438
23442 23437 23436
23441 23442 23436
23442 23443 23437
23442 23444 23443
23438 23440 23445
23445 23441 23438
23446 23445 23440
23442 23447 23444
23448 23444 23447
23441 23449 23442
23449 23447 23442
23445 23450 23441
23450 23449 23441
23446 23451 23445
23445 23452 23450
23445 23451 23452
23453 23451 23446
23453 23446 23454
23453 23454 23455
23456 23451 23453
23456 23452 23451
23453 23455 23457
23456 23453 23457
23458 23457 23455
23449 23459 23447
23450 23460 23449
23460 23459 23449
23450 23452 23461
23450 23461 23460
23462 23452 23456
23462 23461 23452
23456 23457 23463
23462 23456 23463
23464 23447 23459
23448 23447 23464
23465 23448 23464
23465 23466 23448
23467 23466 23465
23467 23465 23468
23469 23467 23468
23470 23465 23464
23468 23465 23470
23464 23459 23471
23470 23464 23471
23472 23471 23459
23460 23472 23459
23473 23472 23460
23473 23460 23461
23471 23472 23474
23473 23474 23472
23475 23470 23471
23475 23471 23474
23468 23470 23476
23476 23470 23475
23469 23468 23477
23477 23468 23476
23478 23469 23477
23478 23479 23469
23477 23476 23480
23478 23477 23480
23481 23479 23478
23481 23482 23479
23483 23473 23461
23483 23461 23462
23473 23484 23474
23475 23474 23484
23475 23484 23485
23476 23475 23486
23480 23476 23486
23475 23485 23486
23473 23487 23484
23473 23483 23487
23485 23484 23487
23478 23480 23488
23481 23478 23488
23480 23486 23489
23485 23489 23486
23488 23480 23489
23490 23487 23483
23485 23487 23490
23491 23483 23462
23490 23483 23491
23492 23490 23491
23491 23462 23493
23492 23491 23493
23462 23463 23493
23489 23485 23494
23488 23489 23494
23485 23495 23494
23485 23490 23495
23488 23494 23495
23496 23493 23463
23492 23493 23496
23496 23463 23497
23457 23497 23463
23492 23498 23490
23495 23490 23498
23499 23488 23495
23481 23488 23499
23500 23495 23498
23500 23499 23495
23500 23481 23499
23492 23500 23498
23492 23496 23501
23501 23496 23497
23457 23502 23497
23458 23502 23457
23500 23503 23481
23503 23482 23481
23503 23504 23482
23505 23500 23492
23505 23503 23500
23492 23501 23505
23506 23504 23503
23505 23506 23503
23506 23507 23504
23508 23507 23506
23509 23506 23505
23508 23506 23509
23509 23505 23501
23510 23508 23509
23511 23502 23458
23511 23458 23512
23513 23511 23512
23513 23512 23514
23515 23513 23514
23515 23516 23513
23510 23513 23516
23510 23509 23517
23517 23509 23501
23510 23517 23513
23518 23502 23511
23513 23518 23511
23513 23517 23518
23517 23501 23518
23518 23497 23502
23501 23497 23518
23519 23520 23521
23519 23522 23520
23523 23520 23522
23523 23524 23520
23525 23522 23519
23523 23526 23524
23525 23527 23522
23527 23523 23522
23528 23527 23525
23523 23529 23526
23529 23530 23526
23528 23531 23527
23532 23531 23528
23532 23528 23533
23534 23532 23533
23527 23535 23523
23531 23535 23527
23523 23536 23529
23523 23535 23536
23531 23537 23535
23537 23531 23532
23534 23538 23532
23539 23538 23534
23539 23540 23538
23540 23541 23538
23541 23532 23538
23540 23542 23541
23541 23543 23532
23537 23532 23543
23542 23544 23541
23543 23541 23544
23542 23545 23544
23535 23537 23546
23535 23546 23536
23537 23543 23547
23537 23547 23546
23543 23544 23547
23545 23548 23544
23545 23549 23548
23548 23549 23550
23536 23546 23551
23551 23546 23547
23552 23547 23544
23552 23544 23548
23551 23547 23552
23548 23550 23553
23553 23552 23548
23554 23553 23550
23536 23551 23555
23529 23536 23555
23556 23551 23552
23555 23551 23556
23554 23557 23553
23557 23554 23558
23559 23552 23553
23556 23552 23559
23557 23559 23553
23556 23559 23560
23559 23557 23560
23557 23558 23561
23557 23561 23560
23558 23562 23561
23560 23561 23562
23558 23563 23562
23564 23562 23563
23564 23565 23562
23560 23562 23565
23564 23566 23565
23566 23560 23565
23564 23567 23566
23568 23566 23567
23569 23556 23560
23566 23569 23560
23555 23556 23569
23568 23570 23566
23566 23570 23569
23570 23555 23569
23530 23570 23568
23555 23570 23571
23530 23571 23570
23529 23555 23571
23529 23571 23530
23572 23573 23574
23572 23574 23575
23575 23574 23576
23577 23572 23575
23577 23578 23572
23575 23576 23579
23579 23576 23580
23581 23578 23577
23581 23582 23578
23583 23581 23577
23584 23577 23575
23583 23577 23584
23584 23575 23579
23585 23583 23584
23585 23584 23586
23586 23584 23579
23587 23585 23586
23579 23580 23588
23586 23579 23588
23588 23580 23589
23587 23586 23590
23590 23586 23588
23591 23587 23590
23588 23589 23592
23590 23588 23592
23592 23589 23593
23591 23590 23594
23594 23590 23592
23595 23591 23594
23592 23593 23596
23594 23592 23596
23596 23593 23597
23596 23597 23598
23598 23594 23596
23599 23598 23597
23595 23594 23600
23598 23600 23594
23599 23601 23598
23600 23598 23601
23601 23599 23602
23600 23603 23595
23600 23601 23603
23595 23603 23604
23601 23602 23605
23603 23601 23605
23605 23602 23606
23604 23603 23607
23603 23605 23607
23607 23608 23604
23609 23608 23607
23609 23607 23605
23610 23608 23609
23605 23606 23611
23609 23605 23611
23611 23606 23612
23611 23612 23613
23610 23609 23614
23614 23609 23611
23611 23613 23615
23614 23611 23615
23615 23613 23616
23610 23614 23617
23617 23614 23615
23618 23610 23617
23615 23616 23619
23617 23615 23619
23618 23617 23620
23620 23617 23619
23620 23619 23621
23616 23621 23619
23616 23622 23621
23618 23623 23624
23618 23624 23625
23623 23626 23624
23623 23627 23626
23628 23626 23627
23628 23627 23629
23630 23626 23628
23624 23626 23630
23630 23628 23631
23625 23624 23632
23624 23630 23632
23633 23630 23631
23632 23630 23633
23633 23631 23634
23633 23634 23635
23625 23632 23636
23632 23633 23636
23625 23636 23637
23638 23633 23635
23636 23633 23638
23638 23635 23639
23636 23640 23637
23636 23638 23640
23640 23641 23637
23641 23640 23642
23642 23640 23638
23643 23641 23642
23644 23638 23639
23642 23638 23644
23644 23639 23645
23646 23643 23642
23646 23642 23644
23645 23647 23644
23646 23644 23647
23645 23648 23647
23643 23646 23649
23647 23649 23646
23643 23649 23650
23651 23647 23648
23647 23651 23649
23651 23648 23652
23653 23651 23652
23649 23651 23653
23653 23652 23654
23650 23649 23655
23649 23653 23655
23650 23655 23656
23657 23653 23654
23655 23653 23657
23657 23654 23658
23656 23655 23659
23655 23657 23659
23656 23659 23660
23661 23657 23658
23659 23657 23661
23661 23658 23662
23660 23659 23663
23659 23661 23663
23660 23663 23664
23665 23661 23662
23663 23661 23665
23665 23662 23666
23664 23663 23667
23663 23665 23667
23664 23667 23668
23669 23665 23666
23667 23665 23669
23669 23666 23670
23667 23669 23671
23668 23667 23671
23668 23671 23672
23673 23674 23675
23673 23675 23676
23676 23675 23677
23678 23673 23676
23678 23679 23673
23680 23679 23678
23676 23677 23681
23678 23676 23681
23680 23678 23682
23682 23683 23680
23684 23683 23682
23685 23683 23684
23684 23686 23685
23682 23678 23687
23682 23687 23684
23687 23678 23681
23684 23687 23686
23677 23688 23681
23687 23681 23688
23677 23689 23688
23690 23688 23689
23687 23688 23691
23690 23691 23688
23686 23687 23691
23691 23690 23692
23691 23692 23693
23686 23691 23693
23692 23694 23693
23693 23694 23686
23692 23695 23694
23686 23696 23685
23696 23683 23685
23695 23697 23694
23695 23698 23697
23697 23698 23699
23694 23700 23686
23694 23697 23700
23686 23700 23696
23697 23699 23701
23700 23697 23701
23701 23699 23702
23703 23683 23696
23696 23704 23703
23696 23700 23704
23704 23700 23701
23701 23702 23705
23704 23701 23705
23705 23702 23706
23704 23705 23707
23705 23706 23707
23708 23683 23709
23709 23710 23708
23709 23683 23711
23709 23712 23710
23711 23712 23709
23711 23683 23713
23711 23714 23712
23713 23714 23711
23713 23683 23715
23715 23683 23716
23715 23717 23713
23713 23717 23714
23716 23718 23715
23715 23718 23717
23716 23719 23718
23718 23719 23720
23718 23720 23721
23720 23722 23721
23720 23723 23722
23721 23722 23724
23718 23721 23725
23721 23724 23725
23717 23718 23725
23725 23724 23726
23725 23726 23727
23717 23725 23727
23727 23726 23728
23717 23727 23729
23727 23728 23729
23714 23717 23729
23730 23729 23728
23714 23729 23730
23730 23728 23731
23730 23731 23732
23714 23730 23733
23730 23732 23733
23734 23733 23732
23712 23714 23733
23734 23735 23733
23712 23733 23735
23736 23735 23734
23712 23735 23737
23736 23737 23735
23710 23712 23737
23737 23736 23738
23710 23737 23739
23737 23738 23739
23710 23739 23740
23739 23738 23741
23739 23741 23740
23742 23743 23744
23745 23743 23742
23745 23746 23743
23747 23746 23745
23747 23745 23748
23749 23747 23748
23749 23748 23750
23751 23749 23750
23751 23752 23749
23753 23752 23751
23753 23754 23752
23755 23754 23753
23755 23756 23754
23751 23757 23753
23757 23755 23753
23750 23758 23751
23751 23758 23757
23748 23759 23750
23750 23759 23758
23745 23760 23748
23748 23760 23759
23759 23761 23758
23757 23758 23761
23759 23760 23762
23759 23762 23761
23745 23763 23760
23763 23762 23760
23745 23764 23763
23763 23764 23762
23745 23765 23764
23764 23766 23762
23767 23762 23766
23761 23762 23767
23766 23768 23767
23767 23768 23769
23770 23767 23769
23770 23761 23767
23770 23769 23771
23770 23771 23772
23770 23773 23761
23773 23757 23761
23770 23772 23774
23773 23770 23774
23773 23775 23757
23757 23775 23755
23775 23773 23776
23773 23774 23776
23774 23772 23777
23777 23772 23778
23755 23775 23779
23775 23776 23779
23774 23780 23776
23774 23777 23780
23777 23778 23781
23781 23778 23782
23755 23779 23783
23783 23756 23755
23783 23784 23756
23785 23784 23783
23779 23785 23783
23785 23786 23784
23779 23776 23787
23776 23780 23787
23788 23780 23777
23788 23777 23781
23781 23782 23789
23790 23789 23782
23790 23791 23789
23792 23781 23789
23791 23792 23789
23792 23788 23781
23791 23793 23792
23780 23788 23794
23794 23788 23792
23795 23792 23793
23794 23792 23795
23795 23793 23796
23795 23796 23797
23780 23794 23798
23780 23798 23787
23799 23794 23795
23795 23797 23799
23799 23798 23794
23797 23800 23799
23800 23798 23799
23797 23801 23800
23800 23802 23798
23802 23787 23798
23801 23803 23800
23803 23802 23800
23803 23801 23804
23803 23804 23786
23803 23786 23785
23803 23805 23802
23802 23805 23787
23785 23805 23803
23806 23787 23805
23785 23806 23805
23779 23787 23806
23779 23806 23785
23807 23808 23809
23807 23810 23808
23810 23811 23808
23807 23812 23810
23807 23813 23812
23812 23813 23814
23810 23815 23811
23815 23816 23811
23810 23812 23817
23810 23817 23815
23812 23814 23818
23817 23812 23818
23814 23819 23818
23815 23820 23816
23820 23821 23816
23815 23817 23822
23815 23822 23820
23817 23818 23823
23818 23819 23823
23822 23817 23823
23820 23824 23821
23824 23825 23821
23824 23826 23825
23824 23827 23826
23820 23828 23824
23820 23822 23828
23824 23828 23827
23822 23823 23829
23823 23819 23829
23828 23822 23829
23827 23828 23830
23828 23829 23830
23829 23819 23830
23827 23830 23831
23830 23819 23831
23832 23809 23833
23832 23833 23834
23834 23833 23835
23832 23834 23836
23832 23836 23837
23836 23838 23837
23834 23835 23839
23839 23835 23840
23834 23841 23836
23834 23839 23841
23836 23842 23838
23841 23842 23836
23838 23842 23843
23839 23840 23844
23844 23840 23845
23839 23846 23841
23839 23844 23846
23841 23847 23842
23842 23847 23843
23846 23847 23841
23844 23845 23848
23848 23845 23849
23848 23849 23850
23848 23850 23851
23844 23848 23852
23844 23852 23846
23848 23851 23852
23846 23853 23847
23847 23853 23843
23852 23853 23846
23851 23854 23852
23852 23854 23853
23853 23854 23843
23851 23855 23854
23854 23855 23843
