byte offset: 0
first index: 0
index count: 12714
topology: trianglelist
format: DXGI_FORMAT_R16_UINT

0 1 2
3 4 5
6 7 3
6 8 7
9 8 6
10 9 6
9 11 8
10 12 9
13 11 9
12 13 9
13 14 11
12 15 13
16 17 18
19 20 17
21 22 23
24 25 26
27 24 28
27 28 29
29 30 27
31 27 30
29 32 30
31 30 33
34 30 32
33 30 34
34 32 35
33 34 36
37 38 39
40 39 41
42 43 44
45 46 47
48 49 50
51 52 53
54 55 56
57 56 58
57 58 59
57 60 61
57 61 62
62 63 64
62 64 65
66 65 67
66 67 68
69 70 71
72 70 73
72 73 74
73 75 76
73 77 75
77 78 79
77 80 78
81 80 82
81 82 83
84 85 86
87 85 88
87 88 89
90 91 92
93 92 94
93 94 95
96 97 98
96 99 100
101 102 96
103 96 102
103 102 104
100 103 105
103 104 106
106 105 103
100 105 107
100 107 108
106 109 105
105 109 107
104 110 106
106 110 111
112 110 104
101 113 112
112 104 114
101 112 114
108 107 115
108 115 116
117 115 107
117 116 115
118 107 109
118 117 107
110 119 111
110 120 119
119 120 121
119 121 122
122 123 119
123 111 119
122 124 123
123 125 111
126 111 125
109 126 125
127 123 124
127 125 123
127 124 128
127 128 129
109 125 130
127 130 125
109 130 131
131 130 127
127 129 131
118 109 131
131 129 118
118 129 132
133 118 132
133 117 118
117 133 134
117 134 135
117 135 116
135 134 136
135 137 116
138 135 136
138 137 135
139 140 141
139 142 143
144 143 142
144 145 143
145 144 146
145 146 147
146 148 149
146 150 148
151 152 150
151 150 153
153 154 155
153 156 154
157 158 156
157 156 159
159 160 161
159 162 160
163 164 162
163 162 165
165 166 167
165 167 168
169 170 171
172 173 174
175 176 177
178 176 179
178 180 176
181 176 182
181 183 184
184 183 185
185 183 186
185 186 187
188 187 186
188 189 187
190 189 188
190 191 189
192 191 190
192 193 191
194 193 192
194 195 193
196 195 194
196 197 195
198 197 196
198 199 197
199 198 200
200 198 201
200 201 202
203 204 201
203 205 204
206 203 207
206 207 208
208 209 210
211 212 213
214 215 212
212 216 217
212 218 216
216 218 219
220 221 222
223 224 220
223 225 226
227 223 228
227 228 229
230 227 229
230 231 227
225 232 233
234 235 227
234 236 235
237 235 233
237 238 235
239 235 236
240 233 235
240 235 239
233 240 241
233 241 242
242 241 243
242 243 244
240 245 241
246 240 239
240 246 245
241 247 243
241 245 247
239 236 248
246 239 249
248 249 239
246 250 245
245 251 247
245 250 251
252 246 249
246 252 250
243 247 253
254 244 243
243 253 254
255 247 251
255 253 247
256 251 250
252 257 250
256 250 257
251 258 255
251 256 258
252 249 259
252 260 257
260 252 259
259 249 261
248 261 249
262 256 257
263 256 262
263 258 256
264 262 257
264 257 260
265 264 260
260 259 265
264 265 266
265 259 267
259 261 267
263 268 258
269 268 263
265 270 266
265 267 270
267 261 271
270 267 272
267 271 272
273 266 270
270 272 273
261 274 271
261 248 274
273 275 266
266 275 276
277 274 248
277 248 236
278 277 236
278 236 279
272 271 280
281 273 272
272 280 281
282 275 273
281 282 273
271 274 283
271 283 280
274 277 284
274 284 283
285 281 280
283 285 280
282 286 275
286 287 275
286 288 287
289 282 281
285 289 281
290 288 286
290 291 288
292 286 282
289 292 282
292 290 286
293 291 290
293 294 291
295 290 292
295 293 290
294 293 296
294 296 297
298 297 296
296 293 299
295 299 293
298 296 300
299 300 296
289 301 292
301 295 292
302 298 300
302 303 298
295 304 299
295 301 305
295 305 304
289 306 301
306 305 301
299 307 300
304 307 299
308 306 289
308 289 285
309 300 307
309 302 300
304 310 307
310 309 307
306 311 305
306 308 311
304 305 312
304 312 310
305 311 313
305 313 312
308 285 314
314 285 283
315 311 308
315 313 311
308 314 316
308 316 315
317 314 283
317 316 314
317 283 284
310 312 318
319 312 313
319 318 312
313 315 320
313 320 319
310 318 321
310 321 309
315 316 322
323 316 317
323 322 316
324 315 322
324 320 315
325 322 323
322 325 324
326 323 317
326 325 323
326 317 327
327 317 284
326 328 325
324 325 329
328 329 325
330 320 324
324 329 330
328 331 329
332 331 328
332 333 331
327 284 334
334 284 277
334 277 335
336 327 334
336 334 335
336 337 327
330 338 320
319 320 338
330 329 339
339 329 340
341 340 333
339 340 341
336 335 342
342 335 279
342 279 343
344 342 343
344 343 345
319 338 346
318 319 346
318 346 347
321 318 347
321 347 348
348 309 321
348 349 309
349 302 309
349 350 302
350 303 302
351 303 350
351 350 349
351 352 303
352 351 353
353 354 352
351 349 355
353 351 355
356 349 348
356 355 349
348 347 357
348 357 356
347 358 357
347 346 358
359 358 346
359 346 338
360 359 338
360 338 330
330 361 360
330 339 361
362 360 361
362 363 360
359 360 363
364 358 359
359 363 364
357 358 365
364 365 358
356 357 366
357 365 366
367 361 339
367 339 341
368 361 367
368 369 361
370 368 367
367 341 371
341 333 371
356 366 372
372 355 356
367 371 373
374 367 373
374 373 375
372 376 355
353 355 376
377 353 376
377 354 353
354 377 378
354 378 379
377 376 380
380 378 377
376 372 381
376 381 380
372 382 381
372 366 382
366 383 382
366 365 383
384 383 365
384 365 364
364 385 384
364 363 385
386 385 363
386 363 369
387 385 386
387 388 385
384 385 388
389 383 384
384 388 389
390 382 383
389 390 383
381 382 391
390 391 382
392 386 369
392 369 393
394 386 392
394 395 386
396 394 392
397 392 393
396 392 397
397 393 370
381 391 398
380 381 398
380 398 399
380 399 378
400 378 399
379 378 400
400 399 401
401 399 398
402 379 400
402 400 401
379 402 403
403 402 404
404 402 405
402 401 405
404 405 406
401 398 407
405 401 407
406 405 408
405 407 408
406 408 409
410 409 408
410 408 407
410 411 409
410 412 411
398 413 407
410 407 413
398 391 413
410 414 412
413 414 410
391 415 413
413 415 414
391 390 415
412 414 416
412 416 417
416 418 417
390 419 415
390 389 419
420 414 415
420 416 414
420 415 419
416 421 418
421 422 418
389 423 419
389 388 423
420 424 416
421 416 424
425 420 419
425 419 423
424 420 425
421 426 422
427 422 426
428 423 388
428 388 395
421 424 429
426 421 429
424 425 430
429 424 430
431 425 423
431 423 428
431 430 425
432 428 395
432 395 433
434 432 433
434 433 396
435 431 428
435 428 436
437 436 434
437 435 436
429 430 438
431 439 430
438 430 439
440 429 438
426 429 440
441 439 431
441 431 442
442 437 443
441 442 443
444 441 443
445 426 440
427 426 445
445 446 427
445 447 446
448 446 447
445 440 449
449 447 445
449 440 450
440 438 450
450 438 451
438 439 451
452 451 439
444 452 453
452 439 453
450 451 454
454 451 452
449 450 455
454 455 450
449 456 447
455 456 449
448 447 457
457 447 456
458 448 457
454 459 455
455 460 456
460 455 459
457 456 461
461 456 460
454 452 462
462 459 454
458 457 463
461 463 457
464 462 452
462 465 459
465 462 464
464 452 466
467 466 452
467 468 466
465 464 469
470 469 464
470 471 469
468 471 470
468 472 471
473 472 468
473 474 472
468 475 473
468 476 475
473 475 477
474 473 478
473 477 478
474 478 479
480 478 477
481 479 478
481 482 479
480 483 478
484 483 480
485 482 483
484 485 483
485 486 482
487 486 485
487 488 486
487 489 488
487 373 489
490 489 373
490 373 371
371 491 490
371 333 491
492 491 333
492 333 332
332 493 492
332 494 493
494 332 495
494 495 326
374 487 496
374 496 484
337 497 494
337 498 497
336 498 337
336 499 498
500 501 337
500 502 501
503 504 336
503 505 504
506 507 508
509 510 507
509 507 511
512 513 514
515 513 516
517 513 518
518 513 519
520 513 521
519 522 520
523 522 524
525 522 526
527 522 528
529 530 527
531 530 532
533 534 535
536 537 533
536 538 537
539 537 540
539 540 541
542 539 543
542 543 544
545 546 547
548 549 547
548 550 549
551 552 553
554 555 552
554 556 555
557 558 559
557 560 561
562 557 563
564 563 557
564 565 563
560 566 564
564 567 565
567 564 566
560 568 566
560 569 568
567 566 570
566 568 570
565 567 571
567 572 571
573 565 571
562 573 574
573 575 565
562 575 573
569 576 568
569 577 576
578 568 576
578 576 577
579 570 568
579 568 578
571 572 580
571 580 581
580 582 581
580 583 582
583 580 584
584 580 572
583 584 585
584 572 586
587 586 572
570 586 587
588 585 584
588 584 586
588 589 585
588 590 589
570 591 586
588 586 591
570 592 591
592 588 591
588 592 590
579 592 570
592 579 590
579 593 590
594 593 579
594 579 578
578 595 594
578 596 595
578 577 596
596 597 595
596 577 598
599 597 596
599 596 598
600 601 602
600 603 604
605 604 603
605 603 606
606 607 605
606 608 607
607 608 609
607 609 610
611 610 612
611 613 610
613 614 615
613 615 616
617 616 618
617 619 616
619 620 621
619 621 622
623 622 624
623 625 622
625 626 627
625 627 628
629 630 631
632 633 629
632 629 634
635 636 637
638 639 640
641 642 640
641 640 643
644 645 640
644 646 647
646 648 647
648 649 647
648 650 649
651 649 650
651 650 652
653 651 652
653 652 654
655 653 654
655 654 656
657 655 656
657 656 658
659 657 658
659 658 660
661 659 660
661 660 662
662 663 661
663 664 661
663 665 664
666 664 667
666 667 668
669 670 666
669 671 670
671 672 673
674 675 676
677 674 678
677 679 680
681 680 682
681 683 680
684 683 685
680 686 687
688 683 689
688 690 683
691 690 692
691 693 690
694 695 677
694 696 695
697 696 694
697 694 698
699 693 700
699 700 701
699 701 702
699 702 703
704 699 703
703 702 705
704 703 706
706 707 704
703 705 708
706 703 708
708 705 709
708 709 710
706 711 707
711 712 707
706 708 713
713 708 710
711 706 713
711 713 714
714 713 715
713 710 715
714 715 716
711 717 712
717 711 718
715 710 719
715 719 720
716 721 720
722 712 717
722 723 712
722 724 723
717 718 725
725 718 716
722 717 725
710 726 719
710 727 726
719 726 728
719 728 729
720 719 729
730 729 728
722 731 724
732 724 731
722 725 733
731 722 733
730 734 729
734 730 735
720 729 736
736 729 734
732 731 737
737 738 732
734 735 739
739 735 740
741 720 736
716 720 741
741 736 742
736 734 743
739 743 734
744 736 743
744 742 736
737 731 745
731 733 745
739 746 743
744 743 746
747 742 744
747 748 742
748 749 742
748 750 749
716 749 750
716 750 751
725 716 751
751 733 725
751 752 733
745 733 752
753 751 750
753 752 751
754 750 748
754 753 750
745 752 755
756 752 753
756 755 752
757 745 755
737 745 757
758 753 754
758 756 753
757 755 759
759 755 756
757 760 737
737 760 738
760 761 738
757 762 760
759 762 757
760 763 761
762 763 760
763 764 761
763 765 764
765 766 764
765 767 766
762 768 763
765 763 768
759 769 762
769 768 762
759 756 770
770 769 759
756 771 770
756 758 771
770 772 769
771 772 770
769 773 768
773 769 772
765 768 774
773 774 768
773 775 774
773 772 776
775 773 776
771 777 772
777 776 772
758 778 771
777 771 779
779 771 778
758 780 778
780 758 754
780 754 781
781 754 748
781 748 782
747 782 748
777 783 776
775 776 784
784 776 783
785 777 779
783 777 785
780 786 778
787 780 781
780 787 786
788 781 782
787 781 788
779 778 789
789 778 786
785 779 790
790 779 789
788 782 791
747 791 782
785 792 783
790 793 785
785 793 792
783 792 794
784 783 794
795 784 794
795 794 796
792 796 794
792 797 796
798 797 792
793 798 792
799 784 795
793 800 798
799 775 784
800 793 801
793 790 801
800 801 802
790 802 801
802 803 800
802 790 804
804 803 802
789 804 790
775 799 805
799 806 805
807 804 789
789 786 807
808 805 806
808 806 809
810 808 809
807 786 811
787 811 786
787 812 811
788 812 787
813 807 811
813 811 812
813 814 807
814 804 807
814 815 804
804 815 816
813 812 817
788 818 812
817 812 818
817 818 819
791 818 788
819 818 820
791 820 818
819 820 821
821 820 448
820 791 822
747 822 791
820 822 823
822 747 824
747 744 824
823 822 825
822 824 825
826 824 744
744 746 826
823 825 827
828 825 824
826 828 824
829 827 825
828 829 825
829 830 827
830 829 831
830 831 832
829 828 833
829 833 831
828 826 834
828 834 833
835 826 746
835 834 826
836 832 831
836 837 832
831 833 838
831 838 836
833 834 839
833 839 838
840 837 836
840 841 837
842 841 840
836 838 843
836 843 840
844 835 746
844 746 739
834 835 845
834 845 839
838 839 846
838 846 843
835 844 847
835 847 845
739 848 844
848 847 844
739 849 848
850 848 849
848 850 847
850 849 851
839 845 852
839 852 846
853 845 847
853 852 845
854 853 847
855 847 850
856 850 851
855 850 856
856 851 857
856 858 855
856 859 858
859 856 860
859 861 858
859 860 862
859 863 861
862 863 859
864 861 863
862 865 863
866 863 865
866 865 867
864 863 868
869 864 868
870 868 867
869 868 870
870 867 871
872 870 871
872 871 873
872 873 874
872 874 875
876 875 874
876 877 875
878 875 877
877 876 879
877 879 880
881 880 879
882 875 878
882 883 875
882 884 872
882 869 884
885 877 880
878 877 885
881 886 880
886 881 887
886 887 888
885 880 889
886 890 880
888 891 886
886 892 890
888 893 891
892 894 890
895 885 889
878 885 895
895 889 894
893 896 892
892 896 894
897 895 894
878 895 898
897 898 895
899 894 896
899 897 894
893 900 896
901 899 896
896 900 901
893 902 900
893 903 902
900 904 901
900 902 904
899 901 905
905 901 904
897 899 906
899 905 906
878 898 907
878 907 908
909 878 908
897 910 898
911 898 910
911 910 912
910 897 913
897 906 913
914 907 912
915 907 914
916 909 915
916 915 917
915 914 917
918 916 917
918 917 919
917 920 919
917 914 920
921 912 910
910 913 921
914 912 922
923 914 922
923 922 924
925 922 912
921 925 912
926 920 924
927 920 926
928 918 927
928 927 929
927 926 929
925 930 922
930 924 922
921 913 931
925 921 932
921 931 932
930 925 933
925 932 933
934 931 913
934 913 906
935 934 906
935 906 905
926 924 936
930 937 924
937 936 924
930 933 938
937 930 938
939 926 936
940 926 939
940 939 941
942 940 941
942 928 940
937 943 936
937 938 944
944 943 937
939 936 945
945 936 943
946 938 933
944 938 947
946 947 938
948 946 933
948 933 932
949 948 932
949 932 931
950 949 931
950 931 934
934 951 950
934 935 951
944 952 943
944 947 953
953 952 944
954 943 952
945 943 954
955 948 949
956 949 950
956 955 949
957 956 950
957 950 951
955 958 948
958 946 948
959 947 946
958 959 946
955 956 960
957 960 956
958 955 961
955 960 961
959 962 947
962 953 947
959 958 963
958 961 963
964 962 959
959 963 964
965 957 951
957 966 960
965 966 957
965 951 967
967 951 935
967 935 968
905 968 935
905 969 968
969 905 904
970 967 968
970 968 969
969 904 971
902 971 904
960 966 972
965 973 966
973 972 966
974 965 967
974 973 965
970 975 967
974 967 975
969 976 970
976 975 970
969 971 977
969 977 976
902 978 971
971 978 977
960 972 979
961 960 979
975 980 974
976 980 975
902 981 978
903 981 902
977 982 976
976 983 980
976 982 983
978 984 977
977 984 982
974 980 985
980 983 986
980 986 985
974 985 987
974 987 973
988 973 987
973 988 972
989 972 988
979 972 989
989 988 990
991 990 988
991 988 987
987 992 991
987 985 992
985 993 992
985 986 993
986 994 993
986 995 994
979 989 996
983 995 986
997 979 996
961 979 997
998 997 996
998 961 997
998 996 999
998 963 961
999 1000 998
1000 963 998
1000 999 1001
1000 964 963
983 1002 995
982 1002 983
1003 1000 1001
1003 964 1000
1001 1004 1003
1001 1005 1004
1003 1006 964
1006 1003 1004
964 1006 962
1006 1007 962
962 1007 953
1006 1004 1008
1006 1008 1007
1005 1009 1004
1009 1008 1004
1010 1009 1005
1005 1011 1010
1011 1012 1010
1009 1013 1008
1010 1013 1009
1013 1007 1008
1012 1014 1010
1010 1014 1013
1012 1015 1014
1007 1016 953
953 1016 952
1013 1017 1007
1014 1017 1013
1007 1017 1016
1015 1018 1014
1014 1018 1017
1015 1019 1018
1020 1017 1018
1020 1018 1019
1020 1016 1017
1020 1019 1021
1020 1021 842
1016 1022 952
1016 1020 1022
1020 842 1022
842 840 1022
954 952 1022
954 1022 840
954 840 843
843 945 954
843 846 945
939 945 846
939 846 852
1023 939 852
1023 852 1024
1025 1023 1024
854 1025 1024
1025 942 1023
1026 1027 1028
1029 1030 1031
1032 1033 1031
1034 1035 1031
1035 1036 1031
1037 1038 1031
1036 1037 1039
1040 1041 1039
1042 1043 1039
1044 1045 1039
1046 1044 1047
1048 1049 1047
1050 1051 1052
1053 1050 1054
1053 1054 1055
1056 1055 1054
1056 1057 1055
1058 1059 1056
1058 1060 1059
1061 1060 1058
1061 1062 1060
1063 1064 1061
1063 1065 1064
1066 1067 1063
1066 1068 1067
1069 1070 1071
1072 1073 1069
1074 1073 1072
1075 1073 1074
1076 1073 1075
1077 1073 1076
1078 1073 1077
1079 1073 1078
1080 1073 1079
1081 1073 1080
1082 1073 1081
1083 1073 1082
1084 1073 1083
1085 1073 1084
1086 1073 1085
1087 1073 1086
1088 1073 1087
1089 1073 1088
1090 1073 1089
1091 1092 1093
1094 1095 1096
1094 1097 1098
1094 1098 1099
1100 1101 1102
1103 1104 1105
1106 1107 1108
1109 1110 1111
1112 1113 1109
1113 1114 1115
1114 1116 1115
1114 1117 1116
1117 1118 1116
1118 1117 1119
1120 1121 1122
1123 225 1121
1123 1121 1124
1125 1121 1126
1125 1126 1127
1128 1126 1129
1128 1129 1130
1131 1132 1129
1131 1133 1132
1131 1134 1133
1131 1135 1134
1136 1135 1131
1135 1137 1134
1136 1138 1135
1138 1136 1139
1135 1140 1137
1138 1140 1135
1140 1141 1137
1140 1142 1141
1138 1139 1143
1143 1139 1144
1138 1145 1140
1145 1142 1140
1143 1145 1138
1143 1146 1145
1146 1147 1145
1145 1147 1142
1146 1148 1147
1143 1144 1149
1149 1150 1143
1147 1151 1142
1147 1152 1151
1148 1152 1153
1154 1149 1144
1154 1144 1155
1154 1155 1156
1149 1157 1150
1157 1148 1150
1154 1157 1149
1142 1151 1158
1142 1158 1159
1151 1160 1158
1151 1161 1160
1152 1161 1151
1162 1160 1161
1154 1156 1163
1164 1163 1156
1154 1165 1157
1163 1165 1154
1162 1161 1166
1166 1167 1162
1152 1168 1161
1168 1166 1161
1164 1169 1163
1169 1164 1170
1166 465 1167
465 1171 1167
465 1166 1172
1168 1172 1166
465 1172 459
460 459 1172
460 1172 1168
1173 1168 1152
1148 1173 1152
1173 1174 1168
460 1168 1174
461 460 1174
461 1174 1175
1175 1174 1176
1148 1177 1176
1175 1176 1177
461 1175 1178
461 1178 463
1148 1179 1177
1157 1179 1148
1179 1157 1165
1180 1178 1175
1181 463 1178
1181 1178 1180
1182 1175 1177
1180 1175 1182
1183 1177 1179
1182 1177 1183
1179 1165 1184
1183 1179 1184
463 1181 1185
463 1185 458
1186 1184 1165
1163 1186 1165
1169 1186 1163
1187 1181 1180
1188 1180 1182
1187 1180 1188
1189 1182 1183
1188 1182 1189
1190 1183 1184
1189 1183 1190
1186 1191 1184
1190 1184 1191
1169 1192 1186
1192 1191 1186
1181 1187 1193
1181 1193 1185
1194 1190 1191
1192 1194 1191
1192 1169 1195
1169 1170 1195
1195 1170 1196
1192 1195 1197
1194 1192 1197
1195 1196 1198
1197 1195 1198
1198 1196 1199
1198 1199 1200
1200 1199 1201
1200 1201 1202
1197 1198 1203
1200 1203 1198
1194 1197 1204
1204 1197 1203
1194 1205 1190
1205 1194 1204
1190 1205 1206
1190 1206 1189
1205 1204 1207
1206 1205 1207
1204 1203 1208
1208 1207 1204
1200 1209 1203
1208 1203 1209
1208 1209 1210
1208 1211 1207
1210 1211 1208
1212 1200 1202
1209 1200 1212
1189 1206 1213
1189 1213 1188
1206 1207 1214
1214 1207 1211
1215 1213 1206
1214 1215 1206
1188 1213 1216
1188 1216 1187
1215 1217 1213
1217 1216 1213
1187 1216 1218
1187 1218 1193
1219 1218 1216
1217 1219 1216
1220 1193 1218
1220 1218 1219
1220 1221 1193
1221 1185 1193
1221 1222 1185
1222 458 1185
1222 1223 458
1223 823 458
1220 1219 1224
1224 1219 1225
1219 1217 1225
1224 1225 1226
1225 803 1226
1217 1227 1225
1227 1217 1215
1228 1225 1227
1225 1228 816
1228 1229 816
1229 1228 1230
1227 1230 1228
1229 1230 1231
1231 1230 1227
1231 1232 1229
1233 1227 1215
1227 1233 1231
1233 1215 1214
1231 1234 1232
1233 1234 1231
1232 1234 1235
1234 1236 1235
1237 1233 1214
1233 1237 1234
1214 1211 1237
1234 1238 1236
1237 1238 1234
1239 1236 1238
1240 1237 1211
1240 1238 1237
1239 1238 1240
1210 1240 1211
1241 1239 1240
1241 1240 1210
1210 1242 1241
1241 1242 1243
1244 1243 1242
1244 1245 1243
1246 1245 1244
1246 1244 1247
1248 1246 1247
1248 1247 1249
1249 1250 1248
1249 1251 1250
1244 1252 1247
1249 1247 1252
1253 1244 1242
1244 1253 1252
1254 1242 1210
1253 1242 1254
1249 1252 1255
1255 1256 1249
1254 1210 1257
1257 1210 1209
1253 1258 1252
1255 1252 1258
1254 1259 1253
1254 1257 1259
1253 1259 1258
1255 1260 1256
1261 1256 1260
1255 1258 1262
1262 1260 1255
1262 1263 1260
1261 1260 1264
1263 1264 1260
1263 1265 1264
1257 1209 1266
1209 1212 1266
1259 1267 1258
1268 1258 1267
1257 1269 1259
1257 1266 1269
1259 1269 1267
1270 1269 1266
1270 1266 1212
1270 1267 1269
1271 1263 1268
1268 1267 1271
1265 1263 1272
1271 1272 1263
1265 1272 1273
1274 1271 1267
1270 1274 1267
1275 1270 1212
1275 1212 1202
1276 1272 1271
1274 1276 1271
1273 1272 1277
1276 1277 1272
1273 1277 1278
1279 1274 1270
1279 1276 1274
1279 1270 1275
1202 1280 1275
1202 1281 1280
1282 1275 1280
1282 1279 1275
1279 1283 1276
1283 1279 1282
1283 1277 1276
1283 1282 1284
1278 1277 1285
1283 1286 1277
1286 1283 1284
1286 1284 1287
1278 1285 1288
1288 1285 1289
1288 1289 1290
1290 1289 1291
1290 1291 1292
1293 1292 1291
1293 1291 1294
1293 1294 1295
1295 1294 1296
1295 1296 1297
1297 1296 1298
1297 1298 1299
1299 1298 1300
1299 1300 1301
1300 1302 1301
1300 1303 1302
1304 1302 1303
1304 1303 1305
1305 1306 1304
1305 1307 1306
1308 1306 1307
1308 1307 1309
1309 1310 1308
1309 1311 1310
1312 1310 1311
1312 1311 1313
1313 1314 1312
1313 1315 1314
1316 1315 1313
1316 1317 1315
1313 1318 1316
1313 1311 1318
1319 1317 1316
1319 1320 1317
1319 1321 1320
1311 1309 1322
1311 1322 1318
1309 1307 1323
1309 1323 1322
1319 1324 1321
1324 1325 1321
1326 1318 1322
1326 1322 1323
1307 1327 1323
1307 1305 1327
1328 1324 1319
1326 1328 1318
1328 1319 1329
1328 1329 1318
1324 1330 1325
1325 1330 1331
1328 1332 1324
1326 1332 1328
1332 1330 1324
1326 1323 1333
1333 1323 1327
1305 1334 1327
1305 1335 1334
1336 1327 1334
1333 1327 1336
1336 1334 1337
1326 1338 1332
1333 1338 1326
1332 1339 1330
1339 1332 1338
1331 1330 1340
1340 1330 1339
1341 1336 1337
1341 1337 1342
1343 1333 1336
1333 1343 1338
1343 1336 1341
1339 1338 1344
1344 1338 1343
1339 1344 1340
1345 1343 1341
1344 1343 1345
1345 1341 1346
1346 1341 1342
1346 1342 1347
1348 1346 1347
1331 1340 1349
1331 1349 1350
1340 1344 1351
1351 1344 1352
1351 1352 1346
1351 1346 1353
1354 1351 1353
1354 1355 1351
1340 1351 1355
1340 1355 1349
1350 1349 1356
1350 1356 1357
1358 1349 1355
1358 1356 1349
1355 1359 1358
1355 1360 1359
1359 1361 1358
1356 1358 1361
1359 1362 1361
1357 1356 1363
1357 1363 1364
1363 1365 1364
1356 1361 1366
1356 1366 1363
1363 1367 1365
1367 1368 1365
1369 1363 1366
1361 1369 1366
1369 1367 1363
1367 1370 1368
1370 1367 1369
1371 1368 1370
1372 1361 1362
1361 1372 1369
1371 1370 1373
1373 1374 1371
1370 1369 1375
1372 1375 1369
1375 1373 1370
1372 1362 1376
1376 1362 1377
1373 1378 1374
1379 1374 1378
1375 1380 1373
1378 1373 1380
1381 1375 1372
1380 1375 1381
1381 1372 1376
1376 1377 1382
1382 1377 1383
1379 1378 1384
1384 1385 1379
1378 1380 1386
1386 1384 1378
1381 1386 1380
1384 1387 1385
1386 1388 1384
1389 1385 1387
1387 1390 1388
1389 1387 1391
1391 1392 1389
1393 1386 1381
1388 1386 1393
1387 1388 1394
1394 1388 1393
1395 1387 1394
1395 1396 1392
1396 1397 1392
1393 1381 1398
1381 1376 1398
1398 1376 1382
1395 1394 1399
1399 1396 1395
1394 1400 1399
1396 1399 1400
1401 1397 1396
1402 1397 1401
1394 1393 1403
1394 1403 1400
1393 1404 1403
1393 1398 1404
1400 1403 1405
1405 1406 1404
1398 1382 1407
1407 1404 1398
1396 1400 1408
1401 1396 1408
1409 1408 1400
1409 1400 1405
1405 1404 1410
1407 1410 1404
1407 1382 1411
1382 1383 1411
1411 1383 1412
1407 1411 1413
1410 1407 1413
1411 1412 1414
1413 1411 1414
1414 1412 1415
1405 1410 1416
1416 1409 1405
1409 1417 1408
1401 1408 1417
1410 1413 1418
1418 1416 1410
1416 1419 1409
1420 1417 1409
1421 1419 1416
1418 1421 1416
1421 1422 1419
1413 1414 1423
1423 1418 1413
1414 1415 1424
1424 1423 1414
1425 1424 1415
1420 1426 1417
1426 1420 1422
1427 1421 1418
1423 1427 1418
1424 1428 1423
1428 1427 1423
1425 1429 1424
1428 1424 1429
1427 1430 1421
1422 1421 1430
1425 1431 1429
1425 1432 1431
1433 1431 1432
1433 1432 1434
1435 1433 1434
1428 1436 1427
1436 1430 1427
1428 1429 1437
1437 1429 1431
1437 1436 1428
1437 1431 1438
1433 1438 1431
1437 1439 1436
1438 1439 1437
1436 1440 1430
1440 1436 1439
1435 1441 1433
1441 1435 1442
1441 1442 1443
1443 1442 1444
1445 1433 1441
1443 1445 1441
1433 1446 1438
1445 1446 1433
1438 1447 1439
1447 1438 1446
1443 1444 244
1448 244 1444
1448 1449 244
1450 1449 1448
1450 233 1449
254 1443 244
1443 254 1445
1451 1445 254
1451 1446 1445
1451 254 253
1447 1452 1439
1440 1439 1452
1447 1446 1453
1451 1453 1446
1454 1451 253
1454 253 255
1455 1447 1453
1447 1455 1452
1451 1456 1453
1451 1454 1456
1455 1453 1456
1457 1454 255
1457 255 258
1454 1458 1456
1454 1457 1458
1459 1457 258
1458 1457 1459
1459 258 268
1460 1455 1456
1460 1456 1458
1455 1461 1452
1455 1460 1461
1459 268 1462
1462 268 269
1459 1463 1458
1459 1462 1463
269 1464 1462
269 1465 1464
1464 1466 1462
1462 1466 1463
1467 1463 1466
1458 1468 1460
1458 1463 1468
1467 1469 1463
1463 1469 1468
1470 1460 1468
1470 1468 1469
1470 1461 1460
1471 1469 1467
1470 1469 1471
1472 1471 1467
1473 1461 1470
1473 1470 1471
1474 1471 1472
1473 1471 1474
1475 1474 1472
1473 1476 1461
1476 1452 1461
1476 1440 1452
1477 1473 1474
1476 1473 1477
1478 1440 1476
1476 1477 1478
1478 1430 1440
1422 1430 1478
1479 1422 1478
1479 1478 1477
1426 1422 1479
1477 1474 1480
1475 1480 1474
1479 1477 1480
1475 1481 1480
1479 1480 1481
1426 1479 1481
1475 1482 1481
1426 1481 1483
1483 1481 1482
1426 1483 1417
1401 1417 1483
1482 1401 1483
1482 1402 1401
1484 1402 1482
1485 1486 1487
1488 1489 1490
1488 1491 1489
1488 1492 1491
1488 1493 1492
1489 1491 1494
1494 1491 1492
1489 1494 1495
1494 1492 1496
1497 1498 1499
1497 1500 1498
1498 1500 1501
1498 1501 1502
1501 1503 1502
1504 1503 1501
1503 1504 1505
1506 1507 1508
1506 1508 1509
1510 1511 1512
1510 1513 1511
1513 1514 1511
1513 1515 1514
1516 1517 1518
1516 1518 1519
1520 1521 1519
1520 1522 1521
1523 1524 1525
1523 1525 1526
1527 1523 1526
1527 1526 1528
1529 1528 1526
1529 1530 1528
1529 1526 1531
1531 1526 1525
1529 1532 1530
1531 1525 1533
1532 1534 1530
1533 1525 1535
1532 1536 1534
1533 1535 1537
1537 1535 1538
1537 1538 1539
1539 1538 1540
1539 1540 1541
1536 1542 1534
1536 1543 1542
1544 1545 1542
1544 1542 1546
1547 1548 1549
1547 1549 1550
1551 1552 1553
1551 1553 1554
1555 1556 1557
1555 1557 1558
1558 1557 1559
1558 1559 1560
1561 1560 1559
1561 1562 1560
1563 1564 1565
1563 1565 1566
1567 1568 1569
1567 1570 1568
1571 1568 1570
1571 1570 1572
1572 1573 1571
1572 1574 1573
1575 1576 1577
1575 1577 1578
1579 1575 1578
1579 1578 1580
1581 1582 1583
1583 1582 1584
1585 1586 1587
1587 1586 1588
1589 1590 1591
1589 1591 1592
1589 1592 1593
1589 1593 1594
1591 1595 1592
1595 1593 1592
1591 1596 1595
1595 1597 1593
1598 1599 1600
1598 1600 1601
1602 1601 1600
1602 1600 1603
1602 1603 1604
1605 1602 1604
1604 1606 1605
1607 1608 1609
1607 1609 1610
1611 1612 1613
1611 1613 1614
1614 1613 1615
1614 1615 1616
1617 1618 1619
1617 1619 1620
1621 1622 1623
1621 1624 1622
1625 1624 1621
1625 1626 1624
1627 1624 1626
1627 1626 1628
1627 1629 1624
1629 1622 1624
1627 1628 1630
1629 1631 1622
1630 1628 1632
1630 1632 1633
1631 1634 1622
1633 1632 1635
1633 1635 1636
1631 1637 1634
1637 1638 1634
1637 1639 1638
1639 1640 1638
1639 1641 1640
1642 1643 1635
1642 1635 1644
1645 1646 1634
1645 1634 1647
1648 1649 1650
1648 1650 1651
1652 1653 1654
1652 1655 1653
1655 1656 1653
1655 1657 1656
1658 1656 1657
1658 1657 1659
1660 1661 1662
1660 1662 1663
1664 1665 1666
1664 1666 1667
1668 1669 1670
1668 1670 1671
1672 1671 1670
1672 1673 1671
1673 1672 1674
1673 1674 1675
1676 1677 1678
1676 1679 1677
1680 1679 1676
1680 1681 1679
1682 1683 1684
1683 1685 1684
1686 1687 1688
1687 1689 1688
1690 1691 1692
1690 1692 1693
1694 1690 1693
1693 1692 1695
1694 1693 1696
1693 1695 1697
1697 1696 1693
1694 1696 1698
1694 1698 1699
1697 1695 1700
1695 1701 1700
1701 1702 1700
1702 1703 1700
1697 1704 1696
1704 1697 1700
1704 1698 1696
1705 1704 1700
1704 1705 1698
1706 1705 1700
1706 1698 1705
1707 1699 1698
1706 1707 1698
1707 1708 1699
1709 1707 1706
1709 1706 1700
1709 1710 1707
1711 1709 1700
1712 1711 1700
1713 1712 1700
1714 1713 1700
1715 1714 1700
1716 1715 1700
1717 1716 1700
1718 1714 1715
1718 1719 1714
1715 1716 1720
1715 1720 1718
1721 1716 1717
1721 1720 1716
1722 1718 1720
1722 1723 1718
1724 1722 1720
1724 1720 1721
1725 1721 1717
1725 1717 1700
1724 1721 1726
1725 1726 1721
1724 1726 1727
1727 1726 1728
1727 1728 1729
1726 1730 1728
1726 1725 1730
1730 1725 1700
1731 1730 1700
1732 1731 1700
1733 1732 1700
1733 1734 1732
1735 1733 1700
1703 1735 1700
1733 1736 1734
1735 1736 1733
1736 1737 1734
1736 1738 1737
1703 1739 1735
1735 1739 1736
1739 1738 1736
1703 1740 1739
1739 1741 1738
1741 1739 1740
1741 1740 1742
1743 1744 1745
1743 1745 1746
1746 1745 1747
1746 1747 1748
1749 1746 1748
1749 1748 1750
1751 1752 1753
1751 1753 1754
1755 1751 1754
1755 1754 1756
1757 1751 1755
1757 1758 1751
1755 1759 1757
1760 1755 1756
1755 1760 1759
1760 1756 1761
1762 1759 1760
1763 1760 1761
1762 1760 1763
1764 1762 1763
1763 1761 1765
1764 1763 1766
1766 1763 1765
1766 1765 1767
1766 1767 1768
1766 1768 1769
1770 1771 1772
1770 1772 1773
1774 1775 1776
1774 1777 1775
1774 1778 1777
1774 1779 1778
1780 1779 1774
1780 1774 1781
1782 1780 1781
1782 1781 1783
1784 1783 1781
1784 1785 1783
1786 1787 1788
1786 1788 1789
1790 1791 1792
1790 1793 1791
1794 1793 1790
1793 1795 1791
1794 1796 1793
1793 1797 1795
1797 1793 1796
1794 1798 1796
1794 1799 1798
1797 1800 1795
1795 1800 1801
1801 1800 1802
1802 1800 1803
1797 1796 1804
1804 1800 1797
1804 1796 1798
1805 1800 1804
1804 1798 1805
1806 1800 1805
1806 1805 1798
1807 1798 1799
1806 1798 1807
1807 1799 1808
1809 1806 1807
1809 1800 1806
1809 1807 1810
1811 1800 1809
1812 1800 1811
1813 1800 1812
1814 1800 1813
1815 1800 1814
1816 1800 1815
1817 1800 1816
1818 1815 1814
1818 1814 1819
1815 1820 1816
1815 1818 1820
1821 1817 1816
1821 1816 1820
1822 1820 1818
1822 1818 1823
1824 1820 1822
1824 1821 1820
1825 1817 1821
1825 1800 1817
1824 1826 1821
1825 1821 1826
1824 1827 1826
1827 1828 1826
1827 1829 1828
1826 1828 1830
1826 1830 1825
1830 1800 1825
1831 1800 1830
1832 1800 1831
1833 1800 1832
1833 1832 1834
1835 1800 1833
1803 1800 1835
1833 1834 1836
1835 1833 1836
1836 1834 1837
1836 1837 1838
1803 1835 1839
1835 1836 1839
1839 1836 1838
1803 1839 1840
1839 1838 1841
1841 1840 1839
1841 1842 1840
1843 1844 1845
1843 1846 1844
1847 1844 1846
1847 1846 1848
1848 1846 1849
1848 1849 1850
1851 1852 1843
1851 1853 1852
1854 1855 1856
1854 1857 1855
1858 1857 1854
1858 1859 1857
1860 1858 1854
1860 1854 1861
1858 1860 1862
1863 1859 1858
1858 1862 1863
1863 1864 1859
1865 1863 1862
1866 1864 1863
1865 1866 1863
1867 1866 1865
1866 1868 1864
1867 1869 1866
1869 1868 1866
1869 1870 1868
1869 1871 1870
1869 1872 1871
1873 1874 1875
1873 1875 1876
1877 1878 1879
1877 1879 1880
1877 1880 1881
1877 1881 1882
1883 1877 1882
1883 1884 1877
1885 1884 1883
1885 1886 1884
1887 1884 1886
1887 1886 1888
1889 1890 1891
1889 1892 1890
1893 1890 1892
1893 1894 1890
1895 1896 1897
1895 1897 1898
1899 1900 1901
1899 1901 1902
1903 1902 1901
1903 1904 1902
1905 1906 1907
1905 1907 1908
1909 1908 1907
1909 1907 1910
1911 1909 1910
1912 1910 1907
1911 1910 1913
1912 1914 1910
1914 1913 1910
1914 1915 1913
1916 1917 1918
1916 1919 1917
1920 1919 1916
1920 1921 1919
1922 1919 1921
1922 1923 1919
1924 1925 1926
1924 1926 1927
1928 1929 1930
1929 1931 1930
1932 1933 1934
1932 1934 1935
1936 1937 1935
1936 1935 1938
1939 1940 1941
1939 1941 1942
1943 1944 1945
1943 1945 1946
1947 1946 1945
1947 1945 1948
1949 1950 1951
1949 1951 1952
1953 1954 1955
1953 1956 1954
1957 1954 1956
1957 1956 1958
1959 1960 1961
1959 1962 1960
1963 1960 1962
1963 1964 1960
1965 1964 1963
1966 1960 1964
1965 1967 1964
1966 1964 1968
1968 1964 1967
1968 1967 1969
1970 1971 1972
1970 1972 1973
1974 1970 1973
1974 1973 1975
1976 1975 1973
1976 1973 1977
1978 1979 1980
1978 1980 1981
1982 1983 1984
1984 1983 1985
1986 1987 1988
1986 1989 1987
1990 1991 1989
1990 1989 1992
1993 1994 1995
1993 1995 1996
1997 1998 1999
1997 1999 2000
2001 2002 2003
2001 2003 2004
2005 2004 2003
2005 2003 2006
2007 2005 2006
2007 2006 2008
2007 2008 2009
2007 2009 2010
2010 2009 2011
2012 2013 2014
2015 2014 2013
2015 2013 2016
2017 2015 2016
2017 2016 2018
2019 2017 2018
2019 2018 2020
2021 2019 2022
2021 2022 2023
2024 2025 2026
2024 2026 2027
2027 2026 2028
2027 2028 2029
2029 2028 2030
2029 2030 2031
2031 2030 2032
2033 2034 2035
2033 2035 2036
2037 2038 2039
2037 2040 2038
2038 2040 2041
2038 2041 2042
2042 2041 2043
2042 2043 2044
2043 2045 2044
2043 2046 2045
2046 2047 2045
2048 2049 2050
2050 2049 2051
2050 2051 2052
2052 2051 2053
2052 2053 2054
2054 2053 2055
2054 2055 2056
2056 2055 2057
2056 2057 2058
2059 2060 2061
2059 2062 2060
2062 2063 2060
2062 2064 2063
2064 2065 2063
2064 2066 2065
2066 2067 2065
2068 2069 2070
2068 2070 2071
2072 2068 2071
2071 2070 2073
2072 2071 2074
2075 2072 2074
2071 2073 2076
2074 2071 2076
2077 2076 2073
2074 2076 2077
2077 2073 2078
2075 2074 2079
2079 2074 2077
2078 2080 2077
2079 2077 2080
2078 2081 2080
2082 2075 2079
2080 2082 2079
2082 2083 2075
2081 2084 2080
2080 2084 2082
2081 2085 2084
2086 2084 2085
2082 2084 2086
2086 2085 2087
2086 2087 2088
2089 2083 2082
2082 2086 2089
2089 2090 2083
2086 2088 2091
2089 2086 2091
2091 2088 2092
2090 2089 2093
2089 2091 2093
2091 2092 2093
2090 2093 2094
2095 2093 2092
2095 2094 2093
2096 2097 2098
2096 2099 2097
2099 2096 2100
2101 2097 2099
2099 2100 2102
2102 2100 2103
2101 2099 2104
2102 2104 2099
2104 2105 2101
2102 2103 2106
2107 2106 2103
2102 2108 2104
2104 2108 2105
2108 2102 2106
2105 2108 2109
2108 2106 2109
2105 2109 2110
2109 2111 2110
2109 2112 2111
2109 2106 2113
2107 2113 2106
2109 2113 2112
2114 2113 2107
2114 2107 2115
2113 2116 2112
2113 2114 2116
2112 2116 2117
2112 2117 2118
2115 2119 2114
2115 2120 2119
2121 2114 2119
2121 2122 2114
2122 2123 2117
2122 2121 2123
2124 2119 2120
2124 2120 2125
2126 2124 2123
2126 2119 2124
2127 2128 2129
2127 2130 2128
2128 2131 2132
2128 2132 2133
2134 2130 2135
2134 2135 2136
2134 2137 2138
2134 2138 2139
2140 2139 2138
2140 2141 2139
2140 2142 2141
2140 2143 2142
2144 2142 2145
2144 2146 2142
2144 2147 2146
2144 2148 2147
2149 2147 2148
2149 2148 2150
2149 2151 2152
2149 2152 2153
2154 2155 2153
2154 2156 2155
2155 2157 2158
2155 2158 2159
2160 2161 2162
2160 2163 2161
2163 2160 2164
2163 2164 2165
2166 2165 2164
2166 2167 2165
2168 2169 2161
2168 2170 2169
2171 2172 2168
2171 2173 2172
2174 2173 2171
2174 2175 2173
2174 2176 2177
2174 2178 2176
2178 2179 2176
2178 2180 2179
2180 2181 2182
2180 2183 2181
2184 2185 2183
2184 2183 2186
2186 2187 2184
2186 2188 2187
2189 2187 2188
2189 2188 2190
2191 2192 2193
2191 2193 2194
2195 2196 2197
2195 2197 2198
2199 2200 2201
2199 2201 2202
2203 2204 2205
2203 2205 2206
2207 2208 2209
2207 2209 2210
2211 2212 2213
2211 2213 2214
2215 2216 2217
2215 2217 2218
2219 2220 2221
2219 2221 2222
2223 2219 2222
2223 2222 2224
2225 2226 2221
2225 2227 2226
2228 2226 2227
2228 2227 2229
2230 2228 2229
2230 2231 2228
2232 2231 2233
2232 2233 2234
2235 2224 2236
2235 2236 2237
2237 2236 2238
2237 2238 2239
2240 2238 2241
2240 2241 2242
2243 2242 2241
2243 2244 2242
2245 2244 2243
2245 2243 2246
2247 2248 2246
2247 2249 2248
2250 2251 2252
2250 2252 2253
2254 2255 2256
2254 2256 2257
2258 2259 2254
2258 2260 2259
2261 2260 2258
2261 2262 2260
2263 2264 2257
2263 2265 2264
2266 2264 2265
2266 2267 2264
2267 2268 2269
2267 2269 2270
2271 2270 2272
2271 2272 2273
2274 2275 2271
2274 2276 2275
2277 2275 2276
2277 2278 2275
2279 2278 2280
2279 2280 2281
2282 2279 2283
2282 2283 2284
2285 2282 2284
2285 2284 2286
2287 2288 2289
2287 2289 2290
2291 2292 2293
2291 2293 2294
2295 2296 2297
2295 2297 2298
2299 2300 2301
2299 2301 2302
2303 2304 2305
2303 2305 2306
2307 2308 2309
2307 2309 2310
2311 2312 2313
2311 2314 2315
2311 2315 2316
2317 2316 2315
2318 2316 2317
2311 2316 2319
2318 2319 2316
2318 2320 2319
2320 2321 2319
2319 2322 2313
2319 2321 2322
2322 2321 2323
2322 2324 2313
2325 2322 2323
2322 2325 2324
2325 2323 2326
2327 2325 2326
2327 2328 2325
2328 2324 2325
2329 2328 2327
2330 2324 2328
2329 2330 2328
2330 2331 2324
2329 2332 2330
2332 2331 2330
2333 2334 2335
2333 2336 2334
2336 2337 2334
2336 2338 2337
2339 2338 2336
2339 2340 2338
2336 2333 2341
2336 2341 2339
2339 2341 2342
2343 2340 2339
2339 2342 2343
2343 2344 2340
2345 2344 2343
2345 2346 2344
2343 2342 2347
2343 2347 2345
2346 2345 2348
2346 2348 2349
2345 2347 2350
2345 2350 2348
2351 2349 2348
2351 2352 2349
2353 2348 2350
2353 2351 2348
2354 2352 2351
2354 2355 2352
2356 2351 2353
2356 2354 2351
2357 2355 2354
2357 2358 2355
2354 2356 2359
2354 2359 2357
2358 2357 2360
2358 2360 2361
2357 2359 2362
2357 2362 2360
2363 2361 2360
2363 2364 2361
2360 2362 2365
2360 2365 2363
2366 2364 2363
2366 2367 2364
2363 2365 2368
2363 2368 2366
2366 2368 2369
2366 2369 2370
2370 2371 2366
2370 2372 2371
2359 2373 2362
2374 2365 2362
2374 2362 2373
2359 2375 2373
2375 2359 2356
2376 2365 2374
2376 2377 2365
2376 2369 2377
2376 2378 2369
2378 2376 2379
2379 2376 2374
2378 2379 2380
2379 2374 2381
2381 2374 2373
2381 2373 2382
2375 2382 2373
2375 2383 2382
2375 2356 2384
2383 2375 2384
2384 2356 2353
2383 2384 2385
2384 2353 2386
2386 2385 2384
2386 2387 2385
2350 2386 2353
2387 2386 2388
2350 2388 2386
2387 2388 2389
2390 2388 2350
2389 2388 2390
2390 2350 2347
2389 2390 2391
2390 2347 2392
2392 2347 2342
2391 2390 2393
2390 2392 2393
2391 2393 2394
2392 2342 2395
2395 2342 2396
2395 2396 2397
2398 2394 2393
2398 2399 2394
2393 2392 2400
2400 2392 2395
2393 2400 2398
2400 2395 2401
2401 2395 2402
2402 2396 2333
2403 2398 2400
2401 2403 2400
2403 2404 2398
2404 2405 2398
2404 2406 2405
2407 2406 2404
2407 2408 2406
2404 2403 2409
2404 2409 2407
2401 2410 2403
2409 2403 2410
2401 2402 2411
2411 2410 2401
2402 2333 2412
2411 2402 2412
2413 2412 2333
2413 2333 2414
2408 2407 2415
2408 2415 2416
2417 2407 2409
2417 2415 2407
2416 2415 2418
2416 2418 2419
2415 2420 2418
2415 2417 2420
2411 2412 2421
2421 2412 2422
2421 2422 2423
2417 2409 2424
2409 2410 2424
2420 2417 2425
2417 2424 2425
2420 2425 2426
2411 2427 2410
2427 2411 2421
2427 2424 2410
2423 2428 2421
2427 2421 2428
2423 2429 2428
2427 2430 2424
2430 2425 2424
2428 2430 2427
2431 2426 2425
2430 2431 2425
2431 2432 2426
2433 2428 2429
2428 2433 2430
2431 2430 2433
2433 2429 2434
2432 2431 2435
2431 2433 2435
2435 2433 2436
2432 2435 2437
2435 2436 2438
2437 2435 2438
2437 2438 2439
2440 2441 2442
2440 2442 2443
2443 2442 2444
2443 2444 2445
2445 2444 2446
2445 2446 2447
2447 2446 2448
2447 2448 2449
2449 2448 2450
2449 2450 2451
2451 2450 2452
2451 2452 2453
2454 2453 2452
2454 2455 2453
2454 2456 2455
2454 2457 2456
2458 2456 2459
2458 2460 2456
2458 2461 2460
2458 2462 2461
2463 2461 2462
2463 2462 2464
2465 2463 2464
2465 2464 2466
2467 2465 2466
2467 2466 2468
2469 2467 2468
2469 2468 2470
2471 2469 2470
2471 2470 2472
2473 2471 2472
2473 2472 2474
2475 2473 2476
2475 2476 2477
2477 2478 2475
2479 2480 2481
2480 2479 2482
2480 2482 2440
2483 2484 2485
2483 2485 2486
2487 2483 2486
2487 2486 2488
2489 2487 2488
2489 2488 2490
2491 2489 2490
2491 2490 2492
2493 2491 2492
2493 2492 2494
2495 2493 2494
2495 2494 2496
2497 2495 2496
2497 2496 2498
2499 2497 2498
2499 2498 2500
2501 2499 2500
2501 2500 2502
2503 2504 2505
2503 2506 2504
2507 2506 2503
2507 2508 2506
2509 2508 2507
2509 2510 2508
2511 2510 2509
2511 2512 2510
2513 2512 2511
2513 2514 2512
2515 2514 2513
2515 2516 2514
2517 2516 2515
2517 2518 2516
2519 2518 2517
2519 2520 2518
2521 2520 2519
2521 2522 2520
2523 2524 2525
2523 2525 2526
2527 2528 2529
2527 2530 2528
2531 2530 2527
2531 2532 2530
2532 2531 2533
2532 2533 2534
2528 2530 2535
2530 2536 2535
2530 2537 2536
2538 2537 2534
2538 2536 2537
2538 2539 2536
2538 2540 2539
2536 2541 2535
2536 2539 2541
2542 2541 2539
2541 2542 2543
2544 2539 2540
2542 2539 2544
2544 2540 2545
2528 2535 2546
2546 2535 2541
2545 2547 2544
2545 2548 2547
2549 2544 2547
2544 2549 2550
2544 2550 2542
2542 2550 2551
2552 2542 2551
2553 2542 2552
2554 2542 2553
2554 2543 2542
2555 2543 2554
2543 2555 2556
2541 2543 2557
2546 2541 2557
2543 2558 2557
2558 2546 2557
2543 2559 2558
2558 2560 2546
2561 2559 2543
2560 2528 2546
2560 2562 2528
2561 2563 2559
2564 2562 2560
2564 2560 2565
2565 2560 2566
2567 2564 2565
2568 2566 2559
2565 2566 2568
2569 2559 2563
2568 2559 2569
2568 2570 2565
2567 2565 2570
2571 2568 2569
2568 2571 2570
2571 2569 2572
2569 2563 2572
2573 2572 2563
2572 2573 2574
2575 2567 2570
2576 2575 2570
2572 2577 2576
2576 2577 2575
2574 2578 2572
2572 2578 2577
2574 2579 2578
2579 2574 2580
2579 2580 2581
2579 2581 2582
2575 2583 2567
2584 2567 2583
2578 2585 2577
2578 2579 2585
2586 2575 2577
2586 2583 2575
2586 2577 2585
2579 2582 2587
2587 2582 2588
2587 2588 2589
2589 2590 2587
2584 2583 2591
2586 2591 2583
2579 2592 2585
2579 2587 2592
2587 2590 2593
2593 2592 2587
2593 2590 2594
2593 2595 2592
2585 2596 2586
2585 2592 2596
2595 2596 2592
2596 2591 2586
2595 2597 2596
2597 2598 2596
2596 2598 2591
2597 2599 2598
2600 2598 2599
2600 2591 2598
2600 2599 2533
2600 2527 2591
2527 2584 2591
2527 2562 2584
2601 2602 2603
2601 2603 2604
2605 2606 2607
2605 2607 2608
2609 2610 2611
2609 2612 2610
2609 2613 2612
2609 2614 2613
2614 2615 2613
2614 2616 2615
2616 2617 2615
2616 2618 2617
2618 2619 2617
2618 2620 2619
2621 2619 2620
2621 2620 2622
2623 2624 2625
2623 2625 2626
2626 2627 2623
2628 2629 2630
2628 2630 2631
2632 2633 2630
2632 2634 2633
2635 2636 2631
2635 2631 2637
2638 2639 2637
2638 2637 2640
2641 2642 2643
2641 2643 2644
2645 2646 2647
2645 2647 2648
2648 2647 2649
2648 2649 2650
2650 2649 2651
2650 2651 2652
2652 2653 2654
2652 2654 2655
2656 2657 2658
2656 2658 2659
2660 2661 2662
2660 2663 2661
2663 2664 2665
2663 2666 2664
2666 2667 2668
2666 2668 2669
2670 2671 2672
2670 2673 2671
2673 2670 2674
2673 2675 2671
2673 2676 2675
2671 2677 2678
2671 2678 2679
2679 2680 2671
2679 2681 2680
2682 2683 2684
2682 2684 2685
2682 2686 2687
2682 2687 2688
2688 2689 2682
2688 2690 2689
2688 2687 2691
2688 2691 2692
2693 2688 2692
2693 2692 2694
2695 2692 2691
2695 2691 2696
2695 2696 2697
2697 2696 2698
2697 2698 2699
2699 2698 2700
2699 2700 2701
2701 2700 2702
2701 2702 2703
2702 2704 2703
2702 2705 2704
2705 2706 2704
2705 2707 2706
2705 2708 2709
2709 2708 2710
2711 2712 2713
2711 2713 2714
2715 2716 2717
2718 2716 2715
2719 2716 2718
2720 2716 2719
2721 2716 2720
2722 2716 2721
2723 2716 2722
2724 2716 2723
2725 2716 2724
2726 2716 2725
2727 2716 2726
2728 2716 2727
2729 2716 2728
2730 2716 2729
2731 2716 2730
2732 2716 2731
2733 2716 2732
2734 2716 2733
2735 2716 2734
2736 2716 2735
2737 2716 2736
2738 2716 2737
2739 2716 2738
2740 2716 2739
2741 2716 2740
2742 2743 2744
2742 2744 2745
2746 2747 2748
2749 2748 2747
2749 2747 2750
2751 2749 2750
2752 2749 2751
2752 2753 2749
2753 2752 2754
2753 2754 2755
2755 2754 2756
2755 2756 2757
2757 2756 2758
2757 2758 2759
2759 2758 2760
2761 2762 2763
2763 2762 2764
2764 2762 2765
2765 2762 2766
2766 2762 2767
2768 2769 2770
2768 2770 2771
2768 2771 2772
2771 2773 2772
2771 2774 2773
2775 2773 2774
2775 2774 2776
2777 2775 2776
2777 2776 2778
2777 2778 2779
2777 2779 2780
2780 2779 2781
2780 2781 2782
2781 2783 2782
2781 2784 2783
2784 2785 2783
2784 2786 2785
2787 2785 2786
2787 2786 2788
2789 2787 2788
2789 2788 2790
2790 2791 2789
2790 2792 2791
2793 2791 2792
2793 2794 2791
2793 2795 2794
2796 2797 2798
2799 2798 2797
2799 2797 2800
2801 2802 2803
2801 2803 2804
2804 2803 2805
2804 2805 2806
2805 2807 2806
2805 2808 2807
2808 2809 2807
2808 2810 2809
2811 2812 2813
2812 2811 2814
2812 2814 2815
2816 2817 2818
2816 2819 2817
2820 2819 2816
2819 2821 2817
2820 2822 2819
2823 2822 2820
2819 2824 2821
2822 2824 2819
2825 2821 2824
2822 2825 2824
2825 2826 2821
2823 2827 2822
2827 2825 2822
2826 2825 2828
2827 2828 2825
2826 2828 2829
2830 2827 2823
2828 2827 2830
2830 2823 2831
2829 2828 2832
2828 2830 2832
2829 2832 2833
2834 2833 2832
2830 2834 2832
2834 2835 2833
2834 2836 2835
2837 2830 2831
2830 2837 2834
2837 2831 2838
2834 2839 2836
2837 2839 2834
2839 2840 2836
2838 2841 2837
2837 2841 2839
2839 2841 2840
2838 2842 2841
2843 2840 2841
2843 2841 2842
2844 2845 2846
2844 2846 2847
2847 2848 2844
2849 2847 2846
2847 2850 2848
2850 2851 2848
2849 2852 2847
2850 2847 2852
2852 2849 2853
2850 2854 2851
2855 2851 2854
2850 2852 2856
2852 2853 2856
2856 2854 2850
2853 2857 2856
2856 2857 2854
2853 2858 2857
2857 2858 2859
2857 2859 2860
2857 2861 2854
2855 2854 2861
2857 2860 2861
2862 2855 2861
2862 2863 2855
2861 2860 2864
2861 2864 2862
2860 2865 2864
2860 2866 2865
2863 2862 2867
2863 2867 2868
2869 2867 2862
2869 2862 2870
2870 2865 2871
2870 2871 2869
2872 2868 2867
2872 2873 2868
2874 2871 2872
2874 2872 2867
2875 2876 2877
2875 2877 2878
2879 2880 2881
2879 2881 2882
2883 2884 2885
2883 2885 2886
2887 2888 2889
2887 2889 2890
2891 2892 2893
2891 2893 2894
2895 2896 2897
2895 2897 2898
2899 2900 2901
2899 2901 2902
2903 2904 2905
2903 2905 2906
2907 2908 2909
2907 2909 2910
2911 2912 2913
2911 2913 2914
2915 2916 2917
2915 2917 2918
2919 2920 2921
2919 2921 2922
2923 2924 2925
2923 2925 2926
2927 2928 2929
2927 2929 2930
2931 2932 2933
2931 2934 2932
2932 2934 2935
2934 2931 2936
2931 2937 2936
2934 2938 2935
2939 2935 2938
2940 2934 2936
2940 2938 2934
2937 2941 2936
2940 2936 2941
2937 2942 2941
2937 2943 2942
2943 2944 2942
2945 2944 2943
2939 2938 2946
2947 2939 2946
2948 2939 2947
2949 2948 2947
2950 2948 2949
2940 2951 2938
2938 2952 2946
2951 2952 2938
2953 2947 2946
2953 2946 2952
2954 2949 2947
2954 2947 2953
2953 2952 2955
2951 2955 2952
2951 2940 2956
2940 2941 2956
2954 2953 2957
2953 2955 2957
2950 2949 2958
2959 2949 2954
2959 2958 2949
2950 2958 2960
2950 2960 2961
2954 2957 2962
2962 2959 2954
2963 2958 2959
2963 2960 2958
2962 2964 2959
2963 2959 2964
2956 2941 2965
2956 2965 2966
2966 2951 2956
2967 2965 2941
2967 2941 2942
2966 2968 2951
2955 2951 2968
2942 2969 2967
2942 2944 2969
2955 2968 2970
2970 2957 2955
2970 2971 2957
2962 2957 2971
2964 2962 2972
2962 2971 2972
2965 2967 2973
2966 2965 2974
2965 2973 2974
2975 2968 2966
2966 2974 2975
2970 2968 2976
2975 2976 2968
2977 2971 2970
2970 2976 2977
2972 2971 2978
2977 2978 2971
2977 2976 2979
2975 2979 2976
2980 2973 2967
2980 2967 2969
2981 2978 2977
2977 2979 2981
2982 2974 2973
2975 2974 2983
2982 2983 2974
2975 2984 2979
2975 2983 2984
2985 2973 2980
2985 2982 2973
2986 2981 2979
2984 2986 2979
2986 2987 2981
2984 2988 2986
2981 2989 2978
2989 2981 2987
2990 2984 2983
2990 2988 2984
2983 2982 2991
2983 2991 2990
2992 2982 2985
2992 2991 2982
686 2992 2985
2989 2993 2978
2972 2978 2993
686 2985 2994
2994 2985 2980
2993 2995 2972
2964 2972 2995
2994 2980 2996
2996 2980 2969
2997 2964 2995
2963 2964 2997
2996 2969 2998
2998 2969 2944
2999 2963 2997
2999 2960 2963
2998 2944 3000
2945 3000 2944
3001 3000 2945
2945 3002 3001
3000 3003 2998
3000 3001 3003
2998 3004 2996
2998 3003 3004
2999 3005 2960
3005 2961 2960
2996 3004 3006
2996 3006 2994
2994 3006 3007
2994 3007 686
3008 686 3007
3008 3007 3009
3001 3010 3003
3003 3011 3004
3003 3010 3011
3012 3006 3004
3012 3004 3011
3006 3013 3007
3006 3012 3013
3014 3007 3013
3014 694 3007
3001 3015 3010
3001 3002 3015
3010 3016 3011
3011 3017 3012
3011 3016 3017
3018 3013 3012
3018 3012 3017
3019 3013 3018
3019 3020 3013
3015 3021 3010
3010 3021 3016
1002 3015 3002
3015 1002 3021
1002 3002 995
3002 3022 995
982 3021 1002
3021 982 984
3021 984 3016
3016 984 978
3016 978 3017
3017 978 981
3017 981 3018
3023 3018 981
903 3023 981
3023 3024 3018
903 3025 3023
3025 3024 3023
903 3026 3025
3025 3027 3024
3027 3020 3024
3027 3028 3020
3029 3028 3027
3029 3030 3028
3027 3031 3029
3027 3025 3031
3025 3032 3031
3025 3026 3032
3026 3033 3032
3026 888 3033
3034 3026 3035
3034 3035 3036
3037 3038 3039
3037 3040 3041
3037 3042 3040
3043 3040 3042
3044 3043 3042
3037 3045 3042
3044 3042 3045
3044 3045 3046
3046 3045 3047
3045 3038 3048
3045 3048 3047
3048 3049 3047
3048 3038 3050
3051 3049 3048
3048 3050 3051
3051 3052 3049
3053 3052 3051
3053 3051 3054
3054 3051 3050
3055 3053 3054
3056 3054 3050
3055 3054 3056
3056 3050 3057
3055 3056 3058
3058 3056 3057
3059 3060 3061
3059 3061 3062
3062 3061 3063
3062 3063 3064
3065 3062 3064
3065 3064 3066
3062 3067 3059
3062 3065 3067
3065 3068 3067
3069 3065 3066
3065 3069 3068
3069 3066 3070
3071 3069 3070
3071 3070 3072
3069 3073 3068
3069 3071 3073
3072 3074 3071
3072 3075 3074
3071 3076 3073
3071 3074 3076
3077 3074 3075
3077 3075 3078
3079 3076 3074
3079 3074 3077
3080 3077 3078
3080 3078 3081
3082 3079 3077
3082 3077 3080
3083 3080 3081
3083 3081 3084
3080 3085 3082
3080 3083 3085
3084 3086 3083
3084 3087 3086
3083 3088 3085
3083 3086 3088
3089 3086 3087
3089 3087 3090
3086 3091 3088
3086 3089 3091
3092 3089 3090
3092 3090 3093
3089 3094 3091
3089 3092 3094
3092 3095 3094
3092 3096 3095
3096 3092 3097
3096 3097 3098
3085 3088 3099
3100 3088 3091
3100 3099 3088
3085 3099 3101
3101 3082 3085
3102 3100 3091
3102 3091 3103
3102 3103 3095
3102 3095 3104
3104 3105 3102
3105 3100 3102
3104 3106 3105
3105 3107 3100
3107 3099 3100
3107 3108 3099
3101 3099 3108
3101 3108 3109
3101 3110 3082
3109 3110 3101
3110 3079 3082
3109 3111 3110
3110 3112 3079
3112 3110 3111
3112 3111 3113
3076 3079 3112
3113 3114 3112
3076 3112 3114
3113 3115 3114
3116 3076 3114
3115 3116 3114
3116 3073 3076
3115 3117 3116
3116 3118 3073
3118 3068 3073
3117 3119 3116
3116 3119 3118
3117 3120 3119
3118 3121 3068
3121 3122 3068
3121 3123 3122
3124 3119 3120
3124 3120 3125
3119 3126 3118
3126 3121 3118
3119 3124 3126
3126 3127 3121
3127 3128 3121
3128 3059 3122
3129 3126 3124
3127 3126 3129
3129 3124 3130
3130 3124 3131
3130 3131 3132
3133 3130 3132
3133 3132 3134
3130 3135 3129
3130 3133 3135
3127 3129 3136
3135 3136 3129
3127 3137 3128
3137 3127 3136
3128 3138 3059
3137 3138 3128
3134 3139 3133
3134 3140 3139
3141 3135 3133
3141 3133 3139
3140 3142 3139
3140 3143 3142
3139 3142 3144
3139 3144 3141
3135 3145 3136
3141 3145 3135
3144 3146 3141
3141 3146 3145
3144 3147 3146
3137 3136 3148
3148 3136 3145
3149 3146 3147
3149 3147 3150
3151 3145 3146
3148 3145 3151
3151 3146 3149
3148 3152 3137
3137 3152 3138
3150 3153 3149
3150 3154 3153
3149 3155 3151
3149 3153 3155
3156 3148 3151
3148 3156 3152
3156 3151 3155
3154 3157 3153
3154 3158 3157
3153 3157 3159
3153 3159 3155
3155 3160 3156
3155 3161 3160
3162 3156 3160
3162 3152 3156
3152 3162 3163
3152 3163 3138
3163 3059 3138
3163 3164 3059
3165 2961 3166
2961 3167 3166
2961 3005 3167
3166 3167 3168
3167 3005 3169
2999 3169 3005
3167 3170 3168
3170 3171 3168
3172 3169 2999
2999 2997 3172
3172 3173 3169
3167 3169 3174
3167 3174 3170
3173 3174 3169
3175 3171 3170
3170 3174 3176
3173 3176 3174
3177 3175 3170
3170 3176 3177
3175 3177 3178
3178 3177 3176
3175 3178 3179
3173 3180 3176
3178 3176 3181
3176 3180 3181
3178 3181 3182
3182 3181 3183
3180 3183 3184
3185 3180 3173
3185 3173 3186
3179 3178 3187
3178 3182 3187
3179 3187 3188
3180 3189 3183
3180 3185 3189
3190 3185 3186
3190 3186 2997
2997 2995 3190
3191 3185 3190
3191 3189 3185
3192 3190 2995
3192 3191 3190
2993 3192 2995
3193 3192 2993
2989 3193 2993
3194 3191 3192
3193 3194 3192
3189 3191 3195
3194 3195 3191
3196 3183 3189
3189 3195 3196
3193 2989 3197
2989 2987 3197
3198 3194 3193
3193 3197 3198
3195 3194 3199
3198 3199 3194
3200 3197 2987
3200 3198 3197
3200 2987 3201
3200 3202 3198
3199 3198 3202
3203 3201 2987
3203 3204 3201
3205 3204 3203
3205 3203 2988
2988 3206 3205
2988 2990 3206
2990 3207 3206
2990 2991 3207
3208 3207 2991
3208 2991 3209
3210 3208 3209
3210 3209 686
3199 3202 3211
3212 3199 3211
3195 3199 3212
3212 3211 3213
3196 3195 3212
3214 3212 3213
3196 3212 3214
3214 3213 3215
3216 3196 3214
3196 3216 3183
3182 3183 3216
3217 3214 3215
3216 3214 3217
3217 3215 3218
3182 3216 3219
3219 3216 3217
3220 3217 3218
3219 3217 3220
3182 3219 3221
3187 3182 3221
3221 3222 3187
3220 3218 3223
3224 3223 3218
3219 3220 3225
3219 3226 3221
3226 3219 3225
3227 3221 3226
3221 3227 3222
3223 3228 3220
3220 3228 3225
3225 3229 3226
3227 3226 3229
3230 3225 3228
3225 3230 3229
3231 3222 3227
3222 3231 3232
3231 3227 3233
3229 3233 3227
3222 3232 3179
3229 3234 3233
3234 3229 3230
3235 3179 3232
3235 3236 3179
3236 3235 3171
3234 3230 3237
3238 3237 3230
3230 3228 3238
3238 3239 3237
3240 3239 3238
3228 3240 3238
3240 3241 3239
3242 3241 3240
3228 3243 3240
3223 3243 3228
3242 3240 3244
3244 3240 3243
3244 3243 3223
3245 3242 3244
3244 3223 3246
3224 3246 3223
3245 3244 3247
3246 3247 3244
3248 3245 3247
3249 3246 3224
3246 3249 3247
3249 3224 3250
3248 3247 3251
3251 3247 3249
3248 3251 3252
3253 3248 3252
3251 3249 3254
3255 3254 3249
3255 3256 3254
3254 3256 3257
3254 3257 3258
3254 3258 3259
3251 3254 3259
3260 3253 3252
3260 3261 3253
3251 3262 3252
3262 3251 3259
3263 3252 3262
3263 3260 3252
3264 3261 3260
3264 3265 3261
3264 3266 3265
3262 3259 3267
3262 3267 3263
3268 3264 3260
3268 3260 3263
3264 3269 3266
3268 3270 3264
3269 3271 3266
3268 3272 3270
3273 3268 3263
3273 3263 3267
3273 3272 3268
3269 3274 3271
3274 3269 3272
3274 3275 3271
3274 3276 3275
3276 3274 3277
3274 3272 3277
3276 3277 3278
3277 3272 3279
3273 3279 3272
3280 3278 3277
3277 3279 3280
3280 3281 3278
3273 3282 3279
3280 3279 3282
3281 3280 3283
3280 3282 3283
3281 3283 3284
3273 3285 3282
3285 3273 3267
3283 3282 3286
3285 3286 3282
3287 3284 3283
3283 3286 3287
3287 3288 3284
3288 3287 3289
3288 3289 3290
3291 3290 3289
3291 3292 3290
3293 3292 3291
3293 3291 3294
3295 3293 3294
3295 3294 3296
3297 3295 3296
3297 3296 3298
3299 3297 3298
3299 3298 3300
3299 3300 3301
3302 3301 3300
3302 3300 3303
3304 3302 3303
3304 3303 3305
3306 3304 3305
3306 3305 3307
3308 3306 3307
3308 3307 3309
3310 3308 3309
3310 3309 3311
3311 3312 3310
3311 3313 3312
3314 3312 3313
3314 3313 3315
3316 3315 3313
3316 3317 3315
3318 3313 3311
3318 3316 3313
3319 3311 3309
3319 3318 3311
3320 3309 3307
3320 3319 3309
3321 3320 3307
3321 3307 3322
3322 3323 3321
3322 3324 3323
3321 3323 3325
3326 3320 3321
3321 3325 3326
3327 3319 3320
3326 3327 3320
3318 3319 3328
3327 3328 3319
3316 3318 3329
3318 3328 3329
3325 3330 3326
3325 3331 3330
3326 3332 3327
3332 3328 3327
3326 3330 3332
767 3330 3331
767 3331 3333
3330 767 3334
3330 3334 3332
3334 767 765
3335 3334 765
3332 3334 3336
3335 3336 3334
3332 3337 3328
3332 3336 3337
3338 3336 3335
3338 3337 3336
3338 3335 775
3339 3328 3337
3338 3339 3337
3339 3329 3328
3340 3338 775
3340 3339 3338
3340 775 805
3340 3341 3339
3341 3340 805
3341 3329 3339
3341 805 808
3341 3342 3329
808 3342 3341
3316 3329 3342
3317 3316 3342
808 3343 3342
3317 3342 3343
810 3343 808
3344 3343 810
3344 3317 3343
3317 3344 3345
3317 3345 3346
3347 3346 3345
3347 3314 3346
3347 3345 1251
3347 1251 1261
3348 3349 3350
3348 3350 3286
3287 3286 3350
3287 3350 3351
3285 3352 3286
3353 3352 3285
3285 3267 3353
3259 3353 3267
3259 3354 3353
3353 3355 3352
3354 3355 3353
3355 3356 3352
3355 3357 3356
3354 3257 3355
3257 3357 3355
3257 3358 3357
3359 3358 3257
3360 3361 3362
3360 3363 3361
3364 3363 3360
3364 3365 3363
3366 3365 3364
3366 3367 3365
3368 3367 3366
3368 3369 3367
3370 3369 3368
3370 3371 3369
3372 3371 3370
3372 3373 3371
3374 3373 3372
3374 3375 3373
3376 3375 3374
3376 3377 3375
3378 3377 3376
3378 3379 3377
3380 3381 3382
3380 3382 3383
3384 3380 3383
3384 3383 3385
3386 3384 3385
3386 3385 3387
3388 3386 3387
3388 3387 3389
3390 3388 3389
3390 3389 3391
3392 3390 3391
3392 3391 3393
3394 3392 3393
3394 3393 3395
3396 3394 3395
3396 3395 3397
3398 3396 3397
3398 3397 3399
3400 3401 3402
3400 3402 3403
3404 3405 3406
3404 3407 3405
3408 3405 3407
3407 3404 3409
3407 3410 3408
3407 3411 3410
3411 3412 3410
3413 3412 3411
3414 3413 3411
3415 3414 3411
3415 3411 3416
3417 3415 3416
3416 3418 3417
3407 3409 3419
3411 3407 3419
3420 3419 3409
3411 3419 3421
3421 3416 3411
3420 3422 3419
3422 3421 3419
3420 3423 3422
3420 3424 3423
3425 3422 3423
3418 3416 3426
3418 3426 3427
3422 3428 3421
3425 3428 3422
3421 3429 3416
3430 3421 3428
3430 3429 3421
3416 3429 3431
3416 3431 3426
3431 3429 3430
3431 3430 3432
3433 3430 3428
3433 3428 3425
3432 3430 3433
3434 3427 3426
3434 3435 3427
3436 3427 3435
3435 3437 3436
3438 3434 3426
3438 3426 3439
3440 3435 3434
3440 3434 3438
3438 3441 3440
3442 3438 3439
3442 3439 3432
3438 3442 3441
3443 3433 3425
3432 3433 3444
3443 3444 3433
3445 3432 3444
3445 3442 3432
3443 3445 3444
3446 3443 3425
3446 3425 3447
3447 3448 3446
3447 3424 3448
3449 3441 3442
3449 3442 3445
3443 3450 3445
3451 3450 3443
3451 3448 3452
3451 3452 3453
3451 3453 3450
3454 3453 3452
3454 3455 3453
3455 3450 3453
3456 3455 3454
3457 3441 3449
3458 3441 3457
3445 3459 3449
3445 3450 3459
3457 3449 3459
3460 3459 3450
3460 3457 3459
3455 3460 3450
3458 3457 3461
3460 3461 3457
3435 3458 3461
3456 3462 3455
3463 3462 3456
3464 3460 3455
3460 3464 3461
3464 3455 3462
3465 3464 3462
3435 3461 3466
3466 3461 3464
3466 3464 3465
3437 3435 3466
3437 3466 3465
3465 3467 3437
3465 3468 3467
3465 3469 3468
3465 3462 3470
3465 3470 3469
3463 3470 3462
3470 3471 3469
3470 3472 3471
3472 3470 3473
3470 3463 3473
3463 3474 3473
3475 3476 3477
3475 3477 3478
3479 3480 3481
3479 3481 3482
3479 3482 3483
3479 3483 3484
3484 3483 3485
3484 3485 3486
3486 3485 3487
3486 3487 3488
3488 3487 3489
3488 3489 3490
3491 3492 3493
3491 3493 3494
3495 3496 3497
3495 3497 3498
3499 3500 3501
3499 3501 3502
3503 3504 3505
3503 3505 3506
3507 3508 3509
3507 3510 3508
3510 3511 3508
3510 3512 3511
3512 3513 3511
3512 3514 3513
3514 3515 3516
3514 3516 3517
3518 3519 3520
3518 3520 3521
3522 3523 3524
3522 3524 3525
3525 3526 3522
3525 3524 3527
3525 3527 3528
3524 3529 3530
3524 3531 3529
3531 3524 3532
3531 3532 3533
3534 3535 3536
3534 3536 3537
3534 3538 3539
3534 3540 3538
3540 3534 3541
3540 3541 3542
3540 3543 3538
3540 3544 3543
3545 3544 3540
3545 3546 3544
3547 3543 3544
3547 3548 3543
3547 3549 3548
3549 3550 3548
3549 3551 3550
3551 3552 3550
3551 3553 3552
3553 3554 3552
3553 3555 3554
3554 3555 3556
3554 3556 3557
3556 3558 3557
3557 3558 3559
3557 3560 3561
3560 3562 3561
3563 3564 3565
3563 3566 3564
3567 3568 3566
3567 3566 3569
3570 3571 3572
3573 3570 3572
3573 3574 3570
3575 3576 3573
3575 3573 3577
3578 3579 3580
3578 3580 3581
3582 3583 3584
3585 3582 3584
3586 3585 3584
3587 3586 3584
3588 3587 3584
3589 3588 3584
3590 3589 3584
3591 3590 3584
3592 3591 3584
3593 3592 3584
3594 3593 3584
3595 3594 3584
3596 3595 3584
3597 3596 3584
3598 3597 3584
3599 3598 3584
3600 3599 3584
3601 3600 3584
3602 3601 3584
3603 3602 3584
3604 3603 3584
3605 3604 3584
3606 3605 3584
3607 3606 3584
3608 3607 3584
3609 3610 3611
3609 3611 3612
3613 3614 3615
3616 3613 3615
3613 3617 3618
3617 3619 3618
3617 3620 3619
3619 3620 3621
3621 3622 3619
3623 3624 3625
3623 3625 3626
3627 3628 3629
3630 3629 3628
3630 3628 3631
3632 3630 3631
3633 3632 3631
3633 3631 3634
3634 3635 3633
3634 3636 3635
3636 3637 3635
3636 3638 3637
3638 3639 3637
3638 3640 3639
3640 3641 3639
3642 3643 3644
3643 3645 3644
3645 3646 3644
3646 3647 3644
3647 3648 3644
3649 3650 3651
3649 3652 3650
3649 3653 3652
3652 3653 3654
3652 3654 3655
3656 3655 3654
3656 3657 3655
3658 3657 3656
3658 3659 3657
3658 3660 3659
3658 3661 3660
3661 3662 3660
3661 3663 3662
3662 3663 3664
3662 3664 3665
3665 3664 3666
3665 3666 3667
3668 3667 3666
3668 3669 3667
3670 3669 3668
3670 3671 3669
3671 3670 3672
3671 3672 3673
3674 3673 3672
3674 3672 3675
3674 3675 3676
3677 3678 3679
3680 3679 3678
3680 3681 3679
3682 3683 3684
3682 3685 3683
3685 3686 3683
3685 3687 3686
3686 3687 3688
3686 3688 3689
3689 3688 3690
3689 3690 3691
3692 3693 3694
3694 3695 3692
3694 3696 3695
3697 3698 3699
3697 3699 3700
3700 3701 3697
3700 3702 3701
3703 3704 3705
3703 3705 3706
3707 3708 3709
3707 3710 3708
3707 3711 3710
3707 3712 3711
3713 3714 3715
3713 3715 3716
3717 3718 3719
3720 3718 3717
3720 3721 3718
3722 3723 3724
3722 3724 3725
3726 3727 3728
3726 3729 3727
3729 3726 3730
3729 3730 3731
3732 3733 3734
3732 3734 3735
3736 3737 3738
3736 3738 3739
3740 3736 3739
3740 3741 3736
3742 3743 3744
3742 3744 3745
3746 3747 3748
3749 3746 3748
3749 3748 3750
3751 3752 3753
3751 3753 3754
3755 3756 3757
3755 3757 3758
3759 3760 3761
3759 3761 3762
3763 3764 3765
3766 3763 3765
3764 3767 3765
3768 3766 3765
3767 3769 3765
3770 3768 3765
3769 3771 3765
3772 3770 3765
3771 3773 3765
3774 3772 3765
3773 3775 3765
3776 3774 3765
3775 3777 3765
3778 3776 3765
3777 3779 3765
3780 3778 3765
3779 3781 3765
3782 3780 3765
3781 3783 3765
3783 3782 3765
