byte offset: 0
first index: 88020
index count: 4188
topology: trianglelist
format: DXGI_FORMAT_R16_UINT

28853 28854 28855
28853 28856 28854
28857 28856 28853
28856 28858 28854
28857 28859 28856
28860 28859 28857
28856 28861 28858
28859 28861 28856
28861 28862 28858
28860 28863 28859
28864 28863 28860
28859 28865 28861
28863 28865 28859
28861 28866 28862
28865 28866 28861
28867 28862 28866
28867 28866 28868
28868 28866 28869
28865 28869 28866
28868 28869 28870
28864 28871 28863
28872 28871 28864
28863 28873 28865
28873 28869 28865
28871 28873 28863
28870 28869 28874
28873 28874 28869
28870 28874 28875
28872 28876 28871
28877 28876 28872
28871 28878 28873
28878 28874 28873
28876 28878 28871
28875 28874 28879
28878 28879 28874
28875 28879 28880
28876 28881 28878
28881 28879 28878
28880 28879 28882
28881 28882 28879
28880 28882 28883
28877 28884 28876
28884 28881 28876
28883 28882 28885
28883 28885 28886
28886 28885 28887
28886 28887 28888
28887 28889 28888
28890 28882 28881
28890 28885 28882
28884 28890 28881
28887 28885 28890
28891 28884 28877
28891 28877 28892
28893 28891 28892
28894 28890 28884
28894 28884 28891
28887 28890 28894
28893 28895 28891
28895 28894 28891
28896 28895 28893
28897 28887 28894
28895 28897 28894
28887 28898 28889
28897 28898 28887
28896 28899 28895
28899 28897 28895
28889 28898 28900
28889 28900 28901
28901 28900 28902
28901 28902 28903
28902 28904 28903
28905 28898 28897
28905 28900 28898
28899 28905 28897
28902 28900 28905
28906 28899 28896
28906 28896 28907
28908 28906 28907
28909 28905 28899
28909 28899 28906
28902 28905 28909
28908 28910 28906
28910 28909 28906
28911 28910 28908
28912 28902 28909
28910 28912 28909
28911 28913 28910
28913 28912 28910
28914 28913 28911
28912 28915 28902
28902 28915 28904
28913 28916 28912
28916 28915 28912
28904 28915 28917
28916 28917 28915
28904 28917 28918
28914 28919 28913
28919 28916 28913
28920 28917 28916
28919 28920 28916
28918 28917 28921
28920 28921 28917
28918 28921 28922
28922 28921 28923
28922 28923 28924
28925 28921 28920
28925 28923 28921
28924 28923 28926
28924 28926 28927
28926 28928 28927
28929 28919 28914
28930 28929 28914
28919 28931 28920
28920 28931 28925
28932 28923 28925
28926 28923 28932
28932 28925 28933
28931 28933 28925
28934 28931 28919
28929 28934 28919
28935 28929 28930
28935 28930 28936
28926 28932 28937
28933 28937 28932
28934 28938 28931
28931 28938 28933
28939 28934 28929
28935 28939 28929
28935 28940 28939
28941 28935 28936
28935 28941 28940
28941 28936 28942
28943 28934 28939
28934 28943 28938
28940 28943 28939
28944 28941 28942
28940 28941 28944
28944 28942 28945
28933 28938 28946
28943 28946 28938
28940 28947 28943
28943 28947 28946
28948 28947 28940
28946 28947 28948
28948 28940 28949
28940 28944 28949
28950 28949 28944
28950 28944 28951
28952 28950 28951
28952 28953 28950
28946 28948 28954
28933 28946 28955
28955 28946 28954
28933 28955 28937
28955 28954 28956
28937 28955 28956
28956 28954 28957
28957 28954 28958
28937 28956 28959
28956 28957 28959
28960 28937 28959
28926 28937 28960
28926 28960 28928
28928 28960 28961
28960 28959 28961
28928 28961 28962
28962 28961 28963
28959 28963 28961
28962 28963 28964
28963 28965 28964
28957 28966 28959
28959 28966 28963
28963 28967 28965
28966 28967 28963
28967 28968 28965
28957 28969 28966
28966 28969 28967
28957 28970 28969
28969 28971 28967
28967 28971 28968
28970 28972 28969
28969 28972 28971
28970 28973 28972
28974 28972 28973
28971 28972 28974
28974 28973 28975
28975 28976 28974
28975 28977 28976
28974 28976 28978
28971 28974 28979
28974 28978 28979
28971 28979 28980
28978 28980 28979
28971 28980 28968
28981 28980 28978
28981 28978 28982
28980 28983 28968
28968 28983 28984
28968 28984 28985
28986 28968 28985
28986 28985 28987
28988 28986 28987
28988 28987 28989
28990 28988 28989
28990 28991 28988
28992 28991 28990
28992 28993 28991
28994 28993 28992
28994 28995 28993
28995 28994 28996
28995 28996 28997
28997 28996 28998
28997 28998 28999
28999 28998 29000
28999 29000 29001
29001 29000 29002
29001 29002 29003
29003 29002 29004
29003 29004 29005
29004 29006 29005
29004 29007 29006
29006 29007 29008
29006 29008 29009
29009 29008 29010
29009 29010 29011
29010 29012 29011
29010 29013 29012
29012 29013 29014
29012 29014 29015
29015 29014 29016
29015 29016 29017
29017 29016 29018
29017 29018 29019
29019 29018 29020
29019 29020 29021
29021 29020 29022
29021 29022 29023
29023 29022 29024
29023 29024 29025
29026 29027 29028
29026 29029 29027
29030 29029 29026
29030 29026 29031
29030 29031 29032
29030 29032 29033
29033 29032 29034
29033 29034 29035
29035 29034 29036
29035 29036 29037
29036 29038 29037
29036 29039 29038
29038 29039 29040
29038 29040 29041
29041 29040 29042
29041 29042 29043
29042 29044 29043
29042 29045 29044
29044 29045 29046
29044 29046 29047
29047 29046 29048
29047 29048 29049
29049 29048 29050
29049 29050 29051
29051 29050 29052
29051 29052 29053
29052 29054 29053
29052 29055 29054
29054 29055 29056
29054 29056 29057
29058 29059 29060
29058 29061 29059
29062 29061 29058
29062 29063 29061
29064 29065 29066
29064 29066 29067
29067 29066 29068
29067 29068 29069
29069 29068 29070
29069 29070 29071
29071 29070 29072
29071 29072 29073
29073 29072 29074
29073 29074 29075
29075 29074 29076
29075 29076 29077
29077 29076 29078
29077 29078 29079
29078 29080 29079
29078 29081 29080
29080 29081 29082
29080 29082 29083
29083 29082 29084
29083 29084 29085
29084 29086 29085
29084 29087 29086
29086 29087 29088
29086 29088 29089
29089 29088 29090
29089 29090 29091
29091 29090 29092
29091 29092 29093
29093 29092 29094
29093 29094 29095
29094 29096 29095
29094 29097 29096
29096 29097 29098
29096 29098 29099
29099 29098 29100
29099 29100 29101
29100 29102 29101
29103 29104 29105
29103 29105 29106
29107 29108 29109
29107 29109 29110
29110 29109 29111
29110 29111 29112
29112 29111 29113
29112 29113 29114
29114 29113 29115
29114 29115 29116
29116 29115 29117
29116 29117 29118
29118 29117 29119
29118 29119 29120
29120 29119 29121
29120 29121 29122
29121 29123 29122
29121 29124 29123
29123 29124 29125
29123 29125 29126
29126 29125 29127
29126 29127 29128
29127 29129 29128
29127 29130 29129
29129 29130 29131
29129 29131 29132
29132 29131 29133
29132 29133 29134
29134 29133 29135
29134 29135 29136
29136 29135 29137
29136 29137 29138
29137 29139 29138
29137 29140 29139
29139 29140 29141
29139 29141 29142
29142 29141 29143
29142 29143 29144
29145 29146 29147
29145 29148 29146
29149 29148 29145
29149 29150 29148
29151 29150 29149
29151 29152 29150
29153 29152 29151
29153 29154 29152
29155 29154 29153
29155 29156 29154
29157 29156 29155
29157 29158 29156
29159 29158 29157
29159 29157 29160
29161 29159 29160
29161 29162 29159
29163 29162 29161
29163 29161 29164
29165 29163 29164
29165 29164 29166
29167 29165 29166
29167 29168 29165
29169 29168 29167
29169 29170 29168
29171 29170 29169
29171 29172 29170
29173 29172 29171
29173 29171 29174
29175 29173 29174
29175 29174 29176
29177 29175 29176
29177 29178 29175
29179 29178 29177
29179 29180 29178
29181 29180 29179
29181 29182 29180
29183 29184 29185
29183 29186 29184
29187 29186 29183
29186 29188 29184
29187 29189 29186
29190 29189 29187
29186 29191 29188
29189 29191 29186
29191 29192 29188
29190 29193 29189
29194 29193 29190
29189 29195 29191
29193 29195 29189
29191 29196 29192
29195 29196 29191
29197 29192 29196
29197 29196 29198
29198 29196 29199
29195 29199 29196
29198 29199 29200
29194 29201 29193
29202 29201 29194
29193 29203 29195
29203 29199 29195
29201 29203 29193
29200 29199 29204
29203 29204 29199
29200 29204 29205
29202 29206 29201
29207 29206 29202
29201 29208 29203
29208 29204 29203
29206 29208 29201
29205 29204 29209
29208 29209 29204
29205 29209 29210
29206 29211 29208
29211 29209 29208
29210 29209 29212
29211 29212 29209
29210 29212 29213
29207 29214 29206
29214 29211 29206
29215 29212 29211
29214 29215 29211
29213 29212 29216
29215 29216 29212
29217 29216 29215
29213 29216 29218
29218 29216 29217
29218 29217 29219
29217 29220 29219
29221 29214 29207
29221 29207 29222
29223 29221 29222
29224 29215 29214
29224 29214 29221
29217 29215 29224
29223 29225 29221
29225 29224 29221
29226 29225 29223
29227 29217 29224
29225 29227 29224
29217 29228 29220
29227 29228 29217
29220 29228 29229
29229 29228 29227
29220 29229 29230
29230 29229 29231
29230 29231 29232
29231 29233 29232
29226 29234 29225
29234 29227 29225
29229 29227 29235
29231 29229 29235
29234 29235 29227
29236 29234 29226
29236 29226 29237
29238 29236 29237
29239 29235 29234
29239 29234 29236
29231 29235 29239
29238 29240 29236
29240 29239 29236
29241 29240 29238
29242 29231 29239
29240 29242 29239
29241 29243 29240
29243 29242 29240
29244 29243 29241
29244 29245 29243
29246 29245 29244
29242 29247 29231
29231 29247 29233
29243 29248 29242
29245 29248 29243
29233 29247 29249
29233 29249 29250
29251 29247 29242
29248 29251 29242
29251 29249 29247
29252 29251 29248
29245 29252 29248
29250 29249 29253
29250 29253 29254
29255 29249 29251
29252 29255 29251
29254 29253 29256
29254 29256 29257
29256 29258 29257
29258 29259 29257
29258 29260 29259
29258 29261 29260
29253 29249 29262
29255 29262 29249
29256 29253 29263
29253 29262 29263
29263 29258 29256
29264 29262 29255
29264 29263 29262
29265 29255 29252
29265 29264 29255
29266 29263 29264
29266 29264 29265
29267 29258 29263
29263 29266 29267
29268 29258 29267
29268 29261 29258
29266 29268 29267
29269 29265 29252
29270 29265 29269
29269 29252 29245
29271 29269 29245
29270 29269 29271
29246 29271 29245
29266 29265 29272
29272 29265 29270
29273 29271 29246
29273 29246 29274
29275 29273 29274
29272 29276 29266
29266 29276 29268
29277 29271 29273
29270 29271 29277
29275 29278 29273
29278 29277 29273
29278 29275 29279
29272 29280 29276
29270 29280 29272
29281 29270 29277
29278 29281 29277
29279 29282 29278
29282 29279 29283
29282 29283 29284
29281 29285 29270
29270 29285 29280
29278 29286 29281
29278 29282 29286
29286 29285 29281
29284 29287 29282
29287 29286 29282
29280 29285 29288
29286 29288 29285
29276 29280 29289
29280 29288 29289
29290 29288 29286
29290 29286 29287
29289 29288 29290
29291 29287 29284
29290 29287 29291
29291 29284 29292
29293 29291 29292
29290 29291 29294
29289 29290 29295
29276 29289 29296
29296 29289 29295
29268 29276 29296
29294 29291 29297
29293 29297 29291
29294 29297 29298
29297 29293 29299
29297 29299 29300
29293 29301 29299
29301 29302 29299
29301 29303 29302
29303 29304 29302
29303 29305 29304
29296 29295 29306
29306 29295 29307
29308 29296 29306
29308 29306 29309
29309 29306 29310
29309 29310 29311
29312 29296 29308
29313 29312 29308
29268 29296 29312
29313 29314 29312
29312 29261 29268
29312 29314 29261
29315 29316 29317
29315 29318 29316
29319 29318 29315
29319 29315 29320
29321 29319 29320
29321 29322 29319
29323 29322 29321
29323 29324 29322
29325 29324 29323
29325 29323 29326
29327 29325 29326
29327 29328 29325
29329 29328 29327
29329 29330 29328
29331 29330 29329
29331 29329 29332
29333 29331 29332
29333 29334 29331
29335 29334 29333
29335 29336 29334
29337 29336 29335
29337 29338 29336
29339 29338 29337
29339 29340 29338
29341 29340 29339
29341 29339 29342
29343 29341 29342
29343 29344 29341
29345 29346 29347
29345 29347 29348
29349 29350 29351
29349 29351 29352
29353 29354 29355
29353 29355 29356
29357 29358 29359
29357 29359 29360
29361 29362 29363
29361 29363 29364
29365 29366 29367
29365 29367 29368
29369 29370 29371
29369 29372 29370
29373 29372 29369
29373 29374 29372
29375 29376 29377
29375 29378 29376
29379 29378 29375
29379 29380 29378
29381 29382 29383
29381 29383 29384
29385 29386 29387
29385 29387 29388
29387 29389 29388
29387 29390 29389
29389 29390 29391
29389 29391 29392
29392 29391 29393
29392 29393 29394
29395 29396 29397
29395 29398 29396
29399 29398 29395
29399 29400 29398
29401 29402 29403
29401 29404 29402
29405 29404 29401
29405 29406 29404
29407 29408 29409
29407 29409 29410
29411 29412 29413
29411 29413 29414
29415 29416 29417
29415 29418 29416
29419 29418 29415
29419 29420 29418
29421 29422 29423
29421 29423 29424
29425 29426 29427
29425 29427 29428
29429 29430 29431
29429 29431 29432
29433 29434 29435
29433 29435 29436
29437 29438 29439
29437 29439 29440
29441 29442 29443
29441 29444 29442
29445 29444 29441
29445 29446 29444
29447 29448 29449
29447 29449 29450
29451 29452 29453
29451 29453 29454
29455 29456 29457
29455 29457 29458
29459 29460 29461
29459 29461 29462
29463 29464 29465
29463 29465 29466
29467 29463 29466
29467 29468 29463
29469 29470 29471
29469 29471 29472
29473 29474 29475
29473 29475 29476
29475 29477 29476
29475 29478 29477
29477 29478 29479
29477 29479 29480
29480 29479 29481
29480 29481 29482
29481 29483 29482
29481 29484 29483
29485 29486 29487
29485 29487 29488
29489 29490 29491
29489 29491 29492
29493 29489 29492
29492 29491 29494
29493 29492 29495
29496 29493 29495
29492 29494 29497
29495 29492 29497
29497 29494 29498
29496 29495 29499
29500 29496 29499
29495 29497 29501
29499 29495 29501
29497 29498 29502
29501 29497 29502
29503 29502 29498
29503 29504 29502
29504 29505 29502
29501 29502 29505
29504 29506 29505
29500 29499 29507
29508 29500 29507
29499 29501 29509
29509 29501 29505
29507 29499 29509
29506 29510 29505
29509 29505 29510
29506 29511 29510
29508 29507 29512
29513 29508 29512
29507 29509 29514
29514 29509 29510
29512 29507 29514
29511 29515 29510
29514 29510 29515
29511 29516 29515
29513 29512 29517
29518 29513 29517
29512 29514 29519
29519 29514 29515
29517 29512 29519
29516 29520 29515
29519 29515 29520
29516 29521 29520
29518 29517 29522
29523 29518 29522
29517 29519 29524
29524 29519 29520
29522 29517 29524
29521 29525 29520
29524 29520 29525
29521 29526 29525
29523 29522 29527
29528 29523 29527
29522 29524 29529
29529 29524 29525
29527 29522 29529
29526 29530 29525
29529 29525 29530
29526 29531 29530
29528 29527 29532
29533 29528 29532
29527 29529 29534
29534 29529 29530
29532 29527 29534
29531 29535 29530
29534 29530 29535
29531 29536 29535
29533 29532 29537
29538 29533 29537
29532 29534 29539
29539 29534 29535
29537 29532 29539
29536 29540 29535
29539 29535 29540
29536 29541 29540
29538 29537 29542
29543 29538 29542
29537 29539 29544
29544 29539 29540
29542 29537 29544
29541 29545 29540
29544 29540 29545
29541 29546 29545
29543 29542 29547
29548 29543 29547
29542 29544 29549
29549 29544 29545
29547 29542 29549
29546 29550 29545
29549 29545 29550
29546 29551 29550
29547 29549 29552
29552 29549 29550
29551 29553 29550
29552 29550 29553
29551 29554 29553
29548 29547 29555
29555 29547 29552
29554 29556 29553
29554 29557 29556
29558 29552 29553
29555 29552 29558
29558 29553 29556
29557 29559 29556
29557 29560 29559
29561 29558 29556
29561 29556 29559
29560 29562 29559
29560 29563 29562
29562 29563 29564
29565 29548 29555
29566 29548 29565
29555 29558 29567
29558 29561 29567
29568 29561 29559
29562 29568 29559
29568 29569 29561
29567 29561 29569
29570 29555 29567
29565 29555 29570
29571 29566 29565
29571 29572 29566
29562 29573 29568
29569 29568 29573
29562 29564 29574
29562 29574 29573
29564 29575 29574
29564 29576 29575
29574 29575 29577
29574 29577 29573
29576 29578 29575
29577 29575 29578
29576 29579 29578
29578 29579 29580
29578 29580 29581
29581 29580 29582
29577 29578 29583
29583 29578 29581
29573 29577 29584
29585 29577 29583
29584 29577 29585
29583 29581 29586
29585 29583 29586
29573 29584 29587
29569 29573 29587
29584 29585 29588
29587 29584 29588
29585 29589 29588
29585 29586 29590
29587 29588 29591
29569 29587 29591
29591 29588 29592
29586 29581 29593
29581 29582 29593
29590 29586 29594
29586 29593 29594
29590 29594 29595
29596 29595 29594
29593 29596 29594
29596 29597 29595
29597 29596 29598
29597 29598 29599
29596 29600 29598
29593 29601 29596
29596 29601 29600
29593 29602 29601
29600 29601 29602
29593 29582 29602
29603 29600 29602
29603 29604 29600
29602 29582 29605
29582 29606 29605
29582 29607 29606
29608 29607 29582
29608 29609 29607
29610 29609 29608
29610 29611 29609
29612 29611 29610
29612 29610 29613
29614 29612 29613
29614 29613 29615
29616 29614 29615
29616 29615 29617
29617 29618 29616
29617 29619 29618
29619 29620 29618
29619 29621 29620
29621 29622 29620
29621 29623 29622
29623 29624 29622
29623 29625 29624
29625 29626 29624
29625 29627 29626
29627 29628 29626
29627 29629 29628
29629 29630 29628
29629 29631 29630
29631 29632 29630
29631 29633 29632
29633 29634 29632
29633 29635 29634
29635 29636 29634
29635 29637 29636
29637 29638 29636
29637 29639 29638
29639 29640 29638
29639 29641 29640
29641 29642 29640
29641 29643 29642
29643 29644 29642
29643 29645 29644
29645 29646 29644
29645 29647 29646
29648 29649 29650
29648 29651 29649
29649 29651 29652
29649 29652 29653
29654 29653 29652
29592 29653 29654
29592 29654 29655
29591 29592 29655
29656 29591 29655
29654 29656 29655
29656 29657 29591
29569 29591 29657
29567 29569 29657
29570 29567 29657
29570 29657 29656
29656 29658 29570
29654 29658 29656
29658 29565 29570
29571 29565 29658
29571 29658 29654
29571 29654 29659
29654 29652 29659
29659 29572 29571
29659 29660 29572
29652 29660 29659
29652 29661 29660
29662 29663 29664
29662 29664 29665
29666 29662 29665
29666 29667 29662
29666 29668 29667
29666 29669 29668
29669 29670 29668
29669 29671 29670
29671 29672 29670
29671 29673 29672
29673 29674 29672
29673 29675 29674
29675 29676 29674
29675 29677 29676
29677 29678 29676
29677 29679 29678
29679 29680 29678
29679 29681 29680
29681 29682 29680
29681 29683 29682
29683 29684 29682
29683 29685 29684
29685 29686 29684
29685 29687 29686
29687 29688 29686
29687 29689 29688
29688 29689 29690
29688 29690 29691
29690 29692 29691
29690 29693 29692
29694 29695 29696
29694 29696 29697
29698 29694 29697
29698 29697 29699
29700 29701 29702
29700 29703 29701
29703 29704 29701
29703 29705 29704
29705 29706 29704
29705 29707 29706
29707 29708 29706
29707 29709 29708
29709 29710 29708
29709 29711 29710
29711 29712 29710
29711 29713 29712
29713 29714 29712
29713 29715 29714
29715 29716 29714
29715 29717 29716
29717 29718 29716
29717 29719 29718
29719 29720 29718
29719 29721 29720
29721 29722 29720
29721 29723 29722
29723 29724 29722
29723 29725 29724
29725 29726 29724
29725 29727 29726
29727 29728 29726
29727 29729 29728
29729 29730 29728
29729 29731 29730
29730 29731 29732
29730 29732 29733
29732 29734 29733
29732 29735 29734
29735 29736 29734
29735 29737 29736
29736 29737 29738
29739 29740 29741
29739 29741 29742
29743 29744 29745
29743 29746 29744
29746 29747 29744
29746 29748 29747
29748 29749 29747
29748 29750 29749
29750 29751 29749
29750 29752 29751
29752 29753 29751
29752 29754 29753
29754 29755 29753
29754 29756 29755
29756 29757 29755
29756 29758 29757
29758 29759 29757
29758 29760 29759
29760 29761 29759
29760 29762 29761
29762 29763 29761
29762 29764 29763
29764 29765 29763
29764 29766 29765
29766 29767 29765
29766 29768 29767
29768 29769 29767
29768 29770 29769
29770 29771 29769
29770 29772 29771
29772 29773 29771
29772 29774 29773
29773 29774 29775
29773 29775 29776
29775 29777 29776
29775 29778 29777
29778 29779 29777
29778 29780 29779
29781 29782 29783
29781 29783 29784
29785 29781 29784
29785 29784 29786
29787 29785 29786
29787 29786 29788
29789 29787 29788
29789 29788 29790
29791 29789 29790
29791 29790 29792
29793 29791 29792
29793 29792 29794
29795 29793 29794
29795 29794 29796
29797 29795 29796
29797 29796 29798
29799 29797 29798
29799 29800 29797
29801 29800 29799
29801 29799 29802
29803 29801 29802
29803 29802 29804
29805 29803 29804
29805 29804 29806
29807 29805 29806
29807 29806 29808
29809 29807 29808
29809 29810 29807
29811 29810 29809
29811 29812 29810
29813 29812 29811
29813 29811 29814
29815 29813 29814
29815 29814 29816
29817 29815 29816
29817 29816 29818
29819 29820 29821
29819 29821 29822
29823 29819 29822
29822 29821 29824
29823 29822 29825
29826 29823 29825
29822 29824 29827
29825 29822 29827
29827 29824 29828
29826 29825 29829
29830 29826 29829
29825 29827 29831
29829 29825 29831
29827 29828 29832
29831 29827 29832
29833 29832 29828
29833 29834 29832
29834 29835 29832
29831 29832 29835
29834 29836 29835
29830 29829 29837
29838 29830 29837
29829 29831 29839
29839 29831 29835
29837 29829 29839
29836 29840 29835
29839 29835 29840
29836 29841 29840
29838 29837 29842
29843 29838 29842
29837 29839 29844
29844 29839 29840
29842 29837 29844
29841 29845 29840
29844 29840 29845
29841 29846 29845
29843 29842 29847
29848 29843 29847
29842 29844 29849
29849 29844 29845
29847 29842 29849
29846 29850 29845
29849 29845 29850
29846 29851 29850
29848 29847 29852
29853 29848 29852
29847 29849 29854
29854 29849 29850
29852 29847 29854
29851 29855 29850
29854 29850 29855
29851 29856 29855
29853 29852 29857
29858 29853 29857
29852 29854 29859
29859 29854 29855
29857 29852 29859
29856 29860 29855
29859 29855 29860
29856 29861 29860
29858 29857 29862
29863 29858 29862
29857 29859 29864
29864 29859 29860
29862 29857 29864
29861 29865 29860
29864 29860 29865
29861 29866 29865
29866 29867 29865
29867 29864 29865
29866 29868 29867
29863 29862 29869
29870 29863 29869
29862 29864 29871
29867 29871 29864
29869 29862 29871
29868 29872 29867
29868 29873 29872
29874 29871 29867
29869 29871 29874
29874 29867 29872
29870 29869 29875
29875 29869 29874
29876 29870 29875
29873 29877 29872
29873 29878 29877
29879 29874 29872
29875 29874 29879
29879 29872 29877
29876 29875 29880
29880 29875 29879
29881 29876 29880
29878 29882 29877
29878 29883 29882
29884 29879 29877
29884 29877 29882
29881 29880 29885
29886 29881 29885
29880 29879 29887
29887 29879 29884
29885 29880 29887
29888 29887 29884
29885 29887 29888
29883 29889 29882
29883 29890 29889
29891 29884 29882
29888 29884 29891
29890 29892 29889
29890 29893 29892
29892 29893 29894
29894 29893 29895
29894 29895 29896
29894 29896 29897
29889 29898 29882
29891 29882 29898
29892 29899 29889
29889 29899 29898
29899 29892 29894
29900 29891 29898
29900 29898 29899
29901 29888 29891
29901 29891 29900
29902 29900 29899
29902 29901 29900
29903 29899 29894
29899 29903 29902
29904 29903 29894
29904 29894 29897
29902 29903 29904
29905 29888 29901
29906 29905 29901
29905 29885 29888
29907 29885 29905
29906 29907 29905
29886 29885 29907
29902 29908 29901
29908 29906 29901
29909 29886 29907
29909 29910 29886
29911 29910 29909
29908 29902 29912
29902 29904 29912
29913 29904 29897
29913 29897 29914
29915 29913 29914
29915 29916 29913
29904 29913 29917
29913 29916 29917
29904 29917 29912
29918 29909 29907
29906 29918 29907
29911 29909 29919
29919 29909 29918
29919 29920 29911
29916 29921 29917
29916 29922 29921
29922 29923 29921
29922 29924 29923
29917 29921 29925
29921 29926 29925
29917 29925 29927
29912 29917 29927
29927 29925 29928
29912 29927 29929
29908 29912 29929
29906 29908 29929
29929 29927 29930
29927 29928 29930
29906 29929 29931
29929 29930 29931
29932 29906 29931
29932 29918 29906
29919 29918 29932
29933 29931 29930
29933 29932 29931
29919 29932 29933
29928 29933 29930
29919 29933 29934
29920 29919 29934
29934 29935 29920
29934 29936 29935
29937 29934 29933
29928 29937 29933
29936 29934 29937
29928 29938 29937
29938 29936 29937
29938 29939 29936
29928 29940 29938
29941 29939 29938
29940 29942 29938
29941 29938 29942
29940 29943 29942
29942 29944 29941
29942 29945 29944
29941 29944 29946
29946 29944 29947
29946 29947 29948
29948 29947 29949
29948 29949 29950
29951 29952 29953
29951 29953 29954
29955 29951 29954
29955 29956 29951
29957 29956 29955
29957 29955 29958
29959 29957 29958
29959 29958 29960
29961 29959 29960
29961 29960 29962
29963 29961 29962
29963 29962 29964
29965 29963 29964
29965 29964 29966
29967 29965 29966
29967 29966 29968
29969 29967 29968
29969 29968 29970
29971 29969 29970
29971 29970 29972
29973 29971 29972
29973 29972 29974
29975 29973 29974
29975 29974 29976
29977 29975 29976
29977 29978 29975
29979 29978 29977
29979 29977 29980
29981 29982 29983
29981 29983 29984
29985 29986 29987
29985 29987 29988
29989 29990 29991
29989 29991 29992
29993 29994 29995
29993 29995 29996
29997 29998 29999
29997 29999 30000
30001 30002 30003
30001 30003 30004
30005 30006 30007
30005 30007 30008
30009 30005 30008
30009 30008 30010
30011 30012 30013
30011 30013 30014
30015 30011 30014
30015 30014 30016
30017 30018 30019
30017 30019 30020
30021 30022 30023
30021 30024 30022
30022 30024 30025
30022 30025 30026
30025 30027 30026
30025 30028 30027
30028 30029 30027
30028 30030 30029
30031 30032 30033
30031 30033 30034
30035 30031 30034
30035 30034 30036
30037 30038 30039
30037 30039 30040
30041 30037 30040
30041 30040 30042
30043 30044 30045
30043 30045 30046
30047 30048 30049
30047 30049 30050
30051 30052 30053
30051 30053 30054
30055 30051 30054
30055 30054 30056
30057 30058 30059
30057 30059 30060
30061 30062 30063
30061 30063 30064
30065 30066 30067
30065 30067 30068
30069 30070 30071
30069 30071 30072
30073 30074 30075
30073 30075 30076
30077 30078 30079
30077 30079 30080
30081 30077 30080
30081 30080 30082
30083 30084 30085
30083 30085 30086
30087 30088 30089
30087 30089 30090
30091 30092 30093
30091 30093 30094
30095 30096 30097
30095 30097 30098
30099 30100 30101
30099 30102 30100
30103 30102 30099
30103 30099 30104
30105 30106 30107
30105 30107 30108
30109 30110 30111
30109 30112 30110
30110 30112 30113
30110 30113 30114
30113 30115 30114
30113 30116 30115
30116 30117 30115
30116 30118 30117
30117 30118 30119
30117 30119 30120
30121 30122 30123
30121 30123 30124
