byte offset: 0
first index: 0
index count: 12495
topology: trianglelist
format: DXGI_FORMAT_R16_UINT

0 1 2
3 4 1
4 3 5
3 6 5
7 5 6
3 8 6
9 5 7
10 6 8
9 7 11
11 7 12
10 13 6
13 7 6
10 14 13
13 15 7
15 16 7
16 17 7
17 16 18
11 17 19
20 19 17
17 18 20
21 19 20
22 21 20
18 22 20
23 21 22
15 24 16
24 18 16
25 15 13
25 24 15
26 23 22
27 23 26
28 22 18
28 26 22
29 27 26
30 27 29
31 26 28
26 31 29
18 32 28
32 31 28
33 18 24
18 33 32
33 34 32
29 35 30
30 35 36
35 37 36
33 24 38
38 24 25
32 39 31
39 32 34
40 29 31
35 29 40
33 41 34
33 38 41
31 39 42
31 42 40
43 37 35
44 35 40
43 35 44
45 37 43
44 45 43
45 46 37
40 42 47
40 47 44
39 48 42
42 48 47
46 45 49
46 49 50
49 51 50
45 44 52
45 52 49
49 53 51
52 53 49
54 51 53
44 47 55
44 55 52
56 53 52
56 52 55
54 53 57
57 53 56
58 54 57
58 59 54
57 60 58
56 60 57
58 61 59
58 60 61
59 61 62
61 63 62
64 63 61
65 63 64
64 66 65
67 61 60
67 64 61
68 66 64
64 67 68
66 68 69
60 56 70
67 60 70
69 68 71
69 71 72
68 67 73
68 73 71
70 56 74
56 55 74
70 75 67
75 73 67
70 74 76
70 76 75
72 71 77
71 73 78
71 78 77
79 72 77
79 80 72
80 79 81
75 82 73
73 83 78
73 82 83
77 78 84
83 84 78
79 77 85
85 77 84
81 79 86
79 85 86
87 82 75
75 76 87
87 88 82
88 83 82
89 84 83
84 89 85
87 76 90
88 87 90
88 91 83
91 89 83
81 86 92
81 92 93
90 76 94
74 94 76
88 90 95
95 91 88
93 92 96
93 96 97
96 98 97
97 98 99
92 100 96
96 100 98
86 101 92
101 100 92
102 99 98
102 103 99
95 90 104
94 104 90
105 101 86
86 85 105
85 106 105
106 101 105
89 106 85
101 107 100
107 101 106
98 100 108
108 102 98
109 102 108
110 106 89
91 110 89
100 111 108
107 111 100
108 112 109
111 112 108
113 102 109
102 113 103
103 113 114
113 115 114
109 115 113
114 115 116
115 117 116
115 118 117
118 119 117
109 120 115
120 118 115
121 119 118
121 122 119
123 118 120
123 121 118
109 124 120
124 123 120
125 122 121
122 125 126
125 127 126
128 121 123
128 125 121
125 129 127
128 129 125
127 129 130
131 130 129
132 130 131
133 132 131
109 134 124
109 112 134
135 128 123
124 135 123
129 128 136
131 129 136
133 131 137
133 137 138
135 139 128
139 136 128
139 140 136
131 136 141
131 141 137
141 136 140
137 142 138
138 142 143
142 137 144
137 141 144
144 141 145
139 135 146
124 146 135
140 147 141
147 148 141
149 147 140
140 150 149
140 151 150
139 152 140
140 152 151
146 152 139
151 152 153
154 153 152
152 155 154
146 155 152
154 155 156
156 155 157
146 157 155
156 157 158
146 159 157
124 159 146
159 124 134
160 158 157
161 160 157
157 159 161
160 162 158
161 162 160
163 158 162
163 162 164
165 163 164
166 165 164
165 166 167
168 167 166
169 168 166
169 170 168
169 171 170
171 169 172
173 164 162
166 164 173
162 161 174
173 162 174
169 175 172
172 175 176
161 177 174
161 159 177
178 177 159
159 134 178
178 134 179
179 134 112
180 177 178
180 178 179
181 174 177
180 181 177
112 182 179
111 182 112
183 182 111
111 107 183
174 181 184
180 185 181
181 185 184
180 179 186
180 186 185
179 182 187
187 186 179
174 184 188
189 188 184
188 173 174
185 190 184
189 184 190
188 191 173
173 191 166
191 192 166
192 169 166
192 193 169
175 169 193
191 194 192
192 194 193
188 195 191
191 195 194
189 196 188
188 196 195
195 196 197
194 195 198
195 197 198
189 199 196
196 199 197
200 193 194
201 175 193
201 193 200
194 198 202
194 202 200
198 197 203
198 203 204
202 198 204
197 205 203
199 205 197
204 206 202
202 206 207
202 207 200
207 208 200
201 200 208
199 209 205
210 201 208
211 209 199
212 201 210
213 211 199
214 211 213
189 213 199
212 215 201
212 216 215
201 215 175
217 214 213
213 189 217
217 218 214
215 216 219
216 220 219
219 221 215
215 221 175
221 222 175
189 223 217
223 189 190
217 224 218
223 224 217
225 218 224
226 225 224
227 225 226
224 223 228
226 224 228
227 226 229
229 226 228
230 227 229
231 223 190
228 223 231
231 190 232
190 185 232
185 233 232
233 185 186
233 186 234
187 234 186
233 234 235
187 235 234
230 229 236
237 229 228
236 229 237
238 228 231
237 228 238
239 231 232
231 239 238
230 236 240
241 230 240
240 242 241
232 233 243
233 235 244
233 244 243
244 235 245
246 232 243
246 239 232
247 243 244
246 243 247
248 245 235
187 248 235
244 245 249
247 244 249
187 250 248
182 250 187
251 250 182
251 182 183
252 248 250
251 252 250
248 253 245
252 253 248
254 251 183
251 255 252
254 255 251
254 183 256
183 107 256
256 107 257
257 107 106
110 257 106
258 256 257
258 254 256
258 257 110
254 259 255
258 259 254
260 253 252
260 261 253
252 262 260
255 262 252
263 253 261
255 264 262
265 264 255
259 265 255
253 263 245
245 263 266
265 259 267
267 259 268
258 268 259
269 267 268
270 268 258
258 110 270
271 269 268
270 271 268
271 272 269
273 270 110
273 271 270
273 110 91
95 273 91
273 274 271
274 272 271
95 274 273
275 272 274
95 275 274
276 272 275
277 276 275
95 104 275
275 278 277
275 104 278
279 278 104
280 278 279
94 279 104
279 281 280
282 279 94
74 282 94
279 283 281
282 283 279
284 281 283
74 285 282
285 283 282
74 55 285
286 284 283
285 286 283
286 287 284
285 55 288
288 286 285
288 287 286
288 55 47
289 287 288
47 48 288
288 48 289
48 290 289
291 290 48
39 291 48
291 292 290
39 34 291
34 292 291
292 34 293
34 294 293
41 294 34
295 294 41
41 38 295
295 38 296
297 296 38
297 38 25
298 297 25
25 13 298
298 299 297
298 300 299
298 13 14
14 300 298
301 302 14
303 14 302
301 304 302
302 304 305
301 306 304
307 304 306
307 308 304
305 304 308
309 308 307
307 310 309
311 305 308
311 312 305
312 313 305
302 305 314
315 303 302
315 302 314
314 305 316
316 305 317
317 318 316
312 319 317
314 316 320
315 314 320
320 316 318
321 317 319
317 321 318
322 321 319
323 321 322
318 321 323
324 315 320
303 315 325
325 315 324
303 325 326
303 326 327
328 303 327
325 324 329
330 329 324
331 324 320
331 320 318
332 330 324
331 332 324
331 333 332
330 332 334
332 333 334
333 335 334
336 335 333
318 337 331
331 337 333
333 338 336
338 339 336
340 338 333
340 333 337
338 341 339
340 341 338
341 342 339
318 343 337
343 318 323
337 344 340
337 343 344
343 323 345
344 343 345
345 323 346
346 323 347
348 345 346
349 345 348
345 349 344
350 349 348
344 351 340
340 351 341
352 342 341
342 352 353
349 350 354
350 355 354
354 355 356
357 344 349
344 357 351
354 357 349
351 358 341
357 358 351
358 352 341
359 357 354
357 359 358
360 354 356
360 359 354
361 360 356
359 360 361
361 356 362
359 363 358
352 358 363
361 364 359
359 364 363
362 365 361
361 365 364
362 366 365
365 366 367
365 367 368
364 365 368
369 368 367
370 364 368
370 363 364
369 371 368
371 370 368
372 371 369
372 369 373
371 372 374
370 371 374
372 373 375
372 375 374
373 376 375
375 376 377
378 375 377
379 378 377
378 379 380
381 374 375
381 375 378
382 378 380
378 382 381
380 383 382
374 384 370
381 384 374
383 385 382
383 242 385
382 386 381
382 385 386
242 387 385
240 387 242
384 388 370
370 388 363
384 381 389
389 381 386
385 387 390
385 390 386
240 391 387
240 236 391
387 392 390
391 392 387
386 390 393
393 390 392
384 394 388
384 389 394
389 386 395
386 393 395
396 389 395
389 396 394
396 395 397
397 395 393
398 393 392
392 391 398
236 399 391
399 236 237
391 399 400
400 399 237
398 391 400
238 400 237
396 401 394
397 401 396
397 393 402
402 393 398
403 398 400
402 398 403
404 400 238
403 400 404
405 397 402
397 405 401
401 406 394
388 394 406
407 404 238
239 407 238
408 404 407
408 403 404
409 407 239
408 407 409
409 239 246
410 402 403
405 402 410
409 246 411
246 247 411
408 409 412
409 411 412
408 413 403
410 403 413
413 408 414
408 412 414
410 413 415
413 414 415
405 410 416
410 415 416
417 414 412
418 414 417
415 414 418
419 417 412
412 411 419
419 411 420
411 421 420
411 247 421
247 422 421
415 418 423
416 415 423
422 247 249
422 249 424
425 424 249
249 245 425
245 426 425
427 416 423
428 427 423
429 427 428
405 416 427
427 429 430
405 427 431
427 430 431
405 431 401
406 401 431
432 431 430
406 431 432
433 432 430
432 433 434
435 406 432
388 406 435
432 434 436
435 432 436
437 436 434
388 435 438
438 435 436
388 438 363
438 352 363
439 436 437
438 436 439
352 438 439
439 437 353
352 439 353
440 441 442
440 443 444
445 443 440
446 445 440
447 445 446
447 446 448
446 449 448
450 449 446
451 449 450
450 452 451
450 453 452
454 453 450
455 456 457
458 456 459
456 460 459
461 460 456
456 462 461
463 462 456
463 464 462
464 463 465
465 463 466
466 463 467
467 463 468
469 470 471
469 472 473
474 472 469
469 475 474
469 476 475
469 477 476
476 477 478
477 479 478
477 480 479
477 481 480
477 482 481
483 484 310
485 486 487
485 488 489
490 485 489
491 485 490
492 491 490
492 493 491
491 493 494
495 491 494
496 495 494
495 496 497
495 497 498
499 495 498
500 501 502
503 504 502
502 504 505
506 502 505
502 506 507
508 502 507
508 507 509
509 510 508
510 511 508
511 512 508
512 513 508
514 515 516
514 517 518
519 514 518
514 519 520
514 520 521
514 521 522
521 523 522
522 523 524
522 524 525
522 525 526
522 526 527
528 529 530
528 531 532
528 532 533
533 532 534
533 534 535
536 535 534
528 533 537
537 533 535
538 528 537
539 528 538
540 537 535
537 540 538
535 536 541
540 535 541
542 539 538
539 542 543
543 542 544
545 544 542
542 538 546
540 547 538
538 547 546
546 548 544
547 549 546
548 550 544
545 551 548
551 550 548
545 549 551
552 547 540
552 540 541
552 549 547
551 553 550
553 554 550
555 554 553
555 556 554
557 556 555
558 553 551
557 559 556
560 551 549
560 558 551
549 552 561
549 561 560
558 560 562
558 562 557
560 561 562
563 552 541
552 563 561
559 557 564
559 564 565
566 557 562
566 564 557
567 562 561
561 563 567
568 563 541
568 541 536
565 564 569
565 569 570
571 570 569
571 572 570
571 573 572
564 574 569
564 566 574
566 562 575
567 575 562
567 563 576
563 568 576
577 568 536
536 578 577
578 579 577
579 580 577
581 568 577
568 581 576
577 580 581
582 567 576
567 582 575
576 581 583
583 582 576
580 584 581
583 581 584
585 584 580
586 585 580
584 587 583
585 587 584
586 588 585
586 589 588
590 588 589
585 588 591
587 585 591
590 592 588
592 591 588
590 593 592
594 582 583
587 595 583
583 595 594
591 596 587
587 596 595
597 595 596
598 591 592
598 596 591
594 599 582
582 599 575
594 595 600
594 600 599
600 595 601
601 595 597
602 599 600
600 601 602
599 603 575
603 599 602
592 604 598
592 593 604
598 605 596
605 597 596
598 604 606
606 605 598
593 607 604
606 604 607
608 601 597
602 601 608
603 609 575
566 575 609
574 566 609
610 607 593
611 610 593
612 610 611
613 609 603
613 574 609
574 613 614
615 574 614
569 574 615
569 615 571
607 610 616
617 610 612
610 617 616
616 618 607
618 606 607
613 603 619
620 614 613
620 613 619
614 620 621
603 622 619
602 622 603
619 623 620
619 622 623
624 621 620
623 624 620
625 622 602
626 622 625
626 627 622
623 622 627
623 627 628
625 602 608
629 624 623
629 623 628
629 630 624
629 628 630
630 631 624
631 630 632
628 632 630
631 633 624
621 624 633
628 634 632
635 621 633
635 633 636
637 635 636
608 638 625
608 639 638
608 597 639
640 639 597
640 638 639
625 638 641
625 641 626
640 597 642
605 642 597
643 642 605
606 643 605
643 644 642
644 640 642
645 643 606
644 643 645
645 606 618
640 646 638
646 641 638
646 647 641
641 647 648
648 626 641
648 647 649
649 650 648
644 651 640
646 640 651
644 645 652
652 651 644
618 653 645
653 652 645
647 646 654
646 651 654
655 653 618
655 618 616
616 656 655
616 617 656
657 653 655
655 656 657
658 656 617
617 612 658
657 656 659
659 656 658
660 658 612
660 612 661
661 662 660
660 662 663
663 664 660
664 658 660
659 658 664
664 665 659
665 664 666
657 659 667
659 665 667
665 668 667
668 669 667
667 669 657
669 670 657
670 653 657
670 671 653
671 652 653
672 665 666
672 666 673
674 672 673
675 672 674
676 665 672
676 672 675
676 677 665
677 676 675
669 678 670
679 671 670
679 670 678
680 652 671
671 679 680
669 677 681
681 678 669
677 675 682
677 682 681
683 652 680
683 651 652
683 684 651
651 684 654
685 683 680
685 684 683
680 679 686
680 686 685
682 675 687
681 682 687
678 681 688
678 689 679
678 688 689
690 686 679
690 679 689
681 687 691
688 681 691
654 684 692
693 684 685
684 693 692
693 685 694
694 695 693
685 686 696
685 696 694
686 697 696
686 690 697
654 692 698
692 699 698
647 654 698
692 693 700
700 693 695
694 696 701
697 701 696
697 702 701
703 699 692
703 692 700
703 704 699
703 700 704
704 700 705
705 706 704
699 704 706
705 700 707
695 707 700
699 706 708
709 699 708
710 707 695
710 711 707
712 711 710
710 713 712
713 710 714
695 715 710
714 710 715
695 716 715
716 714 715
717 714 716
714 717 718
717 716 719
719 716 720
716 695 721
716 721 720
721 695 694
694 722 721
721 723 720
722 723 721
694 724 722
724 725 722
701 724 694
723 722 726
722 725 727
728 723 726
729 728 726
727 730 729
727 731 730
725 731 727
732 723 728
723 732 720
731 725 733
725 734 733
735 734 725
720 732 736
737 720 736
736 732 738
739 735 725
739 740 735
724 739 725
724 741 739
739 741 740
701 741 724
701 702 741
735 740 742
735 742 743
740 744 742
740 745 744
746 740 741
741 702 746
740 747 745
747 740 746
748 745 747
747 749 748
749 747 750
746 751 747
750 747 751
752 751 746
702 752 746
751 753 750
752 753 751
750 753 754
750 754 755
753 756 754
757 756 753
758 757 753
758 753 752
757 758 759
752 760 758
752 702 760
761 759 758
758 760 761
762 759 761
761 763 762
764 763 761
764 765 763
764 766 765
761 766 764
760 766 761
760 767 766
766 767 768
760 702 769
760 769 767
767 770 768
768 770 771
767 772 770
767 769 772
771 770 773
773 770 772
773 774 771
773 775 774
772 776 773
769 776 772
773 776 775
702 777 769
777 776 769
702 697 777
697 778 777
697 690 778
777 779 776
777 778 779
780 775 776
776 779 780
778 690 781
781 690 689
689 782 781
688 782 689
783 778 781
781 782 783
779 778 784
784 778 783
785 779 784
783 785 784
780 779 786
786 779 785
688 787 782
691 787 688
783 782 788
789 785 783
788 789 783
790 786 785
789 790 785
787 791 782
782 791 788
691 792 787
787 792 791
780 786 793
793 786 790
794 789 788
791 794 788
794 795 789
691 796 792
687 796 691
797 796 687
675 797 687
675 798 797
799 796 797
792 796 799
797 800 799
801 800 675
799 800 802
803 792 799
799 802 803
791 792 803
803 802 804
803 805 791
791 805 794
804 806 803
803 806 805
807 805 806
804 808 806
808 807 806
808 809 807
810 807 809
811 794 805
807 811 805
811 795 794
807 812 811
811 812 795
810 813 807
807 813 812
810 814 813
810 815 814
815 810 816
817 813 814
817 812 813
812 817 818
795 812 818
795 818 819
818 820 819
795 819 821
820 821 819
820 822 821
823 822 820
824 821 822
795 821 825
789 795 825
789 825 790
821 790 825
790 821 824
824 793 790
824 826 793
826 824 827
828 826 827
828 793 826
828 827 829
828 829 830
828 831 793
828 830 831
780 793 831
831 832 780
832 775 780
831 830 833
831 833 832
775 832 834
833 835 832
835 834 832
835 836 834
834 836 837
838 775 834
837 838 834
839 775 838
774 775 839
839 840 774
774 840 841
840 839 842
839 838 842
843 842 838
838 844 843
837 844 838
844 837 845
836 845 837
836 846 845
845 846 847
846 836 848
836 849 848
850 849 836
850 836 851
851 836 835
852 850 851
835 852 851
853 850 852
853 852 854
855 854 852
852 856 855
857 856 852
858 852 835
833 858 835
857 852 859
859 852 858
860 857 859
859 858 860
833 861 858
858 861 860
860 862 857
862 863 857
833 864 861
833 830 864
830 865 864
830 866 865
865 867 864
861 864 867
865 868 867
861 867 869
867 870 869
861 871 860
869 871 861
869 870 872
872 870 873
872 874 869
869 874 875
869 875 871
860 871 876
871 875 876
876 875 877
876 878 860
862 879 878
880 881 882
882 883 884
884 883 885
885 883 886
887 885 886
888 887 886
889 888 886
886 890 889
889 890 891
891 888 889
892 888 891
892 893 888
894 884 885
895 884 894
885 896 894
896 885 887
896 897 894
896 898 897
897 898 899
898 896 900
887 900 896
900 901 898
902 901 900
900 887 902
902 903 901
902 904 903
903 904 905
904 902 906
887 906 902
904 906 907
908 906 887
908 907 906
888 908 887
909 907 908
909 908 888
910 907 909
907 910 911
910 912 911
909 888 913
888 893 913
914 910 909
913 914 909
910 915 912
915 910 914
915 916 912
915 914 916
893 917 913
913 917 914
893 918 917
918 919 917
917 920 914
916 914 920
917 919 921
917 921 920
919 922 921
923 916 920
920 921 923
921 922 924
923 921 924
924 922 925
925 922 926
925 926 927
925 927 928
925 928 929
929 930 925
925 931 924
924 931 923
930 931 925
916 923 932
933 916 932
934 933 932
934 932 935
923 935 932
923 931 935
935 931 936
935 936 937
938 931 930
936 931 938
939 938 930
939 930 940
941 937 936
936 938 941
942 937 941
941 938 943
942 941 944
944 941 943
945 946 947
946 948 949
946 950 948
951 948 950
951 950 952
953 954 955
956 953 957
958 953 956
953 958 959
960 953 959
959 958 961
961 958 962
961 962 963
958 964 962
956 964 958
956 965 964
966 967 953
968 969 956
968 956 970
971 968 970
968 971 972
973 972 971
973 971 974
974 971 975
970 956 976
976 971 970
971 976 975
976 956 977
978 976 977
979 975 976
980 979 976
981 982 983
984 985 982
984 982 986
987 988 986
986 988 989
990 991 992
993 994 995
995 996 997
996 998 997
997 998 999
999 998 1000
996 1001 998
996 1002 1001
1003 1000 998
1004 1000 1003
1000 1004 1005
1006 1000 1005
1007 1008 1009
1010 1011 1012
1013 1011 1014
1011 1015 1016
1017 1018 1019
1020 1019 1021
1020 1021 1022
1023 1024 1022
1023 1022 1025
666 1026 1027
1028 1029 1030
1031 1032 1028
1032 1031 1033
1034 1032 1033
1034 1035 1036
1034 1036 1037
1037 1036 1038
1039 1040 1041
1042 1040 1043
1042 1043 1044
1043 1045 1044
1043 1046 1045
1047 1048 1049
1050 1049 1051
1052 1049 1050
1053 1049 1052
1054 1049 1053
1054 1055 1049
1056 1049 1055
1056 1055 1057
1055 1058 1059
1058 1055 1060
1061 1058 1060
1062 1058 1061
1063 1064 1055
1063 1058 1065
1063 1065 1066
1067 1065 1058
1065 1068 1066
1069 1068 1065
1070 1069 1065
1070 1065 1071
1070 1071 1072
1070 1072 1073
1073 1072 1074
1069 1075 1068
1075 1076 1068
1075 1069 1077
1078 1075 1077
1079 1078 1077
1080 1079 1077
1081 1079 1080
1082 1083 1076
1084 1075 1082
1085 1083 1082
1086 1082 1075
1087 1086 1075
1088 1086 1087
1089 1088 1087
1090 1088 1089
1082 1091 1092
1091 1082 1093
1094 1091 1093
1095 1091 1094
1096 1091 1095
1097 1091 1096
1097 1098 1091
1085 1091 1098
1085 1098 1099
1100 1085 1099
1099 1101 1100
1100 1101 1102
1103 1102 1101
1103 1101 1104
1104 1101 1105
1105 1101 1106
1106 1101 1107
1101 1099 1107
1108 1099 1098
1109 1108 1098
1110 1108 1109
1110 1109 1111
1111 1109 1112
1113 1114 1115
1114 1116 1117
1117 1116 1118
1119 1118 1116
1116 1120 1119
1120 1116 1121
1122 1120 1121
1123 1120 1122
1124 1120 1123
1125 1120 1124
1125 1126 1120
1127 1120 1126
1127 1126 1128
1129 1128 1126
1129 1126 1130
1131 1128 1129
1131 1129 1132
1131 1132 1133
1134 1132 1129
1134 1129 1135
1135 1129 1136
1136 1129 1137
1137 1129 1138
1139 1140 1141
1142 1143 1139
1144 1142 1139
1144 1139 1145
1145 1139 1146
1146 1139 1147
1147 1139 1148
1139 1149 1148
1149 1139 1150
1150 1151 1149
1149 1152 1153
1154 1149 1153
1151 1155 1156
1156 1157 1151
1154 1157 1158
1158 1157 1159
1159 1157 1160
1160 1157 1161
1157 1156 1161
1156 1162 1163
1164 1156 1163
1163 1162 1165
1164 1163 1166
1166 1163 1167
1167 1163 1168
1168 1163 1169
1163 1170 1169
1170 1163 1171
1165 1172 1170
1170 1173 1174
1175 1170 1174
1176 1172 1177
1175 1176 1178
1177 1179 1176
1178 1176 1180
1176 1179 1181
1180 1176 1182
1176 1183 1182
1182 1183 1184
1183 1185 1184
1181 1186 1187
1181 1187 1188
1189 637 1190
1190 1191 635
1191 1192 635
621 635 1192
1193 1192 1191
621 1192 1193
1194 1193 1191
1191 1195 1194
1194 1196 1193
1196 1197 1193
1193 1198 621
1193 1197 1198
1198 614 621
614 1198 1199
1199 1198 1200
1198 1197 1200
1200 1201 1199
1201 1202 1199
1202 1201 1203
1201 1204 1203
1201 1205 1204
1205 1201 1206
1206 1201 1200
1207 1206 1200
1200 1197 1207
1197 1208 1207
1209 1208 1197
1208 1210 1207
1203 1211 1212
1212 1211 1213
1214 1212 1213
1215 1212 1214
1216 1215 1214
1216 1214 1217
1217 1218 1216
1216 1218 1219
1216 1219 1220
1221 1212 1215
1222 1212 1221
1222 1221 614
614 1221 615
1221 1215 1223
1221 1223 615
1223 1215 1216
615 1223 571
1216 1220 1224
1225 1224 1220
1225 1226 1224
1224 1226 1227
1228 1223 1216
571 1223 1228
1224 1228 1216
571 1228 1229
1229 573 571
1229 1230 573
1231 573 1230
1231 1230 1232
1230 1233 1232
1234 1233 1230
1230 1235 1234
1235 1230 1227
1235 1227 1236
1224 1237 1228
1228 1237 1229
1230 1229 1237
1227 1230 1237
1227 1237 1224
1238 1239 1240
1241 1239 1238
1242 1241 1238
1238 1243 1242
1238 1244 1243
1245 1244 1238
1245 1246 1244
1247 1246 1245
1245 1248 1247
1245 1249 1248
1250 1249 1245
1250 1251 1249
1251 1252 1249
1251 1253 1252
1251 1254 1253
1255 1254 1251
1254 1255 1256
1256 1255 1257
1257 1258 1256
1257 1259 1258
1260 1259 1257
1260 1257 1261
1261 1257 1262
1263 1261 1262
1264 1261 1263
1263 1265 1264
1266 1265 1263
1266 1267 1265
1268 1267 1266
1266 1269 1268
1266 1270 1269
1270 1266 1271
1271 1272 1270
1271 1273 1272
1274 1273 1271
1274 1275 1273
1273 1275 1276
1277 1276 1275
1275 1278 1277
1279 1278 1275
1280 1279 1275
1281 1279 1280
1281 1280 1282
1282 1280 1283
1283 1284 1282
1284 1283 1285
1286 1284 1285
1287 1288 1289
1289 1288 1290
1289 1290 1291
1289 1291 1292
1292 1293 1289
1289 1293 1294
1294 1293 1295
1294 1295 1296
1296 1297 1294
1298 1297 1296
1297 1298 1299
1299 1298 1300
1299 1300 1301
1299 1301 1302
1302 1303 1299
1304 1303 1302
1304 1305 1303
1303 1305 1306
1306 1307 1303
1303 1307 1308
1309 1308 1307
1310 1309 1307
1309 1310 1311
1312 1309 1311
1312 1311 1313
1312 1313 1314
1313 1315 1314
1314 1315 1316
1317 1314 1316
1317 1316 1318
1319 1317 1318
1320 1317 1319
1321 1322 1323
1323 1322 1324
1323 1324 1325
1325 1324 1326
1325 1326 1327
1328 1325 1327
1325 1328 1329
1329 1330 1325
1330 1331 1325
1325 1331 1332
1333 1334 1335
1336 1334 1333
1337 1334 1336
1337 1338 1334
1334 1338 1339
1339 1338 1340
1341 1339 1340
1342 1339 1341
1343 1342 1341
1342 1343 1344
1345 1342 1344
1346 1342 1345
1347 1348 1349
1347 1350 1348
1347 1351 1350
1352 1351 1347
1352 1353 1351
1354 1353 1352
1354 1355 1353
1355 1354 1356
1356 1354 1357
1354 1358 1359
1360 1358 1354
1361 1362 1363
1364 1362 1365
1366 1361 1364
1364 1367 1366
1367 1364 1368
1369 1368 1364
1370 1368 1369
1371 1370 1369
1372 1370 1371
1372 1371 1373
1374 1373 1371
1375 1376 1377
1378 1375 1377
1379 1375 1378
1375 1379 1380
1375 1380 1381
1382 1375 1381
1382 1381 1383
1384 1382 1383
1382 1384 1385
1382 1385 1386
1387 1382 1386
1387 1386 1388
1388 1386 1389
1388 1389 1390
1388 1390 1391
1392 1388 1391
1391 1393 1392
1393 1394 1392
1394 1393 1395
1394 1395 1396
1397 1394 1396
1397 1398 1394
1398 1399 1394
1400 1399 1398
1401 1400 1398
1400 1401 1402
1403 1400 1402
1403 1402 1404
1405 1403 1404
1403 1405 1406
1403 1406 1407
1407 1408 1403
1408 1407 1409
1408 1409 1410
1411 1408 1410
1411 1410 1412
1410 1413 1412
1414 1412 1413
1412 1414 1415
1416 1412 1415
1417 1412 1416
1418 1417 1416
1418 1419 1417
1419 1420 1417
1420 1419 1421
1421 1422 1420
1423 1422 1421
1424 1425 1426
1425 1427 1426
1425 1428 1427
1425 1429 1428
1429 1425 1430
1425 1431 1430
1431 1432 1430
1431 1433 1432
1433 1431 1434
1435 1433 1434
1434 1436 1435
1436 1437 1435
1436 1438 1437
1436 1439 1438
1439 1436 1440
1441 1439 1440
1441 1440 1442
1440 1443 1442
1443 1440 1444
1440 1445 1444
1446 1444 1445
1447 1444 1446
1446 1448 1447
1449 1448 1446
1449 1450 1448
1449 1451 1450
1450 1451 1452
1451 1453 1452
1454 1453 1451
1454 1455 1453
1456 1455 1454
1457 1456 1454
1458 1459 1460
1459 1461 1460
1459 1462 1461
1462 1463 1461
1462 1464 1463
1465 1464 1462
1462 1466 1465
1466 1462 1467
1467 1462 1468
1462 1469 1468
1470 1471 1472
1473 1470 1472
1474 1473 1472
1474 1472 1475
1472 1476 1475
1476 1477 1475
1478 1477 1476
1479 1478 1476
1480 1481 1479
1481 1482 1479
1483 1478 1484
1484 1482 1483
1485 1486 1487
1485 1487 1488
1485 1488 1489
1490 1485 1489
1490 1489 1491
1492 1490 1491
1492 1491 1493
1493 1494 1492
1494 1495 1492
1492 1496 1497
1498 1492 1497
1499 1500 1501
1502 1501 1500
1502 1500 1503
1500 1504 1503
1503 1504 1505
1504 1506 1505
1507 1505 1506
1506 1508 1507
1506 1509 1510
1508 1511 1512
1512 1511 1510
1513 1514 1515
1516 1514 1513
1517 1516 1513
1518 1516 1517
1519 1517 1513
1520 1517 1519
1521 1517 1520
1517 1522 1518
1521 1523 1517
1523 1522 1517
1522 1523 1524
1523 1525 1524
1526 1527 1528
1529 1526 1528
1529 1528 1530
1531 1529 1530
1532 1531 1530
1532 1530 1533
1534 1535 1536
1537 1534 1536
1537 1538 1534
1536 1539 1537
1538 1540 1534
1538 1541 1540
1539 1542 1537
1538 1543 1541
1542 1544 1537
1545 1544 1542
1544 1545 634
1545 1546 634
634 628 1544
1544 628 1547
1544 1547 1537
627 1547 628
1547 1548 1537
1547 627 1548
1548 1538 1537
1548 627 626
1538 1548 1549
626 1549 1548
1538 1550 1543
1550 1538 1549
1543 1550 1551
1552 1543 1551
1553 1552 1551
1551 1554 1553
1551 1555 1554
1550 1549 1556
626 1556 1549
1551 1550 1556
1556 626 1557
1551 1556 1557
1557 626 648
1551 1558 1555
1557 1558 1551
1555 1558 1559
1559 1558 1557
1557 648 1559
648 1560 1559
1559 1560 1561
1560 1562 1561
1561 1563 1559
1559 1563 1564
1565 1564 1555
1566 1567 1562
648 1567 1566
648 1568 1569
1568 1570 1569
1568 1571 1570
648 650 1568
650 1571 1568
1571 650 1572
650 1573 1572
650 1574 1573
1575 1574 650
1576 1574 1575
1576 1577 1574
650 649 1575
1575 649 1576
1576 1578 1577
1578 1576 1579
1579 1576 1580
1576 649 1581
1581 649 647
1580 1576 1582
1576 1581 1582
1583 1580 1582
1583 1584 1580
1583 1585 1584
1583 1586 1585
1587 1586 1583
1582 1581 1588
647 1588 1581
1582 1588 1583
647 1589 1588
1583 1588 1589
1589 1587 1583
1589 647 698
1590 1589 698
1590 1587 1589
698 699 1590
699 1591 1590
1590 1591 1587
1587 1592 1586
1586 1592 1593
1592 1587 1594
1594 1587 1595
1587 1591 1595
1595 1591 1596
1596 1591 708
1596 708 1597
1598 1599 1600
1598 1601 1599
1602 1599 1601
1602 1603 1604
1604 1603 1605
1604 1605 1606
1607 1605 1603
1607 1608 1605
1608 1607 1609
1610 1608 1609
1611 1608 1610
1606 1605 1612
1608 1612 1605
1606 1612 1613
1614 1612 1608
1613 1612 1615
1612 1614 1615
1613 1615 1616
1616 1617 1613
1615 1618 1616
1615 1619 1618
1614 1619 1615
1619 1614 1620
1614 1608 1621
1621 1620 1614
1621 1608 1611
1622 1620 1621
1623 1622 1621
1623 1621 1624
1624 1621 1611
1624 1611 1625
1626 1625 1611
1627 1628 1629
1630 1627 1629
1631 1627 1630
1631 1630 1632
1630 1633 1632
1629 1634 1630
1634 1633 1630
1629 1635 1634
1633 1634 1636
1635 1636 1634
1633 1636 1637
1635 1638 1636
1637 1636 1639
1637 1639 1640
1641 1636 1638
1641 1638 1642
1643 1644 1645
1646 1643 1645
1646 1645 1647
1647 1648 1646
1646 1648 1649
1646 1649 1650
1651 1652 1653
1651 1654 1652
1655 1654 1651
1655 1656 1654
1657 1656 1655
1657 1658 1656
1659 1660 1657
1659 1661 1660
1662 1663 1664
1662 1664 1665
1665 1664 1666
1665 1666 1667
1667 1666 1668
1667 1668 1669
1669 1668 1670
1669 1670 1671
1672 1673 1674
1672 1675 1673
1676 1675 1672
1676 1677 1675
1678 1677 1676
1678 1679 1677
1680 1679 1678
1680 1681 1679
1682 1683 1684
1682 1684 1685
1686 1687 1688
1686 1689 1687
1690 1691 1689
1690 1689 1692
1693 1694 1695
1693 1696 1694
1697 1698 1696
1697 1696 1699
1700 1701 1697
1700 1702 1701
1703 1702 1704
1703 1705 1702
1706 1705 1703
1706 1707 1705
1708 1707 1709
1708 1710 1707
1711 1710 1708
1711 1712 1710
1713 1712 1711
1713 1714 1712
1715 1716 1714
1715 1714 1717
1718 1719 1720
1718 1721 1719
1722 1721 1718
1722 1723 1721
1724 1725 1726
1724 1726 1727
1728 1729 1730
1728 1731 1729
1732 1731 1728
1732 1733 1731
1734 1735 1736
1734 1736 1737
1738 1739 1740
1738 1741 1739
1742 1741 1743
1742 1744 1741
1745 1744 1742
1745 1746 1744
1747 1746 1745
1747 1748 1746
1749 1748 1747
1749 1750 1748
1751 1752 1753
1751 1753 1754
1755 1756 1757
1755 1758 1756
1759 1758 1755
1759 1760 1758
1761 1762 1763
1761 1763 1764
1765 1766 1767
1765 1768 1766
1769 1768 1765
1769 1770 1768
1771 1772 1770
1771 1770 1773
1774 1775 1776
1774 1777 1775
1778 1777 1774
1778 1779 1777
1780 1779 1778
1780 1781 1779
1782 1783 1784
1782 1784 1785
1786 1787 1788
1786 1789 1787
1790 1789 1786
1790 1791 1789
1792 1793 1794
1792 1794 1795
1796 1797 1798
1796 1799 1797
1800 1799 1796
1800 1801 1799
1802 1801 1800
1802 1803 1801
1804 1803 1802
1804 1805 1803
1806 1805 1804
1806 1807 1805
1808 1809 1810
1808 1810 1811
1812 1813 1814
1812 1815 1813
1816 1815 1812
1816 1817 1815
1818 1819 1820
1818 1820 1821
1822 1823 1824
1822 1825 1823
1826 1825 1822
1826 1827 1825
1828 1827 1826
1828 1829 1827
1830 1831 1832
1830 1832 1833
1834 1835 1830
1834 1836 1835
1837 1838 1839
1837 1839 1840
1841 1842 1843
1841 1843 1844
1845 1846 1847
1845 1847 1848
1849 1850 1851
1849 1851 1852
1853 1854 1855
1853 1856 1854
1857 1858 1856
1857 1856 1859
1860 1861 1862
1860 1862 1863
1864 1865 1866
1864 1866 1867
1868 1869 1870
1868 1870 1871
1872 1873 1868
1872 1874 1873
1875 1876 1877
1875 1877 1878
1879 1880 1881
1879 1881 1882
1883 1884 1885
1883 1885 1886
1887 1888 1889
1887 1889 1890
1891 1892 1893
1891 1894 1892
1895 1894 1891
1895 1896 1894
1897 1896 1895
1897 1898 1896
1899 1900 1901
1899 1901 1902
1903 1904 1899
1903 1905 1904
1906 1905 1903
1906 1907 1905
1908 1909 1910
1908 1910 1911
1912 1913 1914
1912 1914 1915
1916 1917 1918
1916 1918 1919
1920 1921 1922
1920 1922 1923
1924 1925 1926
1924 1926 1927
1928 1929 1924
1928 1930 1929
1931 1930 1928
1931 1932 1930
1933 1932 1931
1933 1934 1932
1935 1934 1933
1935 1936 1934
1937 1938 1939
1937 1939 1940
1941 1942 1943
1941 1944 1942
1945 1944 1941
1945 1946 1944
1947 1948 1949
1947 1949 1950
1951 1952 1953
1951 1954 1952
1955 1954 1951
1955 1956 1954
1957 1956 1955
1957 1958 1956
1959 1960 1961
1959 1961 1962
1963 1964 1965
1963 1966 1964
1967 1966 1963
1967 1968 1966
1969 1970 1971
1969 1971 1972
1973 1974 1975
1973 1976 1974
1977 1976 1973
1977 1978 1976
1979 1980 1981
1979 1981 1982
1983 1984 1985
1983 1986 1984
1987 1986 1983
1987 1988 1986
1989 1988 1987
1989 1990 1988
1991 1990 1989
1991 1992 1990
1993 1992 1991
1993 1994 1992
1995 1996 1997
1995 1997 1998
1999 2000 1995
1999 2001 2000
2002 2003 2004
2002 2004 2005
2006 2007 2008
2006 2008 2009
2010 2011 2012
2013 2010 2012
2012 2014 2013
2013 2014 2015
2016 2010 2013
2015 2016 2013
2017 2016 2015
2014 2018 2015
2014 2019 2018
2019 2020 2018
2021 2015 2018
2020 2021 2018
2021 2017 2015
2020 2022 2021
2021 2022 2023
2021 2023 2024
2017 2021 2024
2024 2023 2025
2024 2025 2026
2017 2024 2026
2026 2027 2017
2027 2028 2017
2017 2028 2029
2029 2016 2017
2030 2029 2028
2031 2016 2029
2030 2031 2029
2032 2031 2030
2032 2033 2031
2010 2016 2031
2010 2031 2033
2034 2010 2033
2010 2034 2035
2036 2037 2038
2036 2038 2039
2039 2038 2040
2039 2040 2041
2042 2036 2039
2043 2039 2041
2042 2039 2043
2043 2041 2044
2043 2044 2045
2043 2045 2046
2042 2043 2046
2042 2046 2047
2048 2049 2050
2051 2048 2050
2052 2053 2054
2054 2053 2055
2054 2055 2056
2057 2058 2059
2057 2059 2060
2060 2059 2061
2060 2061 2062
2060 2062 2063
2057 2060 2064
2060 2063 2064
2064 2063 2065
2057 2064 2066
2064 2065 2067
2066 2064 2067
2066 2067 2068
2069 2070 2071
2071 2070 2072
2071 2072 2073
2074 2075 2073
2074 2073 2076
2077 2078 2079
2080 2078 2077
2080 2081 2078
2082 2081 2080
2082 2083 2081
2084 2085 2086
2084 2086 2087
2088 2089 2090
2089 2088 2091
2089 2091 2092
2091 2088 2093
2093 2088 2094
2092 2091 2095
2093 2095 2091
2092 2095 2096
2095 2097 2096
2095 2098 2097
2093 2094 2099
2099 2095 2093
2098 2095 2099
2099 2094 2100
2100 2101 2099
2101 2098 2099
2102 2101 2100
2103 2101 2102
2104 2098 2101
2105 2098 2104
2105 2104 2106
2107 2104 2101
2104 2107 2106
2103 2107 2101
2106 2107 2108
2103 2108 2107
2109 2108 2103
2110 2111 2112
2112 2111 2113
2112 2113 2114
2115 2114 2113
2115 2116 2114
2117 2118 2119
2117 2120 2118
2120 2121 2118
2117 2122 2120
2123 2122 2117
2124 2120 2122
2120 2125 2121
2125 2126 2121
2125 2127 2126
2128 2120 2124
2128 2124 2129
2129 2130 2128
2129 2131 2130
2132 2133 2134
2135 2133 2132
2136 2133 2135
2135 2132 2137
2135 2138 2136
2135 2137 2139
2139 2138 2135
2140 2139 2137
2139 2141 2138
2140 2142 2139
2139 2143 2141
2139 2142 2143
2144 2145 2146
2147 2145 2144
2147 2144 2148
2148 2149 2147
2148 2150 2149
2151 2152 2153
2151 2153 2154
2155 2151 2154
2155 2154 2156
2155 2156 2157
2158 2159 2160
2158 2160 2161
2158 2161 2162
2158 2162 2163
2163 2162 2164
2165 2166 2167
2165 2167 2168
2169 2165 2168
2170 2168 2171
2172 2170 2171
2173 2174 2175
2173 2175 2176
2176 2177 2173
2176 2175 2178
2178 2175 2179
2177 2176 2180
2180 2176 2178
2181 2177 2180
2182 2178 2179
2182 2179 2183
2178 2184 2180
2182 2184 2178
2184 2185 2180
2180 2185 2186
2187 2188 2182
2182 2188 2189
2182 2189 2190
2189 2188 2191
2190 2189 2192
2193 2190 2192
2193 2192 2194
2194 2192 2195
2196 2189 2191
2192 2189 2196
2196 2195 2192
2191 2197 2196
2198 2195 2196
2199 2196 2197
2199 2198 2196
2200 2201 2202
2200 2203 2201
2204 2205 2206
2204 2206 2207
2207 2206 2208
2204 2207 2209
2204 2209 2210
2207 2208 2211
2207 2211 2209
2212 2211 2208
2209 2211 2213
2212 2214 2211
2211 2215 2213
2211 2214 2215
2216 2217 2218
2218 2219 2216
2218 2220 2219
2220 2218 2221
2222 2219 2220
2223 2224 2222
2223 2225 2224
2226 2225 2223
2226 2227 2225
2225 2227 2228
2229 2224 2225
2225 2228 2229
2229 2230 2224
2229 2228 2231
2232 2230 2229
2229 2231 2233
2232 2229 2233
2234 2235 2236
2235 2237 2236
2235 2238 2237
2237 2238 2239
2237 2239 2240
2241 2242 2243
2243 2242 2244
2243 2244 2245
2246 2245 2244
2246 2247 2245
2245 2247 2248
2249 2245 2248
2248 2247 2250
2250 2251 2248
2250 2252 2251
2248 2253 2249
2248 2251 2253
2254 2249 2253
2253 2255 2254
2253 2256 2255
2251 2257 2258
2251 2258 2259
2259 2258 2260
2261 2251 2259
2260 2262 2259
2262 2261 2259
2263 2262 2260
2263 2260 2264
2265 2262 2263
2261 2262 2265
2266 2261 2265
2267 2266 2256
2261 2266 2267
2267 2251 2261
2256 2268 2267
2251 2267 2268
2269 2270 2271
2271 2270 2272
2271 2272 2273
2273 2272 2274
2273 2274 2275
2276 2277 2278
2279 2277 2276
2280 2277 2279
2280 2279 2281
2279 2276 2282
2279 2283 2281
2279 2282 2284
2284 2282 2285
2284 2285 2286
2279 2287 2283
2283 2287 2288
2283 2288 2289
2290 2291 2292
2290 2293 2291
2294 2291 2293
2294 2293 2295
2296 2294 2295
2297 2298 2299
2297 2299 2300
2300 2301 2297
2302 2303 2297
2303 2302 2304
2302 2297 2305
2302 2306 2304
2307 2302 2305
2302 2307 2306
2307 2305 2308
2307 2309 2306
2310 2307 2308
2307 2311 2309
2310 2311 2307
2312 2313 2314
2312 2314 2315
2316 2314 2317
2317 2318 2316
2317 2319 2318
2320 2321 2322
2320 2322 2323
2320 2323 2324
2323 2325 2326
2323 2326 2327
2328 2329 2330
2328 2331 2329
2328 2332 2331
2331 2333 2329
2331 2332 2334
2331 2335 2333
2335 2331 2334
2336 2333 2335
2335 2334 2337
2336 2335 2338
2335 2337 2339
2335 2339 2338
2340 2341 2342
2340 2342 2343
2344 2340 2343
2345 2346 2347
2346 2345 2348
2349 2346 2348
2349 2350 2346
2351 2348 2345
2351 2352 2348
2351 2353 2352
2351 2354 2353
2351 2355 2354
2345 2356 2351
2351 2356 2355
2345 2357 2356
2358 2357 2346
2350 2359 2346
2358 2346 2359
2360 2359 2350
2360 2361 2359
2362 2359 2361
2362 2363 2359
2359 2363 2358
2362 2364 2363
2363 2364 2358
2365 2358 2364
2365 2366 2358
2365 2367 2366
2368 2367 2365
2369 2367 2368
2369 2355 2367
2370 2371 2364
2370 2369 2372
2370 2372 2371
2373 2374 2375
2373 2375 2376
2373 2376 2377
2377 2376 2378
2377 2378 2379
2380 2381 2382
2382 2381 2383
2384 2383 2381
2382 2383 2385
2382 2385 2386
2386 2385 2387
2384 2388 2383
2385 2383 2388
2389 2388 2384
2387 2385 2390
2388 2390 2385
2391 2387 2390
2388 2392 2390
2389 2392 2388
2393 2392 2389
2393 2394 2392
2394 2395 2392
2396 2391 2395
2395 2394 2396
2397 2391 2396
2397 2396 2398
2396 2399 2398
2393 2400 2394
2396 2394 2400
2399 2396 2400
2401 2400 2393
2402 2399 2400
2402 2400 2401
2403 2404 2405
2404 2406 2405
2405 2406 2407
2408 2407 2406
2407 2408 2409
2409 2408 2410
2411 2410 2408
2411 2408 2412
2412 2408 2406
2412 2413 2411
2413 2412 2414
2412 2406 2415
2414 2412 2415
2416 2415 2406
2415 2416 2417
2415 2417 2414
2416 2418 2417
2417 2418 2419
2420 2421 2419
2419 2421 2422
2414 2422 2421
2423 2414 2421
2421 2424 2423
2424 2425 2423
2425 2426 2423
2426 2427 2423
2427 2426 2428
2429 2414 2423
2423 2427 2429
2428 2430 2427
2427 2430 2429
2428 2431 2430
2429 2430 2432
2414 2429 2432
2414 2432 2433
2434 2435 2436
2434 2436 2437
2437 2436 2438
2437 2438 2439
2440 2439 2438
2441 2442 2443
2441 2443 2444
2445 2446 2447
2447 2446 2448
2449 2447 2448
2449 2448 2450
2450 2451 2449
2450 2452 2451
2451 2453 2449
2449 2453 2454
2454 2455 2449
2453 2456 2454
2454 2457 2455
2454 2458 2457
2459 2458 2454
2454 2460 2459
2461 2458 2459
2459 2462 2461
2456 2463 2459
2463 2462 2459
2460 2464 2463
2465 2462 2463
2463 2466 2465
2463 2467 2466
2468 2467 2463
2468 2469 2467
2467 2469 2470
2467 2470 2471
2467 2471 2472
2473 2472 2471
2474 2472 2473
2474 2475 2472
2476 2471 2477
2477 2471 2478
2477 2478 2479
2476 2477 2480
2477 2481 2480
2482 2480 2481
2481 2483 2482
2484 2481 2477
2484 2477 2485
2486 2483 2481
2484 2486 2481
2484 2487 2486
2483 2486 2488
2486 2489 2488
2486 2490 2489
2491 2490 2486
2491 2492 2490
2493 2490 2494
2493 2494 2495
2493 2495 2496
2496 2495 2497
2498 2496 2497
2493 2499 2490
2490 2499 2500
2499 2501 2500
2500 2501 2502
2496 2503 2493
2504 2503 2496
2496 2505 2504
2506 2505 2496
2506 2496 2507
2505 2506 2508
2508 2506 2509
2506 2510 2509
2506 2498 2510
2511 2498 2512
2513 2511 2512
2513 2512 2514
2514 2515 2513
2513 2516 2511
2511 2516 2517
2516 2513 2518
2516 2518 2517
2517 2518 2519
2515 2520 2513
2521 2520 2515
2522 2521 2515
2522 2515 2523
2523 2515 2524
2515 2525 2524
2514 2525 2515
2514 2526 2525
2527 2525 2526
2525 2527 2528
2527 2526 2529
2529 2530 2527
2529 2531 2530
2527 2532 2528
2528 2532 2533
2530 2534 2527
2535 2534 2530
2536 2535 2530
2536 2530 2537
2537 2530 2538
2530 2539 2538
2531 2539 2530
2531 2540 2539
2541 2539 2540
2541 2540 2542
2542 2543 2541
2541 2544 2539
2539 2544 2545
2544 2546 2545
2547 2546 2544
2544 2541 2547
2543 2548 2541
2549 2548 2543
2550 2549 2543
2550 2543 2551
2551 2543 2552
2543 2553 2552
2542 2553 2543
2542 2554 2553
2555 2553 2554
2553 2555 2556
2555 2554 2557
2555 2558 2556
2556 2558 2559
2557 2560 2555
2560 2561 2555
2562 2561 2560
2563 2562 2560
2563 2560 2564
2557 2565 2560
2564 2560 2565
2566 2564 2565
2557 2567 2565
2565 2568 2566
2567 2568 2565
2567 2569 2568
2570 2568 2571
2570 2572 2568
2570 2573 2572
2572 2574 2568
2574 2572 2575
2575 2572 2573
2576 2575 2573
2576 2573 2577
2577 2573 2578
2579 2573 2570
2573 2580 2578
2579 2580 2573
2580 2579 2581
2580 2581 2582
2582 2583 2580
2584 2582 2581
2584 2585 2582
2586 2583 2582
2587 2583 2586
2585 2588 2582
2589 2588 2585
2590 2589 2585
2590 2585 2591
2591 2585 2592
2585 2593 2592
2584 2593 2585
2593 2584 2594
2593 2594 2595
2596 2595 2594
2596 2597 2595
2598 2597 2596
2593 2595 2599
2599 2600 2593
2599 2601 2600
2602 2601 2599
2595 2602 2599
2597 2603 2595
2604 2603 2597
2605 2604 2597
2605 2597 2606
2606 2597 2607
2597 2608 2607
2598 2608 2597
2608 2598 2609
2608 2609 2610
2610 2611 2608
2612 2610 2609
2612 2613 2610
2610 2614 2611
2614 2615 2611
2613 2616 2610
2617 2616 2613
2618 2617 2613
2618 2613 2619
2619 2613 2620
2613 2621 2620
2612 2621 2613
2621 2612 2622
2621 2622 2623
2624 2623 2622
2623 2625 2621
2625 2626 2621
2627 2626 2625
2624 2628 2623
2628 2629 2623
2630 2629 2628
2631 2630 2628
2632 2628 2624
2628 2633 2631
2633 2628 2632
2631 2633 2634
2634 2633 2635
2633 2636 2635
2636 2633 2632
2636 2632 2637
2636 2638 2639
2640 2641 2639
2636 2642 2641
2640 2643 2641
2641 2644 2636
2644 2645 2636
2646 2645 2644
2647 2645 2646
2643 2648 2641
2643 2649 2648
2650 2649 2643
2651 2649 2650
2651 2650 2652
2652 2650 2653
2654 2650 2643
2654 2643 2655
2656 2653 2650
2654 2656 2650
2657 2653 2656
2654 2658 2656
2657 2656 2450
2656 2658 2659
2656 2659 2450
2660 2661 2662
2661 2660 2663
2661 2663 2664
2663 2660 2665
2660 2666 2665
2666 2660 2667
2665 2666 2668
2666 2667 2669
2666 2669 2670
2671 2666 2670
2666 2671 2672
2673 2671 2670
2671 2673 2674
2668 2671 2675
2675 2671 2674
2672 2675 2676
2677 2675 2674
2675 2677 2678
2675 2678 2679
2680 2675 2679
2680 2679 2681
2682 2681 2683
2683 2684 2682
2682 2685 2681
2686 2685 2682
2686 2687 2685
2688 2686 2682
2688 2689 2686
2686 2689 2690
2691 2690 2689
2690 2691 2692
2693 2686 2690
2693 2694 2686
2695 2690 2692
2692 2696 2695
2697 2690 2695
2697 2695 2698
2695 2696 2699
2695 2699 2700
2701 2695 2700
2701 2700 2702
2700 2703 2704
2704 2705 2700
2704 2706 2705
2704 2707 2706
2707 2704 2708
2707 2709 2706
2710 2707 2708
2707 2710 2711
2712 2707 2711
2707 2712 2713
2711 2714 2712
2714 2715 2712
2716 2709 2712
2712 2715 2717
2712 2717 2716
2717 2718 2716
2719 2718 2717
2717 2720 2719
2719 2721 2718
2721 2719 2722
2722 2719 2723
2724 2722 2723
2725 2722 2724
2725 2726 2722
2726 2727 2722
2722 2727 2728
2721 2722 2728
2721 2728 2729
2730 2729 2728
2728 2731 2730
2730 2732 2729
2732 2730 2733
2733 2730 2734
2735 2733 2734
2736 2733 2735
2736 2737 2733
2737 2738 2733
2732 2733 2739
2733 2738 2740
2739 2733 2740
2739 2740 2741
2742 2741 2740
2740 2743 2742
2742 2744 2741
2744 2742 2745
2745 2742 2746
2747 2745 2746
2748 2745 2747
2748 2749 2745
2749 2750 2745
2745 2750 2751
2744 2745 2751
2744 2751 2752
2753 2752 2751
2751 2754 2753
2753 2755 2752
2756 2753 2757
2757 2753 2758
2759 2757 2758
2760 2757 2759
2760 2761 2757
2755 2757 2762
2761 2762 2757
2763 2762 2761
2755 2762 2764
2762 2763 2765
2764 2762 2765
2764 2765 2766
2767 2768 2765
2767 2765 2769
2767 2769 2770
2769 2765 2771
2771 2772 2769
2772 2770 2769
2773 2770 2772
2773 2774 2770
2774 2775 2770
2776 2767 2770
2770 2775 2777
2776 2770 2777
2777 2778 2776
2777 2779 2778
2779 2777 2780
2781 2778 2779
2781 2779 2782
2782 2779 2783
2784 2782 2783
2785 2782 2784
2785 2786 2782
2786 2787 2782
2782 2787 2788
2781 2782 2788
2788 2789 2781
2788 2790 2789
2790 2788 2791
2792 2789 2790
2792 2790 2793
2793 2790 2794
2795 2793 2794
2796 2793 2795
2796 2797 2793
2797 2798 2793
2799 2792 2793
2793 2798 2800
2799 2793 2800
2800 2801 2799
2800 2802 2801
2802 2800 2803
2804 2801 2802
2804 2802 2805
2805 2802 2806
2807 2805 2806
2808 2805 2807
2808 2809 2805
2809 2810 2805
2805 2810 2811
2804 2805 2811
2811 2812 2804
2811 2813 2812
2813 2811 2814
2815 2812 2813
2815 2813 2816
2816 2813 2817
2818 2816 2817
2819 2816 2818
2816 2820 2815
2816 2819 2821
2821 2820 2816
2819 2822 2821
2822 2823 2821
2821 2823 2824
2824 2820 2821
2824 2825 2820
2824 2826 2827
2828 2824 2829
2824 2828 2830
2831 2826 2828
2831 2828 2832
2832 2828 2833
2832 2833 2834
2835 2832 2834
2836 2835 2834
2836 2837 2835
2837 2838 2835
2839 2832 2835
2839 2840 2832
2841 2835 2838
2839 2835 2841
2842 2841 2838
2839 2841 2843
2842 2661 2841
2841 2844 2843
2841 2661 2844
2845 2846 2847
2848 2845 2847
2847 2849 2848
2847 2850 2849
2848 2849 2851
2848 2851 2852
2845 2848 2853
2852 2853 2848
2851 2854 2852
2854 2851 2855
2853 2852 2856
2856 2857 2853
2855 2858 2854
2858 2855 2859
2852 2854 2860
2860 2856 2852
2854 2861 2860
2858 2861 2854
2862 2856 2860
2860 2861 2862
2863 2861 2858
2862 2861 2863
2863 2864 2862
2865 2864 2863
2858 2865 2863
2859 2865 2858
2866 2856 2862
2857 2856 2866
2862 2864 2866
2857 2866 2867
2868 2866 2864
2867 2866 2868
2867 2869 2857
2857 2869 2870
2870 2869 2871
2870 2871 2845
2867 2872 2869
2871 2869 2872
2873 2872 2867
2871 2872 2874
2874 2873 2875
2874 2872 2876
2871 2877 2845
2874 2877 2871
2867 2878 2876
2875 2876 2878
2879 2867 2868
2878 2867 2879
2845 2877 2880
2880 2881 2845
2882 2877 2874
2874 2875 2882
2883 2880 2877
2883 2877 2882
2868 2884 2879
2868 2864 2884
2885 2881 2880
2885 2880 2883
2886 2881 2885
2887 2885 2883
2885 2888 2886
2889 2887 2888
2881 2886 2890
2881 2890 2891
2891 2890 2850
2892 2890 2886
2886 2888 2892
2887 2883 2893
2887 2893 2888
2888 2893 2894
2895 2888 2894
2894 2896 2895
2883 2897 2893
2882 2897 2883
2898 2893 2897
2899 2893 2898
2898 2897 2900
2901 2900 2897
2901 2897 2882
2901 2902 2900
2901 2882 2903
2882 2875 2903
2904 2902 2901
2904 2905 2902
2903 2906 2901
2906 2903 2875
2901 2906 2904
2907 2905 2904
2907 2908 2905
2907 2909 2908
2910 2909 2907
2904 2911 2907
2911 2910 2907
2904 2906 2911
2911 2912 2910
2906 2875 2913
2911 2906 2913
2914 2912 2911
2911 2913 2914
2912 2914 2915
2914 2916 2915
2915 2916 2917
2875 2918 2913
2913 2918 2914
2914 2918 2916
2875 2878 2918
2919 2918 2878
2916 2918 2919
2919 2878 2879
2879 2920 2919
2919 2920 2916
2921 2917 2916
2921 2922 2917
2879 2923 2920
2879 2884 2923
2916 2920 2924
2916 2924 2921
2920 2923 2924
2925 2922 2921
2924 2925 2921
2926 2922 2925
2924 2927 2925
2928 2927 2924
2924 2923 2928
2928 2929 2927
2884 2930 2923
2923 2930 2928
2864 2930 2884
2931 2929 2928
2931 2928 2930
2932 2929 2931
2932 2931 2933
2933 2931 2934
2931 2935 2934
2930 2935 2931
2936 2930 2864
2930 2936 2937
2864 2938 2936
2938 2864 2939
2859 2938 2939
2940 2937 2936
2940 2936 2938
2940 2938 2859
2941 2937 2940
2859 2941 2940
2942 2941 2859
2943 2944 2945
2945 2944 2946
2946 2944 2947
2948 2946 2947
2945 2946 2949
2950 2946 2948
2950 2948 2951
2950 2951 2952
2949 2946 2953
2950 2954 2946
2946 2954 2953
2953 2955 2949
2954 2955 2953
2952 2956 2950
2956 2954 2950
2954 2957 2955
2957 2958 2955
2954 2959 2957
2959 2954 2956
2960 2956 2952
2961 2960 2952
2962 2960 2961
2962 2963 2960
2962 2964 2963
2962 2965 2964
2956 2960 2966
2956 2966 2959
2967 2966 2960
2957 2959 2968
2958 2957 2968
2966 2967 2969
2969 2967 2964
2970 2959 2966
2968 2959 2970
2966 2969 2970
2965 2971 2964
2965 2972 2971
2973 2971 2972
2964 2974 2969
2964 2971 2974
2971 2973 2975
2975 2973 2976
2977 2975 2976
2970 2969 2978
2974 2978 2969
2978 2979 2970
2970 2980 2968
2970 2979 2980
2971 2975 2981
2971 2981 2974
2974 2982 2978
2979 2978 2982
2974 2983 2982
2974 2981 2983
2968 2980 2984
2958 2968 2984
2979 2982 2985
2983 2985 2982
2975 2986 2981
2975 2987 2986
2981 2986 2988
2981 2988 2983
2975 2977 2987
2987 2977 2989
2989 2977 2990
2991 2983 2988
2985 2983 2991
2992 2985 2991
2992 2993 2985
2993 2979 2985
2994 2993 2992
2994 2995 2993
2996 2995 2994
2993 2997 2979
2995 2997 2993
2996 2998 2995
2999 2998 2996
3000 2979 2997
3000 2980 2979
2995 3001 2997
2998 3001 2995
2999 3002 2998
3003 3002 2999
3004 3002 3003
3005 3000 2997
3005 2997 3001
3006 2980 3000
3005 3006 3000
3006 2984 2980
2998 3007 3001
3002 3007 2998
3005 3001 3007
3004 3008 3002
3002 3008 3007
3009 2984 3006
3009 2958 2984
3005 3007 3010
3010 3007 3008
3008 3004 3011
3010 3008 3011
3011 3004 3012
3013 3011 3012
3014 3006 3005
3014 3005 3010
3009 3006 3014
3015 3009 3014
3014 3010 3016
3016 3010 3011
3016 3015 3014
3017 3011 3013
3016 3011 3017
3018 3017 3013
3017 3019 3016
3019 3015 3016
3018 3020 3017
3020 3019 3017
3021 3020 3018
3018 3022 3021
3021 3023 3020
3020 3024 3019
3023 3024 3020
3019 3024 3015
3025 3024 3023
3015 3024 3025
3015 3025 3026
3015 3026 3027
3015 3027 3009
3027 2958 3009
3028 3027 3026
3028 3026 3029
3027 3030 2958
3031 3030 3029
3032 2958 3030
3032 3030 3031
2949 3032 3031
3033 3034 3035
3036 3035 3037
3036 3038 3035
3039 3036 3037
3040 3034 3038
3041 3038 3036
3038 3041 3040
3034 3040 3042
3034 3042 3043
3043 3042 3044
3043 3044 3045
3046 3045 3044
3042 3040 3047
3040 3041 3047
3042 3047 3048
3044 3042 3048
3049 3047 3041
3048 3047 3049
3049 3041 3050
3048 3049 3051
3050 3041 3052
3041 3036 3052
3050 3052 3053
3054 3048 3051
3044 3048 3054
3054 3051 3055
3054 3055 3056
3052 3036 3057
3039 3057 3036
3053 3052 3058
3052 3057 3058
3053 3058 3059
3060 3059 3058
3060 3058 3061
3061 3058 3057
3062 3060 3061
3039 3063 3057
3061 3057 3063
3064 3063 3039
3054 3056 3065
3056 3066 3065
3065 3066 3067
3068 3065 3067
3069 3054 3065
3068 3069 3065
3069 3044 3054
3070 3069 3068
3044 3069 3071
3071 3069 3070
3072 3071 3070
3046 3044 3071
3072 3073 3071
3071 3073 3046
3046 3073 3074
3064 3075 3063
3076 3075 3064
3077 3063 3075
3077 3061 3063
3076 3078 3075
3075 3078 3077
3079 3078 3076
3077 3078 3080
3081 3077 3080
3061 3077 3082
3082 3077 3081
3062 3061 3082
3081 3062 3082
3083 3084 3085
3084 3086 3085
3087 3086 3084
3088 3086 3087
3087 3084 3089
3089 3084 3090
3091 3086 3088
3090 3084 3092
3090 3092 3093
3093 3092 3094
3095 3086 3091
3092 3095 3094
3091 3096 3095
3094 3095 3096
3097 3096 3091
3094 3096 3097
3098 3099 3100
3098 3100 3101
3101 3100 3102
3102 3103 3101
3103 3102 3104
3100 3105 3102
3104 3102 3106
3102 3105 3107
3106 3102 3107
3108 3107 3105
3109 3107 3108
3108 3110 3109
3106 3107 3111
3107 3109 3111
3110 3112 3109
3111 3109 3113
3109 3112 3114
3109 3115 3113
3116 3109 3114
3116 3115 3109
3117 3118 3119
3117 3120 3118
3121 3120 3117
3120 3121 3122
3122 3121 3123
3124 3121 3117
3123 3121 3125
3126 3121 3124
3126 3125 3121
3124 3127 3126
3128 3125 3126
3126 3127 3129
3126 3129 3128
3128 3129 3130
3129 3127 3131
3132 3130 3129
3131 3132 3129
3133 3130 3132
3133 3132 3134
3131 3135 3132
3131 3136 3135
3137 3138 3139
3139 3138 3140
3140 3138 3141
3141 3142 3140
3143 3141 3138
3143 3138 3144
3145 3141 3143
3146 3142 3141
3145 3146 3141
3147 3146 3145
3142 3146 3148
3149 3146 3147
3148 3146 3150
3150 3146 3149
3149 3151 3150
3151 3152 3150
3150 3152 3153
3148 3150 3154
3153 3154 3150
3155 3154 3153
3155 3156 3154
3157 3158 3159
3158 3160 3159
3159 3160 3161
3160 3162 3161
3161 3162 3163
3163 3162 3164
3160 3165 3162
3165 3160 3166
3166 3160 3167
3167 3160 3158
3167 3158 3168
3168 3158 3169
3169 3158 3170
3169 3170 3171
3172 3170 3158
3171 3170 3173
3172 3174 3170
3173 3170 3175
3176 3170 3174
3175 3170 3176
3177 3178 3179
3179 3178 3180
3181 3179 3180
3180 3178 3182
3181 3180 3183
3180 3182 3184
3183 3180 3184
3183 3184 3185
3186 3187 3188
3186 3189 3187
3190 3189 3186
3189 3191 3187
3190 3192 3189
3189 3193 3191
3192 3194 3189
3189 3194 3193
3195 3196 3197
3195 3197 3198
3199 3195 3198
3198 3197 3200
3199 3198 3201
3198 3200 3202
3202 3201 3198
3202 3203 3201
3204 3205 3206
3204 3206 3207
3208 3204 3207
3207 3206 3209
3208 3207 3210
3207 3209 3211
3210 3207 3211
3210 3211 3212
3213 3214 3215
3216 3214 3213
3217 3214 3216
3218 3216 3213
3216 3218 3219
3217 3216 3219
3217 3220 3214
3217 3219 3221
3222 3220 3217
3217 3221 3223
3222 3217 3224
3217 3223 3224
1049 3225 3226
1049 3227 3225
3228 3225 3227
3228 3229 3225
3229 3228 3230
3225 3229 3231
3231 3229 3232
3232 3229 3230
3232 3230 3233
3233 3230 3234
3234 3230 3235
3230 3236 3235
3236 3230 3237
3230 3238 3237
3237 3239 3236
3240 3241 3239
3242 3241 3243
3244 3243 3241
3244 3241 3245
3245 3241 3246
3246 3241 3247
3247 3241 3248
3241 3249 3248
3249 3241 3250
3250 3251 3249
3252 3253 3249
3254 3249 3253
3255 3253 3256
3254 3257 3255
3256 3257 3258
3258 3257 3259
3257 3260 3259
3260 3257 3251
3251 3261 3260
3261 3262 3260
3263 3260 3262
3264 3263 3262
3265 3263 3264
3266 3265 3264
3267 3265 3266
3268 3262 3269
3268 3270 3262
3271 3262 3270
3270 3272 3271
3271 3272 3273
3274 3273 3272
3275 3273 3274
3268 3276 3270
3268 3277 3276
3278 3270 3276
3277 3279 3276
3276 3280 3278
3278 3280 3281
3280 3282 3281
3281 3282 3283
3284 3276 3279
3279 3285 3284
3284 3285 3286
3287 3286 3285
3288 3286 3287
3279 3289 3285
3289 3279 3290
3291 3289 3290
3292 3289 3291
3293 3289 3292
3293 3292 3294
3294 3292 3295
3295 3292 3296
3296 3292 3297
3292 3298 3297
3298 3292 3299
3299 3292 3300
3301 3302 3303
3304 3302 3301
3305 3304 3301
3306 3304 3305
3305 1114 3306
3307 3306 1114
3308 3306 3307
3308 3309 3306
3309 3308 3310
3310 3308 3311
3312 3306 3309
3313 3306 3312
3314 3313 3312
3312 3315 3314
3314 3315 3316
3317 3309 3310
3318 3317 3310
3319 3317 3318
3319 3318 3320
3319 3320 3321
3322 3310 3323
3324 3322 3323
3325 3322 3324
3310 3322 3326
3327 3322 3325
3326 3328 3310
3329 3327 3325
3330 3328 3326
3328 3330 3331
3331 3330 3332
3333 3327 3329
3334 3333 3329
3335 3333 3334
3336 3337 3338
3339 3337 3336
3340 3337 3339
3341 3340 3339
3341 3342 3340
3342 3341 3343
3342 3343 3344
3343 3341 3345
3341 3346 3345
3346 3341 3347
3345 3346 3348
3349 3346 3347
3348 3346 3350
3351 3346 3349
3352 3350 3346
3353 3346 3351
3352 3346 3353
3354 3342 3344
3342 3354 3355
3355 3356 3342
3357 3356 3355
3357 3358 3356
3359 3358 3357
3360 3354 3361
3362 3354 3360
3362 3360 3363
3364 3362 3363
3354 3362 3365
3365 3366 3354
3367 3366 3365
3367 3368 3366
3369 3368 3367
3362 3370 3371
3371 3370 3372
3362 3371 3373
3362 3373 3374
3374 3373 3375
3375 3373 3376
3375 3376 3377
3378 3379 3371
3378 3380 3379
3378 3381 3380
3382 3381 3378
3382 3378 3383
3378 3384 3383
3385 3378 3371
3384 3378 3385
3385 3371 3386
3385 3387 3384
3388 3384 3387
3388 3389 3384
3390 3384 3389
3390 3389 3391
3391 3389 3392
3392 3389 3393
3393 3389 3394
3389 3395 3394
3395 3389 3396
3396 3397 3395
3398 3395 3397
3398 3399 3395
3400 3395 3399
3400 3399 3401
3401 3399 3402
3402 3399 3403
3403 3399 3404
3405 3399 3398
3399 3405 3404
3398 3406 3405
3404 3405 3407
3405 3406 3407
3408 3409 3410
3411 3409 3408
3412 3411 3408
3412 1116 3411
3411 1116 1114
3413 1058 3414
3414 1058 3415
3416 3417 3418
3418 3419 3416
3420 3416 3419
3419 3421 3422
3421 3419 3423
3424 3421 3423
3425 3421 3424
3426 3421 3425
3427 3421 3426
3427 3428 3421
3421 3428 3420
3420 3428 3429
3428 3430 3431
3430 3432 3429
3430 3428 3433
3434 3430 3433
3435 3430 3434
3436 3430 3435
3437 3430 3436
3437 3438 3430
3438 3439 3430
3438 3440 3432
3440 3438 3441
3442 3440 3441
3443 3440 3442
3444 3445 3439
3446 3444 3443
3447 3445 3444
3448 3444 3446
3448 3447 3444
3449 3450 3451
3452 3449 3453
3453 3454 3452
3455 3450 3456
3456 3452 3457
3458 3455 3456
3459 3456 3457
3458 3456 3460
3461 3456 3459
3460 3456 3461
3462 3463 3464
3465 3462 3464
3465 3464 3466
3466 3464 3467
3467 3464 3468
3468 3464 3469
3464 3470 3469
3462 3471 3472
3471 3462 3473
3474 3471 3473
3475 3471 3474
3476 3471 3475
3477 3471 3476
3477 3478 3471
3478 3479 3471
3471 3479 3480
3480 3481 3462
3464 3481 3482
3482 3483 3464
3464 3483 3484
3485 3486 3487
3488 3487 3486
3488 3486 3489
3486 3490 3489
3491 3490 3486
3490 3491 3492
3492 3491 3493
3491 3494 3493
3491 3486 3495
3491 3495 3496
3497 3494 3491
3497 3498 3494
3494 3498 3499
3500 3494 3499
3500 3499 3501
3501 3499 3502
3502 3499 3503
3503 3499 3504
3499 3498 3505
3499 3506 3504
3506 3499 3505
3505 3507 3506
3508 3486 3509
3510 3509 3511
3511 3509 3487
3511 3487 3512
3513 3511 3512
3514 3511 3513
3515 3511 3514
3516 3511 3515
3516 3517 3511
3511 3518 3519
3510 3518 3520
3518 3521 3520
3521 3518 3522
3523 3524 3522
3525 3524 3523
3526 3524 3525
3527 3524 3526
3527 3528 3524
3524 3528 3529
3529 3528 3530
3528 3531 3532
3531 3533 3532
3531 3528 3534
3531 3534 3535
3535 3534 3536
3537 3535 3536
3538 3537 3536
3539 3540 3531
3531 3541 3539
3541 3531 3542
3542 3543 3541
3544 3543 3542
3544 3545 3543
3546 3545 3544
3547 3548 3541
3541 3549 3547
3549 3541 3550
3550 3551 3549
3552 3551 3550
3552 3553 3551
3554 3553 3552
3549 3555 3556
3555 3557 3556
3555 3549 3558
3555 3558 3559
3559 3558 3560
3561 3560 3558
3562 3560 3561
3563 3564 3555
3555 3565 3563
3565 3555 3566
3566 3555 3567
3568 3566 3567
3569 3568 3567
3569 3567 3570
3571 3572 3573
3574 3575 3572
3573 3576 3575
3573 3575 3577
3578 3573 3577
3579 3573 3578
3580 3573 3579
3581 3573 3580
3581 3582 3583
3582 3584 3583
3585 3584 3582
3586 3587 3585
3586 3582 3588
3582 3586 3589
3589 3587 3507
3590 3586 3588
3591 3587 3586
3592 3586 3590
3591 3586 3593
3593 3586 3592
3594 3595 3596
3596 3575 3594
3575 3596 3597
3597 3598 3575
3599 3598 3597
3599 3600 3598
3601 3600 3599
3596 3602 3603
3603 3602 3604
3605 3596 3603
3603 3604 3606
3603 3606 3607
3603 3608 3605
3605 3608 3609
3610 3609 3608
3611 3609 3610
3612 3603 3607
3607 3613 3612
3613 3607 3614
3614 3607 3615
3615 3607 3616
3607 3617 3616
3617 3606 3618
3619 3617 3618
3617 3607 3620
3618 3620 3621
3619 3618 3622
3622 3618 3623
3623 3618 3624
3624 3618 3625
3618 3626 3625
3626 3618 3627
3628 3629 3630
3631 3629 3628
3632 3629 3631
3633 3629 3632
3633 3634 3629
3634 3635 3629
3634 3636 3635
3636 3634 3637
3638 3636 3637
3639 3636 3638
3640 3636 3639
3641 3636 3640
3641 3642 3636
3636 3642 3635
3635 3642 3643
3629 3635 3644
3645 3629 3644
3629 3645 3646
3642 3647 3648
3647 3649 3648
3647 3642 3650
3650 3642 3651
3652 3650 3651
3652 3653 3650
3654 3653 3652
3655 3656 3647
3657 3658 3655
3658 3657 3659
3659 3660 3658
3661 3660 3659
3661 3662 3660
3663 3662 3661
3664 3665 3666
3666 3665 3667
3666 3667 3668
3668 3667 3669
3669 3418 3668
3670 3671 3672
3672 3671 3673
3672 3674 3670
3670 3674 3675
3672 3673 3676
3676 3673 3677
3677 3678 3676
3676 3679 3672
3679 3674 3672
3676 3678 3680
3680 3679 3676
3681 3680 3678
3681 3682 3680
3682 3683 3680
3679 3680 3683
3682 3684 3683
3683 3684 3685
3686 3679 3683
3685 3686 3683
3674 3679 3686
3687 3686 3685
3686 3687 3688
3688 3674 3686
3688 3687 3689
3688 3689 3690
3674 3688 3691
3691 3688 3690
3691 3675 3674
3691 3690 3692
3693 3675 3691
3693 3691 3692
3694 3695 3696
3696 3695 3697
3697 3695 3698
3699 3697 3698
3700 3699 3698
3700 3698 3701
3698 3695 3701
3702 3700 3701
3702 3701 3703
3703 3704 3702
3703 3705 3704
3706 3705 3703
3706 3703 3707
3701 3707 3703
3708 3706 3707
3701 3695 3709
3701 3709 3707
3708 3707 3710
3707 3709 3710
3711 3708 3710
3709 3695 3712
3710 3709 3712
3695 3694 3712
3710 3712 3713
3712 3694 3713
3711 3710 3714
3714 3715 3711
3710 3716 3714
3714 3717 3715
3694 3718 3716
3714 3716 3718
3717 3714 3718
3719 3718 3694
3718 3720 3717
3719 3720 3718
3721 3722 3723
3722 3724 3723
3722 3725 3724
3726 3725 3722
3721 3727 3722
3728 3727 3721
3728 3729 3727
3726 3722 3730
3727 3730 3722
3729 3731 3727
3727 3731 3730
3732 3726 3730
3731 3732 3730
3733 3726 3732
3733 3732 3734
3729 3735 3731
3731 3735 3732
3729 3736 3735
3734 3732 3737
3735 3737 3732
3738 3734 3737
3738 3737 3739
3740 3739 3737
3741 3736 3740
3735 3736 3741
3740 3737 3741
3741 3737 3735
3742 3743 3744
3744 3743 3745
3742 3746 3743
3747 3746 3742
3748 3746 3747
3745 3743 3749
3743 3746 3749
3750 3746 3748
3749 3746 3750
3751 3750 3748
3752 3750 3751
3749 3753 3745
3750 3753 3749
3752 3753 3750
3745 3753 3754
3754 3753 3752
3755 3756 3757
3757 3758 3755
3756 3759 3757
3757 3760 3758
3761 3760 3757
3757 3759 3762
3757 3763 3761
3757 3762 3764
3763 3757 3764
3764 3762 3765
3763 3764 3766
3764 3765 3767
3767 3766 3764
3767 3765 3768
3769 3766 3767
3768 3770 3767
3769 3767 3771
3772 3767 3770
3767 3773 3771
3774 3767 3772
3774 3773 3767
