byte offset: 0
first index: 0
index count: 12495
topology: trianglelist
format: DXGI_FORMAT_R16_UINT

0 1 2
0 3 4
5 3 0
0 6 5
0 7 6
0 8 7
7 8 9
8 10 9
8 11 10
8 12 11
8 13 12
14 15 16
14 17 18
14 18 19
19 18 20
19 20 21
22 21 20
14 19 23
23 19 21
24 14 23
25 14 24
26 23 21
23 26 24
21 22 27
26 21 27
28 25 24
25 28 29
29 28 30
28 24 31
32 30 28
24 33 31
26 33 24
33 34 31
35 33 26
35 26 27
35 34 33
32 36 30
36 37 30
32 38 36
38 37 36
32 34 38
38 39 37
39 40 37
41 40 39
41 42 40
43 42 41
44 39 38
43 45 42
46 38 34
46 44 38
34 35 47
34 47 46
44 46 48
44 48 43
46 47 48
45 43 49
45 49 50
35 51 47
51 35 27
52 43 48
52 49 43
50 49 53
50 53 54
55 54 53
55 56 54
55 57 56
58 48 47
47 51 58
59 51 27
59 27 22
49 60 53
49 52 60
52 48 61
58 61 48
58 51 62
51 59 62
63 59 22
22 64 63
64 65 63
65 66 63
67 59 63
59 67 62
63 66 67
68 58 62
58 68 61
62 67 69
69 68 62
66 70 67
69 67 70
71 70 66
72 71 66
70 73 69
71 73 70
72 74 71
72 75 74
76 74 75
71 74 77
73 71 77
76 78 74
78 77 74
76 79 78
80 68 69
73 81 69
69 81 80
77 82 73
73 82 81
83 81 82
84 77 78
84 82 77
80 85 68
68 85 61
80 81 86
80 86 85
86 81 87
87 81 83
88 85 86
86 87 88
85 89 61
89 85 88
78 90 84
78 79 90
84 91 82
91 83 82
84 90 92
92 91 84
79 93 90
92 90 93
94 87 83
88 87 94
89 95 61
52 61 95
60 52 95
96 93 79
97 96 79
98 96 97
99 95 89
99 60 95
60 99 100
101 60 100
53 60 101
53 101 55
93 96 102
103 96 98
96 103 102
102 104 93
104 92 93
99 89 105
106 100 99
106 99 105
100 106 107
89 108 105
88 108 89
105 109 106
105 108 109
110 107 106
109 110 106
111 108 88
112 108 111
112 113 108
109 108 113
109 113 114
111 88 94
115 110 109
115 109 114
115 116 110
115 114 116
116 117 110
117 116 118
114 118 116
117 119 110
107 110 119
114 120 118
121 107 119
121 119 122
123 121 122
94 124 111
94 125 124
94 83 125
126 125 83
126 124 125
111 124 127
111 127 112
128 112 127
127 129 128
130 129 127
130 127 124
126 130 124
126 83 131
91 131 83
132 131 91
92 132 91
133 126 131
132 133 131
134 132 92
133 132 134
134 92 104
130 126 135
133 135 126
133 134 136
136 135 133
104 137 134
137 136 134
129 130 138
130 135 138
139 137 104
139 104 102
102 140 139
102 103 140
141 137 139
139 140 141
142 140 103
103 98 142
141 140 143
143 140 142
144 142 98
144 98 145
145 146 144
144 146 147
148 142 144
143 142 148
147 148 144
148 149 143
149 148 147
141 143 150
143 149 150
149 151 150
151 152 150
150 152 141
152 153 141
153 137 141
153 154 137
154 136 137
155 149 147
155 147 156
157 155 156
158 155 157
159 149 155
159 155 158
159 160 149
160 159 158
152 161 153
162 154 153
162 153 161
163 136 154
154 162 163
152 160 164
164 161 152
160 158 165
160 165 164
166 136 163
166 135 136
166 167 135
135 167 138
168 166 163
168 167 166
163 162 169
163 169 168
165 158 170
164 165 170
161 164 171
161 172 162
161 171 172
173 169 162
173 162 172
164 170 174
171 164 174
138 167 175
176 167 168
167 176 175
176 168 177
177 178 176
168 169 179
168 179 177
169 180 179
169 173 180
138 175 181
175 182 181
129 138 181
175 176 183
183 176 178
177 179 184
180 184 179
180 185 184
186 182 175
186 175 183
186 187 182
186 183 187
187 183 188
188 189 187
182 187 189
188 183 190
178 190 183
182 189 191
192 182 191
193 190 178
193 194 190
195 194 193
193 196 195
196 193 197
178 198 193
197 193 198
178 199 198
199 197 198
200 197 199
197 200 201
200 199 202
202 199 203
199 178 204
199 204 203
204 178 177
177 205 204
204 206 203
205 206 204
177 207 205
207 208 205
184 207 177
206 205 209
205 208 210
211 206 209
212 211 209
210 213 212
210 214 213
208 214 210
215 206 211
206 215 203
214 208 216
208 217 216
218 217 208
203 215 219
220 203 219
219 215 221
222 218 208
222 223 218
207 222 208
207 224 222
222 224 223
184 224 207
184 185 224
218 223 225
218 225 226
223 227 225
223 228 227
229 223 224
224 185 229
223 230 228
230 223 229
231 228 230
230 232 231
232 230 233
229 234 230
233 230 234
235 234 229
185 235 229
234 236 233
235 236 234
233 236 237
233 237 238
236 239 237
240 239 236
241 240 236
241 236 235
240 241 242
235 243 241
235 185 243
244 242 241
241 243 244
245 242 244
244 246 245
247 246 244
247 248 246
247 249 248
244 249 247
243 249 244
243 250 249
249 250 251
243 185 252
243 252 250
250 253 251
251 253 254
250 255 253
250 252 255
254 253 256
256 253 255
256 257 254
256 258 257
255 259 256
252 259 255
256 259 258
185 260 252
260 259 252
185 180 260
180 261 260
180 173 261
260 262 259
260 261 262
263 258 259
259 262 263
261 173 264
264 173 172
172 265 264
171 265 172
266 261 264
264 265 266
262 261 267
267 261 266
268 262 267
266 268 267
263 262 269
269 262 268
171 270 265
174 270 171
266 265 271
272 268 266
271 272 266
273 269 268
272 273 268
270 274 265
265 274 271
174 275 270
270 275 274
263 269 276
276 269 273
277 272 271
274 277 271
277 278 272
174 279 275
170 279 174
280 279 170
158 280 170
158 281 280
282 279 280
275 279 282
280 283 282
284 283 158
282 283 285
286 275 282
282 285 286
274 275 286
286 285 287
286 288 274
274 288 277
287 289 286
286 289 288
290 288 289
287 291 289
291 290 289
291 292 290
293 290 292
294 277 288
290 294 288
294 278 277
290 295 294
294 295 278
293 296 290
290 296 295
293 297 296
293 298 297
298 293 299
300 296 297
300 295 296
295 300 301
278 295 301
278 301 302
301 303 302
278 302 304
303 304 302
303 305 304
306 305 303
307 304 305
278 304 308
272 278 308
272 308 273
304 273 308
273 304 307
307 276 273
307 309 276
309 307 310
311 309 310
311 276 309
311 310 312
311 312 313
311 314 276
311 313 314
263 276 314
314 315 263
315 258 263
314 313 316
314 316 315
258 315 317
316 318 315
318 317 315
318 319 317
317 319 320
321 258 317
320 321 317
322 258 321
257 258 322
322 323 257
257 323 324
323 322 325
322 321 325
326 325 321
321 327 326
320 327 321
327 320 328
319 328 320
319 329 328
328 329 330
329 319 331
319 332 331
333 332 319
333 319 334
334 319 318
335 333 334
318 335 334
336 333 335
336 335 337
338 337 335
335 339 338
340 339 335
341 335 318
316 341 318
340 335 342
342 335 341
343 340 342
342 341 343
316 344 341
341 344 345
343 346 340
346 347 340
346 345 348
349 348 343
343 350 349
344 350 343
350 351 349
349 351 352
353 351 350
353 350 344
353 354 351
355 354 353
353 356 355
355 356 357
358 356 353
344 358 353
344 359 358
316 359 344
316 313 359
360 358 359
313 360 359
360 361 358
313 362 360
363 364 365
365 366 367
367 366 368
368 366 369
370 368 369
371 370 369
372 371 369
369 373 372
372 373 374
374 371 372
375 371 374
375 376 371
377 367 368
378 367 377
368 379 377
379 368 370
379 380 377
379 381 380
380 381 382
381 379 383
370 383 379
383 384 381
385 384 383
383 370 385
385 386 384
385 387 386
386 387 388
387 385 389
370 389 385
387 389 390
391 389 370
391 390 389
371 391 370
392 390 391
392 391 371
393 390 392
390 393 394
393 395 394
392 371 396
371 376 396
397 393 392
396 397 392
393 398 395
398 393 397
398 399 395
398 397 399
376 400 396
396 400 397
376 401 400
401 402 400
400 403 397
399 397 403
400 402 404
400 404 403
402 405 404
406 399 403
403 404 406
404 405 407
406 404 407
407 405 408
408 405 409
408 409 410
408 410 411
408 411 412
412 413 408
408 414 407
407 414 406
413 414 408
399 406 415
416 399 415
417 416 415
417 415 418
406 418 415
406 414 418
418 414 419
418 419 420
421 414 413
419 414 421
422 421 413
422 413 423
424 420 419
419 421 424
425 420 424
424 421 426
425 424 427
427 424 426
428 429 430
429 431 432
429 433 431
434 431 433
434 433 435
436 437 438
439 436 440
441 436 439
436 441 442
443 436 442
442 441 444
444 441 445
444 445 446
441 447 445
439 447 441
439 448 447
449 450 436
451 452 439
451 439 453
454 451 453
451 454 455
456 455 454
456 454 457
457 454 458
453 439 459
459 454 453
454 459 458
459 439 460
461 459 460
462 458 459
463 462 459
464 465 466
467 468 465
467 465 469
470 471 469
469 471 472
473 474 475
476 477 478
478 479 480
479 481 480
480 481 482
482 481 483
479 484 481
479 485 484
486 483 481
487 483 486
483 487 488
489 483 488
490 491 492
493 494 495
496 494 497
494 496 498
499 500 501
502 501 503
502 503 504
505 506 504
505 504 507
147 508 509
510 511 512
513 514 510
514 513 515
516 514 515
516 517 518
516 518 519
519 518 520
521 522 523
524 522 525
524 525 526
525 527 526
525 528 527
529 530 531
530 532 533
533 532 534
535 530 533
533 534 536
533 536 535
537 536 534
536 537 538
535 536 538
535 538 539
539 540 535
540 539 541
539 538 542
538 537 542
542 543 539
539 543 544
545 543 542
542 537 545
534 546 537
546 534 547
548 547 530
546 547 548
549 548 530
550 548 549
550 551 548
548 551 552
548 552 546
552 551 553
552 553 554
555 546 552
554 556 552
537 546 557
558 546 556
559 537 557
560 558 556
559 558 560
560 561 559
560 555 562
562 556 554
563 562 554
559 564 537
561 564 559
545 537 564
560 562 565
565 562 563
565 566 560
566 561 560
563 567 565
565 567 566
568 566 567
561 566 569
568 569 566
563 554 570
554 571 570
554 572 571
571 573 570
574 573 571
575 564 561
575 576 564
564 576 545
545 576 577
577 543 545
544 543 577
577 576 578
578 544 577
576 575 579
579 578 576
561 580 575
575 580 579
581 544 578
544 581 582
583 581 578
578 579 583
583 584 581
561 585 580
569 585 561
579 580 586
586 580 585
587 585 569
586 585 587
587 569 568
588 583 579
579 586 588
583 588 589
590 584 583
590 591 584
590 592 591
587 593 586
586 593 588
588 594 590
594 592 590
587 568 595
595 593 587
588 593 596
596 594 588
594 597 592
598 592 597
597 599 598
597 594 600
600 594 596
600 599 597
601 596 593
600 596 601
601 593 595
600 602 599
602 600 601
602 603 599
602 601 603
599 603 604
605 599 604
604 606 605
601 607 603
595 607 601
608 603 607
609 603 608
610 607 595
610 611 607
608 612 611
610 613 611
610 595 614
595 568 614
615 613 610
615 616 613
617 616 615
614 618 610
618 614 568
610 618 615
618 568 619
568 567 619
615 618 620
620 618 619
615 620 617
619 567 621
620 619 621
621 567 563
621 622 620
622 621 623
621 563 623
620 622 624
620 624 617
623 563 625
626 625 563
626 573 625
624 627 617
617 627 628
617 628 629
630 631 632
633 632 634
634 632 635
635 632 636
636 632 637
633 638 632
632 639 637
640 632 638
632 641 639
642 639 641
642 643 639
643 642 644
639 643 645
645 643 646
646 643 644
646 644 647
647 644 648
648 644 649
644 650 649
650 644 651
644 652 651
651 653 650
654 655 653
656 655 650
657 650 655
657 655 658
658 655 659
659 655 660
660 655 661
655 662 661
662 655 663
663 664 662
665 666 662
667 662 666
667 666 668
668 666 669
669 666 670
670 666 671
666 672 671
672 666 664
664 673 672
673 674 672
675 672 674
676 675 674
677 675 676
678 677 676
679 677 678
680 674 681
680 682 674
683 674 682
682 684 683
683 684 685
686 685 684
687 685 686
680 688 682
680 689 688
690 682 688
689 691 688
688 692 690
690 692 693
692 694 693
693 694 695
696 688 691
691 697 696
696 697 698
699 698 697
700 698 699
691 701 697
701 691 702
703 701 702
704 701 703
705 701 704
705 704 706
706 704 707
707 704 708
708 704 709
710 704 711
712 713 709
713 712 710
714 715 716
717 718 715
719 715 718
718 720 719
719 720 721
720 722 721
721 722 723
724 725 717
715 726 727
727 726 728
729 728 726
726 730 729
731 726 715
732 726 731
732 731 733
731 734 733
733 734 735
730 726 736
737 730 736
738 730 737
739 730 738
740 730 739
740 741 730
742 730 741
742 741 743
744 743 741
744 741 745
746 744 745
747 744 746
748 744 747
749 744 748
750 743 744
749 751 744
750 744 751
750 751 752
753 754 755
754 756 757
754 758 756
756 758 759
758 754 760
760 761 758
762 761 760
762 763 761
764 763 762
758 765 766
765 758 767
765 768 766
767 769 765
770 769 767
770 771 769
772 771 770
765 773 768
773 765 774
768 773 775
773 776 775
775 776 777
777 776 778
779 778 776
779 776 780
780 776 781
781 776 782
782 776 783
776 773 783
773 774 784
774 785 784
784 785 786
786 785 787
788 789 790
791 792 788
792 793 788
794 788 795
795 788 796
796 788 797
797 788 798
788 799 798
799 788 800
800 801 799
799 802 803
804 799 803
804 803 805
805 803 806
807 803 801
801 808 807
803 807 809
810 803 809
811 803 810
807 812 813
814 807 813
813 812 815
814 813 816
816 813 817
817 813 818
818 813 819
813 820 819
820 813 821
815 822 820
823 822 824
825 820 823
820 826 823
824 827 823
823 827 828
828 829 830
828 830 831
832 823 833
833 823 834
834 823 835
823 836 835
835 836 837
836 838 837
839 840 841
842 843 839
843 842 844
844 845 843
846 845 844
846 847 845
848 847 846
849 123 850
850 851 121
851 852 121
107 121 852
853 852 851
107 852 853
854 853 851
851 855 854
854 856 853
856 857 853
853 858 107
853 857 858
858 100 107
100 858 859
859 858 860
858 857 860
860 861 859
860 857 862
862 863 860
863 861 860
864 861 863
861 864 865
861 865 866
867 861 866
861 867 868
857 869 862
870 869 857
869 871 862
868 872 100
100 872 101
868 873 872
866 874 873
873 874 875
876 873 875
872 877 101
101 877 55
872 873 878
878 873 876
872 878 877
879 878 876
877 878 879
879 876 880
880 881 879
879 881 882
879 882 883
55 877 884
884 877 879
879 883 885
885 884 879
886 885 883
886 887 885
885 887 888
55 884 889
889 57 55
889 890 57
891 57 890
891 890 892
890 893 892
894 893 890
890 895 894
895 890 888
895 888 896
885 897 884
884 897 889
890 889 897
888 890 897
888 897 885
640 898 899
898 900 901
900 898 902
903 900 902
904 900 905
906 900 904
907 900 906
907 908 900
909 900 908
909 908 910
908 911 910
912 911 908
913 912 908
913 908 914
913 914 915
913 915 916
916 915 917
912 918 911
918 919 911
918 912 920
921 918 920
922 921 920
923 922 920
924 922 923
925 926 919
927 918 925
928 926 925
929 925 918
930 929 918
931 929 930
932 931 930
933 931 932
925 934 935
934 925 936
937 934 936
938 934 937
939 934 938
940 934 939
940 941 934
928 934 941
928 941 942
943 928 942
942 944 943
943 944 945
946 945 944
946 944 947
947 944 948
948 944 949
949 944 950
944 942 950
951 942 941
952 951 941
953 951 952
953 952 954
954 952 955
909 956 638
957 958 959
957 960 958
961 960 957
962 961 957
961 962 963
963 962 964
965 963 964
966 965 964
966 967 965
968 962 957
969 964 962
969 962 968
970 966 964
970 964 969
968 957 971
971 957 972
972 958 973
973 974 972
973 975 974
976 974 975
974 976 977
977 976 978
979 974 977
972 974 979
979 977 980
972 979 981
971 972 981
982 979 980
982 981 979
982 980 983
982 983 984
971 981 985
985 981 982
982 984 986
986 985 982
971 985 987
968 971 987
968 987 988
969 968 988
987 985 989
987 990 988
989 990 987
969 988 991
988 990 991
969 991 992
969 992 970
993 985 986
989 985 993
991 990 994
992 991 994
995 970 992
995 966 970
995 996 966
996 967 966
997 967 996
998 967 997
999 998 997
997 1000 999
1001 996 995
1001 997 996
995 992 1002
1001 995 1002
997 1003 1000
1001 1003 997
1001 1004 1003
1005 1000 1003
1006 1000 1005
1005 1007 1006
1002 992 1008
992 994 1008
1001 1002 1009
1009 1010 1001
1011 1005 1003
1011 1003 1010
1005 1012 1007
1013 1007 1012
1002 1008 1014
1009 1002 1014
1015 1005 1011
1015 1012 1005
1016 1013 1012
1016 1017 1013
1018 1012 1015
1018 1016 1012
1019 1017 1016
1019 1016 1018
1020 1017 1019
1021 1015 1011
1021 1018 1015
1019 1022 1020
1022 1023 1020
1018 1024 1019
1021 1024 1018
1021 1011 1025
1010 1025 1011
1026 1022 1019
1019 1024 1026
1027 1023 1022
1027 1028 1023
1029 1028 1027
1028 1029 1030
1029 1031 1030
1032 1027 1022
1032 1029 1027
1033 1025 1010
1009 1033 1010
1033 1009 1034
1009 1014 1034
1035 1025 1033
1033 1034 1035
1036 1022 1026
1032 1022 1036
1037 1031 1029
1038 1031 1037
1037 1039 1038
1038 1039 1040
1041 1040 1039
1042 1037 1029
1042 1039 1037
1032 1043 1029
1042 1029 1043
1044 1042 1043
1045 1032 1036
1043 1032 1045
1046 1036 1026
1045 1036 1046
1042 1047 1039
1042 1044 1047
1041 1039 1048
1039 1047 1048
1044 1043 1049
1043 1045 1049
1046 1026 1050
1050 1026 1024
1051 1041 1048
1051 1052 1041
1051 1053 1052
1054 1053 1051
1051 1055 1054
1048 1055 1051
1056 1054 1055
1048 1057 1055
1055 1057 1058
1048 1047 1057
1056 1055 1059
1055 1058 1059
1056 1059 1060
1061 1060 1059
1057 1047 1062
1057 1062 1058
1047 1044 1062
1061 1059 1063
1058 1063 1059
1064 1063 1058
1064 1058 1065
1062 1066 1058
1065 1058 1066
1066 1062 1044
1065 1066 1067
1068 1067 1066
1066 1044 1068
1069 1067 1068
1044 1070 1068
1070 1069 1068
1049 1070 1044
1071 1069 1070
1049 1072 1070
1072 1071 1070
1045 1072 1049
1073 1071 1072
1072 1045 1074
1074 1073 1072
1046 1074 1045
1075 1073 1074
1076 1074 1046
1074 1076 1075
1075 1076 1077
1050 1076 1046
1076 1078 1077
1079 1078 1076
1079 1076 1050
1080 1078 1079
1050 1080 1079
1080 1081 1078
1080 1050 1082
1050 1024 1082
1081 1080 1083
1080 1082 1083
1081 1083 1084
1083 1085 1084
1083 1086 1085
1082 1086 1083
1087 1085 1086
1088 1082 1024
1088 1086 1082
1088 1024 1021
1087 1086 1089
1089 1086 1088
1090 1088 1021
1090 1021 1025
1090 1025 1035
1091 1087 1089
1091 1092 1087
1088 1093 1089
1093 1088 1090
1089 1093 1091
1091 1094 1092
1091 1093 1094
1092 1094 1095
1094 1096 1095
1097 1093 1090
1090 1035 1097
1097 1094 1093
1098 1096 1094
1097 1098 1094
1099 1096 1098
1098 1100 1099
1101 1100 1098
1098 1097 1101
1100 1101 1102
1035 1103 1097
1101 1097 1103
1035 1034 1103
1103 1034 1014
1102 1101 1104
1101 1103 1104
1102 1104 1105
1103 1014 1106
1104 1103 1106
1105 1104 1107
1104 1106 1107
1014 1108 1106
1107 1106 1108
1008 1108 1014
1108 1008 1109
1109 1107 1108
1008 994 1109
1110 1105 1107
1110 1107 1109
1110 1111 1105
1111 1110 1112
1110 1109 1113
1112 1110 1113
1109 994 1114
1113 1109 1114
994 1115 1114
1114 1115 1113
990 1115 994
1112 1113 1116
1113 1115 1116
1112 1116 1117
1115 990 1118
1115 1118 1116
990 989 1118
1117 1116 1119
1116 1118 1119
1117 1119 1120
1119 1121 1120
1119 1118 1121
1120 1121 1122
1118 989 1123
1121 1118 1123
989 993 1123
1123 993 1124
1125 1122 1121
1123 1125 1121
1124 1125 1123
1125 1126 1122
1125 1127 1126
1127 1125 1124
1126 1127 1128
1127 1129 1128
1124 1129 1127
1128 1129 1130
1129 1131 1130
1129 1132 1131
1132 1133 1131
1124 993 1134
986 1134 993
1124 1135 1129
1135 1132 1129
1136 1133 1132
1136 1137 1133
1124 1138 1135
1124 1134 1138
1139 1132 1135
1139 1136 1132
1138 1139 1135
1140 1137 1136
1137 1140 1141
1140 1142 1141
1143 1136 1139
1143 1140 1136
1140 1144 1142
1143 1144 1140
1142 1144 1145
1146 1145 1144
1147 1145 1146
1148 1147 1146
1138 1149 1139
1149 1143 1139
1144 1143 1150
1146 1144 1150
1148 1146 1151
1148 1151 1152
1149 1153 1143
1153 1150 1143
1153 1154 1150
1146 1150 1155
1146 1155 1151
1155 1150 1154
1151 1156 1152
1152 1156 1157
1156 1151 1158
1151 1155 1158
1158 1155 1159
1160 1159 1155
1154 1160 1155
1161 1160 1154
1154 1162 1161
1154 1163 1162
1154 1164 1163
1153 1164 1154
1163 1164 1165
1166 1165 1164
1167 1164 1153
1153 1149 1167
1138 1167 1149
1164 1168 1166
1167 1168 1164
1166 1168 1169
1169 1168 1170
1167 1170 1168
1169 1170 1171
1172 1171 1170
1138 1173 1167
1167 1173 1170
1173 1138 1134
1174 1172 1170
1170 1173 1174
1173 1134 1175
1175 1134 986
1175 1176 1173
1174 1173 1176
1177 1176 1175
1177 1175 986
1177 986 984
1174 1178 1172
1172 1178 1179
1180 1179 1178
1178 1174 1181
1174 1182 1181
1180 1178 1183
1184 1180 1183
1185 1184 1183
1184 1185 1186
1187 1186 1185
1188 1187 1185
1188 1189 1187
1188 1190 1189
1190 1188 1191
1192 1183 1178
1192 1178 1181
1185 1183 1192
1193 1181 1182
1194 1193 1182
1194 1195 1193
1194 984 1195
1181 1193 1196
1193 1195 1196
1197 1192 1181
1181 1196 1197
1198 1197 1196
1195 1199 1196
1198 1196 1199
1192 1200 1185
1197 1200 1192
1201 1195 984
1201 984 1202
1201 1202 1203
1200 1204 1185
1204 1188 1185
1195 1201 1205
1206 1195 1205
1201 1203 1207
1207 1203 1208
1205 1201 1209
1201 1207 1209
1197 1210 1200
1200 1211 1204
1200 1210 1211
1204 1212 1188
1204 1211 1212
1197 1213 1210
1198 1213 1197
1214 1188 1212
1188 1214 1191
1191 1214 1215
1216 1215 1214
1217 1216 1214
1218 1216 1217
1219 1214 1212
1219 1217 1214
1217 1220 1218
1220 1221 1218
1222 1220 1217
1222 1217 1219
1222 1219 1223
1223 1219 1224
1219 1212 1225
1219 1225 1224
1226 1224 1225
1225 1212 1211
1227 1226 1225
1211 1227 1225
1227 1228 1226
1229 1228 1227
1211 1230 1227
1227 1230 1229
1211 1210 1230
1230 1231 1229
1210 1232 1230
1230 1232 1231
1210 1213 1232
1232 1233 1231
1213 1234 1232
1234 1233 1232
1234 1235 1233
1236 1235 1234
1198 1234 1213
1237 1236 1234
1198 1237 1234
1238 1236 1237
1239 1238 1237
1237 1198 1239
1239 1240 1238
1198 1241 1239
1241 1198 1206
1239 1242 1240
1241 1242 1239
1243 1240 1242
1244 1241 1206
1244 1206 1205
1245 1243 1242
1246 1243 1245
1242 1241 1247
1245 1242 1247
1247 1241 1244
1246 1245 1248
1248 1245 1247
1249 1246 1248
1250 1244 1205
1251 1247 1244
1244 1250 1251
1252 1248 1247
1252 1247 1251
1249 1248 1253
1253 1248 1252
1254 1250 1205
1254 1205 1209
1249 1253 1255
1256 1249 1255
1255 1257 1256
1254 1209 1258
1258 1209 1207
1258 1207 1259
1207 1208 1259
1259 1208 1260
1208 1261 1260
1260 1262 1259
1263 1259 1262
1263 1258 1259
1258 1263 1264
1265 1258 1264
1254 1258 1265
1265 1264 1266
1267 1265 1266
1268 1254 1265
1268 1250 1254
1269 1265 1267
1268 1265 1269
1267 1270 1269
1268 1271 1250
1250 1271 1251
1270 1272 1269
1273 1272 1270
1274 1268 1269
1274 1271 1268
1274 1269 1272
1271 1275 1251
1274 1275 1271
1276 1272 1273
1276 1273 1277
1278 1274 1272
1278 1272 1276
1274 1279 1275
1274 1278 1279
1280 1278 1276
1280 1279 1278
1281 1276 1277
1280 1276 1281
1282 1281 1277
1283 1282 1277
1284 1282 1283
1282 1284 1285
1286 1280 1281
1286 1281 1282
1282 1285 1287
1286 1282 1287
1279 1288 1275
1275 1288 1289
1280 1290 1279
1286 1290 1280
1291 1287 1285
1292 1291 1285
1291 1292 1293
1279 1294 1288
1290 1294 1279
1291 1293 1295
1296 1295 1293
1297 1295 1296
1297 1296 1298
1299 1297 1298
1300 1299 1298
1301 1295 1297
1299 1301 1297
1302 1291 1295
1301 1302 1295
1302 1303 1291
1303 1287 1291
1304 1302 1301
1304 1303 1302
1303 1305 1287
1286 1287 1305
1299 1300 1306
1306 1300 1307
1301 1299 1308
1304 1301 1308
1304 1309 1303
1305 1303 1309
1310 1286 1305
1286 1310 1290
1311 1299 1306
1299 1311 1308
1312 1306 1307
1312 1307 1313
1314 1312 1313
1313 1315 1314
1314 1315 1316
1317 1306 1312
1317 1312 1314
1318 1305 1309
1310 1305 1318
1310 1319 1290
1290 1319 1294
1318 1320 1310
1310 1320 1319
1321 1318 1309
1318 1321 1320
1322 1314 1316
1323 1322 1316
1322 1323 1324
1323 1325 1324
1326 1324 1325
1327 1314 1322
1327 1322 1324
1328 1319 1320
1321 1328 1320
1329 1321 1309
1329 1309 1304
1327 1330 1314
1331 1330 1327
1317 1314 1330
1327 1324 1332
1327 1332 1331
1321 1333 1328
1329 1333 1321
1329 1304 1334
1334 1304 1308
1324 1335 1332
1326 1335 1324
1333 1329 1336
1336 1329 1334
1337 1335 1326
1337 1326 1338
1337 1338 1339
1340 1337 1339
1337 1340 1341
1335 1337 1341
1342 1341 1340
1335 1343 1332
1335 1341 1343
1341 1344 1343
1342 1345 1341
1341 1345 1344
1342 1346 1345
1347 1345 1346
1343 1348 1332
1343 1344 1348
1332 1348 1331
1347 1349 1345
1344 1345 1349
1350 1344 1349
1350 1351 1344
1348 1344 1352
1351 1352 1344
1352 1331 1348
1351 1353 1352
1354 1352 1353
1352 1354 1331
1355 1354 1353
1356 1354 1355
1331 1354 1356
1357 1356 1355
1358 1331 1356
1331 1358 1330
1359 1356 1357
1358 1356 1359
1360 1359 1357
1330 1358 1361
1361 1358 1359
1330 1361 1317
1362 1359 1360
1359 1362 1361
1363 1362 1360
1361 1364 1317
1317 1364 1306
1364 1311 1306
1361 1365 1364
1365 1361 1362
1365 1311 1364
1362 1363 1366
1366 1365 1362
1363 1367 1366
1366 1367 1368
1365 1369 1311
1369 1365 1366
1369 1308 1311
1370 1366 1368
1370 1369 1366
1371 1370 1368
1369 1370 1371
1371 1368 1372
1369 1373 1308
1371 1373 1369
1334 1308 1373
1372 1374 1371
1371 1374 1373
1372 1375 1374
1374 1375 1376
1373 1374 1377
1374 1376 1377
1334 1373 1377
1378 1377 1376
1379 1334 1377
1378 1379 1377
1334 1379 1336
1380 1379 1378
1379 1380 1336
1380 1378 1381
1380 1382 1336
1380 1381 1382
1381 1383 1382
1382 1383 1384
1333 1336 1382
1385 1382 1384
1333 1382 1385
1386 1385 1384
1385 1386 1387
1385 1388 1333
1388 1385 1387
1387 1389 1388
1388 1328 1333
1389 1390 1388
1388 1390 1328
1389 1257 1390
1390 1391 1328
1328 1391 1319
1257 1392 1390
1390 1392 1391
1319 1391 1393
1255 1392 1257
1294 1319 1393
1392 1393 1394
1255 1395 1392
1395 1393 1392
1393 1395 1294
1255 1253 1395
1294 1395 1288
1253 1396 1395
1395 1396 1288
1396 1253 1252
1288 1396 1252
1251 1288 1252
1061 1397 1398
1399 1400 1397
1400 1399 1063
1347 1401 1402
1403 1402 1404
1404 1349 1403
1405 1406 1407
1405 1408 1406
1409 1408 1405
1410 1409 1405
1411 1409 1410
1411 1410 1412
1410 1413 1412
1414 1413 1410
1415 1413 1414
1414 1416 1415
1414 1417 1416
1418 1417 1414
1419 1420 1421
1419 1421 1422
1422 1423 1419
1419 1423 1424
1419 1424 1425
1425 1424 1426
1426 1427 1425
1425 1427 1428
1427 1429 1428
1430 1429 1427
1430 1431 1429
1429 1431 1432
1429 1432 1433
1433 1434 1429
1435 1434 1433
1434 1435 1436
1436 1435 1437
1436 1437 1438
1436 1438 1439
1440 1436 1439
1440 1439 1441
1441 1439 1442
1441 1442 1443
1443 1444 1441
1441 1444 1445
1441 1445 1446
1446 1447 1448
1449 1447 1446
1450 1449 1446
1446 1451 1450
1446 1452 1451
1453 1454 1455
1454 1456 1455
1456 1454 1457
1457 1458 1456
1459 1458 1457
1459 1460 1458
1458 1460 1461
1460 1462 1461
1461 1462 1463
1463 1464 1461
1465 1461 1464
1466 1461 1465
1466 1465 1467
1467 1465 1468
1467 1468 1469
1469 1419 1467
1470 1471 1472
1472 1471 1473
1472 1473 1474
1472 1474 1475
1475 1476 1472
1472 1476 1477
1477 1476 1478
1477 1478 1479
1479 1480 1477
1481 1480 1479
1480 1481 1482
1482 1481 1483
1482 1483 1484
1482 1484 1485
1485 1486 1482
1487 1486 1485
1487 1488 1486
1486 1488 1489
1489 1490 1486
1486 1491 1492
1493 1492 1491
1494 1493 1490
1493 1494 1495
1496 1493 1495
1496 1495 1497
1496 1497 1498
1497 1499 1498
1498 1499 1500
1501 1498 1500
1501 1500 1502
1503 1501 1502
1504 1501 1503
1505 1506 1507
1507 1506 1508
1506 1509 1508
1510 1509 1506
1506 1511 1510
1512 1511 1506
1512 1513 1511
1513 1512 1514
1514 1512 1515
1515 1512 1516
1516 1512 1517
1518 1519 1520
1520 1519 1521
1520 1521 1522
1522 1521 1523
1522 1523 1524
1525 1522 1524
1522 1525 1526
1526 1527 1522
1527 1528 1522
1522 1528 1529
1530 1531 1532
1533 1531 1530
1534 1531 1533
1534 1535 1531
1531 1535 1536
1536 1535 1537
1538 1536 1537
1539 1536 1538
1540 1539 1538
1539 1540 1541
1542 1539 1541
1543 1539 1542
1544 1545 1546
1544 1547 1545
1544 1548 1547
1549 1548 1544
1549 1550 1548
1551 1550 1549
1551 1552 1550
1552 1551 1553
1553 1551 1554
1551 1555 1554
1556 1555 1551
1557 1558 1544
1559 1544 1558
1559 1560 1544
1544 1560 1561
1560 1562 1561
1561 1562 1563
1564 1563 1562
1563 1564 1565
1565 1566 1563
1566 1567 1563
1563 1567 1568
1569 1570 1571
1569 1571 1572
1573 1569 1572
1574 1569 1573
1575 1574 1573
1575 1576 1574
1574 1576 1577
1578 1574 1577
1579 1578 1577
1578 1579 1580
1578 1580 1581
1582 1578 1581
1583 1584 1585
1583 1586 1584
1586 1583 1587
1583 1588 1587
1583 1589 1588
1589 1590 1588
1590 1589 1591
1589 1592 1591
1591 1592 1593
1594 1591 1593
1594 1593 1595
1593 1596 1595
1593 1597 1596
1597 1593 1598
1599 1597 1598
1598 1600 1599
1600 1601 1599
1600 1602 1601
1600 1603 1602
1604 1603 1600
1604 1605 1603
1605 1606 1603
1605 1607 1606
1607 1605 1608
1605 1609 1608
1605 1610 1609
1610 1611 1609
1610 1612 1611
1612 1610 1613
1613 1610 1614
1610 1615 1614
1616 1617 1618
1618 1617 1619
1619 1620 1618
1620 1619 1621
1622 1620 1621
1622 1621 1623
1621 1624 1623
1623 1624 1625
1624 1626 1625
1626 1624 1627
1628 1627 1624
1629 1628 1624
1629 1630 1628
1631 1632 1628
1630 1633 1632
1633 1630 1583
1634 1635 1636
1635 1637 1636
1635 1638 1637
1635 1639 1638
1639 1635 1640
1635 1641 1640
1641 1642 1640
1641 1643 1642
1643 1641 1644
1645 1643 1644
1644 1646 1645
1646 1647 1645
1646 1648 1647
1646 1649 1648
1649 1646 1650
1651 1649 1650
1651 1650 1652
1650 1653 1652
1653 1650 1654
1650 1655 1654
1656 1654 1655
1657 1654 1656
1656 1658 1657
1659 1658 1656
1659 1660 1658
1659 1661 1660
1660 1661 1662
1661 1663 1662
1664 1663 1661
1664 1665 1663
1666 1665 1664
1667 1666 1664
1668 1669 1670
1669 1671 1670
1670 1671 1672
1673 1670 1672
1670 1673 1674
1675 1670 1674
1675 1674 1676
1676 1677 1675
1677 1678 1675
1678 1679 1675
1679 1680 1675
1681 1682 1683
1682 1684 1683
1682 1685 1684
1685 1686 1684
1685 1687 1686
1688 1687 1685
1685 1689 1688
1689 1685 1690
1690 1685 1691
1685 1692 1691
1693 1694 1695
1696 1693 1695
1697 1696 1695
1697 1695 1698
1695 1699 1698
1699 1700 1698
1701 1700 1699
1702 1701 1699
1703 1701 1702
1702 1704 1703
1705 1704 1702
1706 1705 1702
1707 1708 1709
1707 1710 1708
1707 1711 1710
1707 1712 1711
1713 1712 1707
1714 1713 1707
1714 1715 1713
1714 1716 1715
1716 1714 1717
1714 1718 1717
1714 1719 1718
1720 1721 1722
1720 1722 1723
1720 1723 1724
1725 1720 1724
1725 1724 1726
1727 1725 1726
1727 1726 1728
1728 1729 1727
1729 1730 1727
1727 1730 1731
1732 1727 1731
1733 1720 1734
1735 1734 1720
1735 1720 1736
1720 1737 1736
1736 1737 1738
1737 1739 1738
1740 1738 1739
1739 1741 1740
1741 1739 1742
1742 1739 1743
1739 1744 1743
1745 1746 1747
1748 1746 1745
1749 1748 1745
1750 1748 1749
1751 1749 1745
1752 1749 1751
1753 1749 1752
1749 1754 1750
1753 1755 1749
1755 1754 1749
1754 1755 1756
1755 1757 1756
1758 1759 1760
1761 1758 1760
1761 1760 1762
1763 1761 1762
1764 1763 1762
1764 1762 1765
1766 1767 1768
1769 1766 1768
1769 1770 1766
1768 1771 1769
1770 1772 1766
1770 1773 1772
1771 1774 1769
1770 1775 1773
1774 1776 1769
1777 1776 1774
1776 1777 120
1777 1778 120
120 114 1776
1776 114 1779
1776 1779 1769
113 1779 114
1779 1780 1769
1779 113 1780
1780 1770 1769
1780 113 112
1770 1780 1781
112 1781 1780
1770 1782 1775
1782 1770 1781
1775 1782 1783
1784 1775 1783
1785 1784 1783
1783 1786 1785
1783 1787 1786
1782 1781 1788
112 1788 1781
1783 1782 1788
1788 112 1789
1783 1788 1789
1789 112 128
1789 128 1790
1789 1791 1783
1783 1791 1787
1790 1791 1789
1787 1791 1790
1790 1792 1787
1790 1793 1792
1794 1793 1790
1790 1795 1794
128 1796 1790
1796 1797 1794
1795 1798 1797
128 1798 1795
1799 1800 128
128 129 1799
128 1800 1801
1800 1802 1801
1801 1802 1803
1801 1803 1804
1805 1801 1804
1802 1800 1806
1800 1807 1806
1800 1808 1807
1809 1808 1800
1800 1799 1809
1810 1808 1809
1809 1799 1810
1810 1811 1808
1810 1812 1811
1812 1810 1813
1813 1810 1814
1810 1799 1815
1815 1799 129
1814 1810 1816
1810 1815 1816
1817 1814 1816
1817 1818 1814
1817 1819 1818
1817 1820 1819
1821 1820 1817
1816 1815 1822
129 1822 1815
1816 1822 1817
129 1823 1822
1817 1822 1823
1823 1821 1817
1823 129 181
1824 1823 181
1824 1821 1823
181 182 1824
182 1825 1824
1824 1825 1821
1821 1826 1820
1820 1826 1827
1826 1821 1828
1828 1821 1829
1821 1825 1829
1829 1825 1830
1830 1825 191
1830 191 1831
1832 1833 1834
1832 1835 1833
1836 1833 1835
1836 1837 1838
1838 1837 1839
1838 1839 1840
1841 1839 1837
1841 1842 1839
1842 1841 1843
1844 1842 1843
1845 1842 1844
1840 1839 1846
1842 1846 1839
1840 1846 1847
1848 1846 1842
1847 1846 1849
1846 1848 1849
1847 1849 1850
1850 1851 1847
1849 1852 1850
1849 1853 1852
1848 1853 1849
1853 1848 1854
1848 1842 1855
1855 1854 1848
1855 1842 1845
1856 1854 1855
1857 1856 1855
1857 1855 1858
1858 1855 1845
1858 1845 1859
1860 1859 1845
1861 1862 1863
1864 1861 1863
1865 1861 1864
1865 1864 1866
1864 1867 1866
1863 1868 1864
1868 1867 1864
1863 1869 1868
1867 1868 1870
1869 1870 1868
1867 1870 1871
1869 1872 1870
1871 1870 1873
1871 1873 1874
1875 1870 1872
1875 1872 1876
1877 1878 1879
1880 1877 1879
1880 1879 1881
1881 1882 1880
1880 1882 1883
1880 1883 1884
1885 1886 1887
1885 1888 1886
1889 1888 1885
1889 1890 1888
1891 1890 1889
1891 1892 1890
1893 1894 1891
1893 1895 1894
1896 1897 1898
1896 1898 1899
1899 1898 1900
1899 1900 1901
1901 1900 1902
1901 1902 1903
1903 1902 1904
1903 1904 1905
1906 1907 1908
1906 1909 1907
1910 1909 1906
1910 1911 1909
1912 1911 1910
1912 1913 1911
1914 1913 1912
1914 1915 1913
1916 1917 1918
1916 1918 1919
1920 1921 1922
1920 1923 1921
1924 1925 1923
1924 1923 1926
1927 1928 1929
1927 1930 1928
1931 1932 1930
1931 1930 1933
1934 1935 1931
1934 1936 1935
1937 1936 1938
1937 1939 1936
1940 1939 1937
1940 1941 1939
1942 1941 1943
1942 1944 1941
1945 1944 1942
1945 1946 1944
1947 1946 1945
1947 1948 1946
1949 1950 1948
1949 1948 1951
1952 1953 1954
1952 1955 1953
1956 1955 1952
1956 1957 1955
1958 1959 1960
1958 1960 1961
1962 1963 1964
1962 1965 1963
1966 1965 1962
1966 1967 1965
1968 1969 1970
1968 1970 1971
1972 1973 1974
1972 1975 1973
1976 1975 1977
1976 1978 1975
1979 1978 1976
1979 1980 1978
1981 1980 1979
1981 1982 1980
1983 1982 1981
1983 1984 1982
1985 1986 1987
1985 1987 1988
1989 1990 1991
1989 1992 1990
1993 1992 1989
1993 1994 1992
1995 1996 1997
1995 1997 1998
1999 2000 2001
1999 2002 2000
2003 2002 1999
2003 2004 2002
2005 2006 2004
2005 2004 2007
2008 2009 2010
2008 2011 2009
2012 2011 2008
2012 2013 2011
2014 2013 2012
2014 2015 2013
2016 2017 2018
2016 2018 2019
2020 2021 2022
2020 2023 2021
2024 2023 2020
2024 2025 2023
2026 2027 2028
2026 2028 2029
2030 2031 2032
2030 2033 2031
2034 2033 2030
2034 2035 2033
2036 2035 2034
2036 2037 2035
2038 2037 2036
2038 2039 2037
2040 2039 2038
2040 2041 2039
2042 2043 2044
2042 2044 2045
2046 2047 2048
2046 2049 2047
2050 2049 2046
2050 2051 2049
2052 2053 2054
2052 2054 2055
2056 2057 2058
2056 2059 2057
2060 2059 2056
2060 2061 2059
2062 2061 2060
2062 2063 2061
2064 2065 2066
2064 2066 2067
2068 2069 2064
2068 2070 2069
2071 2072 2073
2071 2073 2074
2075 2076 2077
2075 2077 2078
2079 2080 2081
2079 2081 2082
2083 2084 2085
2083 2085 2086
2087 2088 2089
2087 2090 2088
2091 2090 2087
2091 2092 2090
2093 2094 2095
2093 2095 2096
2097 2098 2099
2097 2099 2100
2101 2102 2103
2101 2103 2104
2105 2106 2101
2105 2107 2106
2108 2109 2110
2108 2110 2111
2112 2113 2114
2112 2114 2115
2116 2117 2118
2116 2118 2119
2120 2121 2122
2120 2122 2123
2124 2125 2126
2124 2127 2125
2128 2127 2124
2128 2129 2127
2130 2129 2128
2130 2131 2129
2132 2133 2134
2132 2134 2135
2136 2137 2132
2136 2138 2137
2139 2138 2136
2139 2140 2138
2141 2142 2143
2141 2143 2144
2145 2146 2147
2145 2147 2148
2149 2150 2151
2149 2151 2152
2153 2154 2155
2153 2155 2156
2157 2158 2159
2157 2159 2160
2161 2162 2157
2161 2163 2162
2164 2163 2161
2164 2165 2163
2166 2165 2164
2166 2167 2165
2168 2167 2166
2168 2169 2167
2170 2171 2172
2170 2172 2173
2174 2175 2176
2174 2177 2175
2178 2177 2174
2178 2179 2177
2180 2181 2182
2180 2182 2183
2184 2185 2186
2184 2187 2185
2188 2187 2184
2188 2189 2187
2190 2189 2188
2190 2191 2189
2192 2193 2194
2192 2194 2195
2196 2197 2198
2196 2199 2197
2200 2199 2196
2200 2201 2199
2202 2203 2204
2202 2204 2205
2206 2207 2208
2206 2209 2207
2210 2209 2206
2210 2211 2209
2212 2213 2214
2212 2214 2215
2216 2217 2218
2216 2219 2217
2220 2219 2216
2220 2221 2219
2222 2221 2220
2222 2223 2221
2224 2223 2222
2224 2225 2223
2226 2225 2224
2226 2227 2225
2228 2229 2230
2228 2230 2231
2232 2233 2228
2232 2234 2233
2235 2236 2237
2235 2237 2238
2239 2240 2241
2239 2241 2242
2243 2244 2245
2246 2243 2245
2245 2247 2246
2246 2247 2248
2249 2243 2246
2248 2249 2246
2250 2249 2248
2247 2251 2248
2247 2252 2251
2252 2253 2251
2254 2248 2251
2253 2254 2251
2254 2250 2248
2253 2255 2254
2254 2255 2256
2254 2256 2257
2250 2254 2257
2257 2256 2258
2257 2258 2259
2250 2257 2259
2259 2260 2250
2260 2261 2250
2250 2261 2262
2262 2249 2250
2263 2262 2261
2264 2249 2262
2263 2264 2262
2265 2264 2263
2265 2266 2264
2243 2249 2264
2243 2264 2266
2267 2243 2266
2243 2267 2268
2269 2270 2271
2269 2271 2272
2272 2271 2273
2272 2273 2274
2275 2269 2272
2276 2272 2274
2275 2272 2276
2276 2274 2277
2276 2277 2278
2276 2278 2279
2275 2276 2279
2275 2279 2280
2281 2282 2283
2284 2281 2283
2285 2286 2287
2287 2286 2288
2287 2288 2289
2290 2291 2292
2290 2292 2293
2293 2292 2294
2293 2294 2295
2293 2295 2296
2290 2293 2297
2293 2296 2297
2297 2296 2298
2290 2297 2299
2297 2298 2300
2299 2297 2300
2299 2300 2301
2302 2303 2304
2304 2303 2305
2304 2305 2306
2307 2308 2306
2307 2306 2309
2310 2311 2312
2313 2311 2310
2313 2314 2311
2315 2314 2313
2315 2316 2314
2317 2318 2319
2317 2319 2320
2321 2322 2323
2322 2321 2324
2322 2324 2325
2324 2321 2326
2326 2321 2327
2325 2324 2328
2326 2328 2324
2325 2328 2329
2328 2330 2329
2328 2331 2330
2326 2327 2332
2332 2328 2326
2331 2328 2332
2332 2327 2333
2333 2334 2332
2334 2331 2332
2335 2334 2333
2336 2334 2335
2337 2331 2334
2338 2331 2337
2338 2337 2339
2340 2337 2334
2337 2340 2339
2336 2340 2334
2339 2340 2341
2336 2341 2340
2342 2341 2336
2343 2344 2345
2345 2344 2346
2345 2346 2347
2348 2347 2346
2348 2349 2347
2350 2351 2352
2350 2353 2351
2353 2354 2351
2350 2355 2353
2356 2355 2350
2357 2353 2355
2353 2358 2354
2358 2359 2354
2358 2360 2359
2361 2353 2357
2361 2357 2362
2362 2363 2361
2362 2364 2363
2365 2366 2367
2368 2366 2365
2369 2366 2368
2368 2365 2370
2368 2371 2369
2368 2370 2372
2372 2371 2368
2373 2372 2370
2372 2374 2371
2373 2375 2372
2372 2376 2374
2372 2375 2376
2377 2378 2379
2380 2378 2377
2380 2377 2381
2381 2382 2380
2381 2383 2382
2384 2385 2386
2384 2386 2387
2388 2384 2387
2388 2387 2389
2388 2389 2390
2391 2392 2393
2391 2393 2394
2391 2394 2395
2391 2395 2396
2396 2395 2397
2398 2399 2400
2398 2400 2401
2402 2398 2401
2403 2401 2404
2405 2403 2404
2406 2407 2408
2406 2408 2409
2409 2410 2406
2409 2408 2411
2411 2408 2412
2410 2409 2413
2413 2409 2411
2414 2410 2413
2415 2411 2412
2415 2412 2416
2411 2417 2413
2415 2417 2411
2417 2418 2413
2413 2418 2419
2420 2421 2415
2415 2421 2422
2415 2422 2423
2422 2421 2424
2423 2422 2425
2426 2423 2425
2426 2425 2427
2427 2425 2428
2429 2422 2424
2425 2422 2429
2429 2428 2425
2424 2430 2429
2431 2428 2429
2432 2429 2430
2432 2431 2429
2433 2434 2435
2433 2436 2434
2437 2438 2439
2437 2439 2440
2440 2439 2441
2437 2440 2442
2437 2442 2443
2440 2441 2444
2440 2444 2442
2445 2444 2441
2442 2444 2446
2445 2447 2444
2444 2448 2446
2444 2447 2448
2449 2450 2451
2451 2452 2449
2451 2453 2452
2453 2451 2454
2455 2452 2453
2456 2457 2455
2456 2458 2457
2459 2458 2456
2459 2460 2458
2458 2460 2461
2462 2457 2458
2458 2461 2462
2462 2463 2457
2462 2461 2464
2465 2463 2462
2462 2464 2466
2465 2462 2466
2467 2468 2469
2468 2470 2469
2468 2471 2470
2470 2471 2472
2470 2472 2473
2474 2475 2476
2476 2475 2477
2476 2477 2478
2479 2478 2477
2479 2480 2478
2478 2480 2481
2482 2478 2481
2481 2480 2483
2483 2484 2481
2483 2485 2484
2481 2486 2482
2481 2484 2486
2487 2482 2486
2486 2488 2487
2486 2489 2488
2484 2490 2491
2484 2491 2492
2492 2491 2493
2494 2484 2492
2493 2495 2492
2495 2494 2492
2496 2495 2493
2496 2493 2497
2498 2495 2496
2494 2495 2498
2499 2494 2498
2500 2499 2489
2494 2499 2500
2500 2484 2494
2489 2501 2500
2484 2500 2501
2502 2503 2504
2504 2503 2505
2504 2505 2506
2506 2505 2507
2506 2507 2508
2509 2510 2511
2512 2510 2509
2513 2510 2512
2513 2512 2514
2512 2509 2515
2512 2516 2514
2512 2515 2517
2517 2515 2518
2517 2518 2519
2512 2520 2516
2516 2520 2521
2516 2521 2522
2523 2524 2525
2523 2526 2524
2527 2524 2526
2527 2526 2528
2529 2527 2528
2530 2531 2532
2530 2532 2533
2533 2534 2530
2535 2536 2530
2536 2535 2537
2535 2530 2538
2535 2539 2537
2540 2535 2538
2535 2540 2539
2540 2538 2541
2540 2542 2539
2543 2540 2541
2540 2544 2542
2543 2544 2540
2545 2546 2547
2545 2547 2548
2549 2547 2550
2550 2551 2549
2550 2552 2551
2553 2554 2555
2553 2555 2556
2553 2556 2557
2556 2558 2559
2556 2559 2560
2561 2562 2563
2561 2564 2562
2561 2565 2564
2564 2566 2562
2564 2565 2567
2564 2568 2566
2568 2564 2567
2569 2566 2568
2568 2567 2570
2569 2568 2571
2568 2570 2572
2568 2572 2571
2573 2574 2575
2573 2575 2576
2577 2573 2576
2578 2579 2580
2579 2578 2581
2582 2579 2581
2582 2583 2579
2584 2581 2578
2584 2585 2581
2584 2586 2585
2584 2587 2586
2584 2588 2587
2578 2589 2584
2584 2589 2588
2578 2590 2589
2591 2590 2579
2583 2592 2579
2591 2579 2592
2593 2592 2583
2593 2594 2592
2595 2592 2594
2595 2596 2592
2592 2596 2591
2595 2597 2596
2596 2597 2591
2598 2591 2597
2598 2599 2591
2598 2600 2599
2601 2600 2598
2602 2600 2601
2602 2588 2600
2603 2604 2597
2603 2602 2605
2603 2605 2604
2606 2607 2608
2606 2608 2609
2606 2609 2610
2610 2609 2611
2610 2611 2612
2613 2614 2615
2615 2614 2616
2617 2616 2614
2615 2616 2618
2615 2618 2619
2619 2618 2620
2617 2621 2616
2618 2616 2621
2622 2621 2617
2620 2618 2623
2621 2623 2618
2624 2620 2623
2621 2625 2623
2622 2625 2621
2626 2625 2622
2626 2627 2625
2627 2628 2625
2629 2624 2628
2628 2627 2629
2630 2624 2629
2630 2629 2631
2629 2632 2631
2626 2633 2627
2629 2627 2633
2632 2629 2633
2634 2633 2626
2635 2632 2633
2635 2633 2634
2636 2637 2638
2637 2639 2638
2638 2639 2640
2641 2640 2639
2640 2641 2642
2642 2641 2643
2644 2643 2641
2644 2641 2645
2645 2641 2639
2645 2646 2644
2646 2645 2647
2645 2639 2648
2647 2645 2648
2649 2648 2639
2648 2649 2650
2648 2650 2647
2649 2651 2650
2650 2651 2652
2653 2654 2652
2652 2654 2655
2647 2655 2654
2656 2647 2654
2654 2657 2656
2657 2658 2656
2658 2659 2656
2659 2660 2656
2660 2659 2661
2662 2647 2656
2656 2660 2662
2661 2663 2660
2660 2663 2662
2661 2664 2663
2662 2663 2665
2647 2662 2665
2647 2665 2666
2667 2668 2669
2667 2669 2670
2670 2669 2671
2670 2671 2672
2673 2672 2671
2674 2675 2676
2674 2676 2677
2678 2679 2680
2680 2679 2681
2682 2680 2681
2682 2681 2683
2683 2684 2682
2683 2685 2684
2684 2686 2682
2682 2686 2687
2687 2688 2682
2687 2689 2688
2686 2690 2687
2687 2691 2689
2687 2690 2692
2692 2691 2687
2693 2691 2692
2692 2694 2693
2695 2694 2692
2696 2695 2692
2697 2694 2695
2695 2698 2697
2690 2699 2695
2695 2700 2698
2699 2700 2695
2699 2701 2700
2700 2701 2702
2700 2702 2703
2700 2703 2704
2705 2704 2703
2706 2704 2705
2706 2707 2704
2708 2703 2709
2709 2703 2710
2709 2710 2711
2708 2709 2712
2709 2713 2712
2714 2712 2713
2713 2715 2714
2716 2713 2709
2716 2709 2717
2718 2715 2713
2716 2718 2713
2716 2719 2718
2715 2718 2720
2718 2721 2720
2718 2722 2721
2723 2722 2718
2723 2724 2722
2725 2722 2726
2725 2726 2727
2725 2727 2728
2728 2727 2729
2730 2728 2729
2725 2731 2722
2722 2731 2732
2731 2733 2732
2732 2733 2734
2728 2735 2725
2736 2735 2728
2728 2737 2736
2738 2737 2728
2738 2728 2739
2737 2738 2740
2740 2738 2741
2738 2742 2741
2738 2730 2742
2742 2730 2743
2744 2742 2743
2744 2743 2745
2745 2746 2744
2744 2747 2742
2742 2747 2748
2747 2744 2749
2747 2749 2748
2748 2749 2750
2746 2751 2744
2752 2751 2746
2753 2752 2746
2753 2746 2754
2754 2746 2755
2746 2756 2755
2745 2756 2746
2745 2757 2756
2758 2756 2757
2756 2758 2759
2758 2757 2760
2760 2761 2758
2760 2762 2761
2758 2763 2759
2759 2763 2764
2761 2765 2758
2766 2765 2761
2767 2766 2761
2767 2761 2768
2768 2761 2769
2761 2770 2769
2762 2770 2761
2762 2771 2770
2772 2770 2771
2772 2771 2773
2773 2774 2772
2772 2775 2770
2770 2775 2776
2775 2777 2776
2778 2777 2775
2775 2772 2778
2774 2779 2772
2780 2779 2774
2781 2780 2774
2781 2774 2782
2782 2774 2783
2774 2784 2783
2773 2784 2774
2773 2785 2784
2786 2784 2785
2786 2785 2787
2784 2786 2788
2786 2789 2788
2788 2789 2790
2791 2792 2786
2792 2793 2786
2794 2793 2792
2795 2794 2792
2795 2792 2796
2787 2797 2792
2796 2792 2797
2798 2796 2797
2787 2799 2797
2797 2800 2798
2799 2800 2797
2799 2801 2800
2802 2800 2803
2802 2804 2800
2802 2805 2804
2804 2806 2800
2806 2804 2807
2807 2804 2805
2808 2807 2805
2808 2805 2809
2809 2805 2810
2811 2805 2802
2805 2812 2810
2811 2812 2805
2812 2811 2813
2812 2813 2814
2814 2815 2812
2816 2814 2813
2816 2817 2814
2818 2815 2814
2819 2815 2818
2817 2820 2814
2821 2820 2817
2822 2821 2817
2822 2817 2823
2823 2817 2824
2817 2825 2824
2816 2825 2817
2825 2816 2826
2825 2826 2827
2828 2827 2826
2828 2829 2827
2830 2829 2828
2825 2827 2831
2831 2832 2825
2831 2833 2832
2834 2833 2831
2827 2834 2831
2829 2835 2827
2836 2835 2829
2837 2836 2829
2837 2829 2838
2838 2829 2839
2829 2840 2839
2830 2840 2829
2840 2830 2841
2840 2841 2842
2842 2843 2840
2844 2842 2841
2844 2845 2842
2842 2846 2843
2846 2847 2843
2845 2848 2842
2849 2848 2845
2850 2849 2845
2850 2845 2851
2851 2845 2852
2845 2853 2852
2844 2853 2845
2853 2844 2854
2853 2854 2855
2856 2855 2854
2855 2857 2853
2857 2858 2853
2859 2858 2857
2856 2860 2855
2860 2861 2855
2862 2861 2860
2863 2860 2856
2864 2862 2860
2860 2865 2864
2865 2860 2866
2864 2865 2867
2867 2865 2868
2865 2869 2868
2869 2865 2863
2869 2863 2870
2869 2871 2872
2873 2874 2872
2869 2875 2874
2873 2876 2874
2874 2877 2869
2877 2878 2869
2879 2878 2877
2880 2878 2879
2876 2881 2874
2876 2882 2881
2883 2882 2876
2884 2882 2883
2884 2883 2885
2885 2883 2886
2887 2883 2876
2887 2876 2888
2889 2886 2883
2887 2889 2883
2890 2886 2889
2887 2891 2889
2890 2889 2683
2889 2891 2892
2889 2892 2683
2893 2894 2895
2896 2895 2894
2897 2896 2894
2897 2898 2896
2896 2898 2899
2896 2899 2900
2901 2896 2900
2901 2895 2896
2901 2902 2895
2901 2903 2902
2895 2902 2904
2905 2895 2904
2905 2906 2895
2902 2907 2904
2902 2908 2907
2909 2908 2902
2909 2910 2908
2911 2910 2912
2908 2911 2913
2911 2908 2914
2911 2915 2916
2911 2916 2917
2917 2918 2911
2919 2918 2917
2920 2919 2917
2921 2920 2917
2917 2922 2921
2920 2921 2923
2923 2921 2924
2921 2916 2925
2921 2926 2924
2925 2926 2921
2925 2927 2926
2928 2926 2927
2926 2928 2929
2928 2927 2930
2930 2931 2928
2931 2932 2928
2933 2932 2931
2934 2933 2931
2934 2931 2935
2935 2931 2936
2931 2937 2936
2930 2937 2931
2930 2938 2937
2939 2937 2938
2937 2939 2940
2939 2938 2941
2941 2942 2939
2942 2943 2939
2944 2943 2942
2945 2944 2942
2945 2942 2946
2946 2942 2947
2941 2948 2942
2942 2949 2947
2948 2949 2942
2948 2950 2949
2951 2949 2950
2949 2951 2952
2951 2950 2953
2953 2954 2951
2954 2955 2951
2956 2955 2954
2957 2956 2954
2957 2954 2958
2958 2954 2959
2954 2960 2959
2953 2960 2954
2953 2961 2960
2962 2960 2961
2960 2962 2963
2962 2961 2964
2964 2965 2962
2965 2966 2962
2967 2966 2965
2968 2967 2965
2968 2965 2969
2964 2970 2965
2969 2965 2971
2970 2971 2965
2972 2969 2971
2971 2973 2972
2970 2973 2971
2970 2974 2973
2975 2973 2976
2975 2977 2973
2977 2978 2973
2979 2977 2975
2978 2977 2980
2979 2981 2977
2980 2977 2981
2982 2980 2981
2982 2981 2983
2983 2981 2984
2981 2985 2984
2986 2985 2981
2985 2979 2987
2985 2987 2988
2988 2989 2985
2990 2988 2987
2990 2991 2988
2991 2992 2988
2993 2992 2991
2994 2993 2991
2990 2995 2991
2995 2990 2996
2991 2995 2997
2998 2991 2997
2999 2991 2998
2995 2996 3000
3000 3001 2995
3002 3000 2996
3002 3003 3000
3003 3004 3000
3005 3004 3003
3006 3005 3003
3006 3003 3007
3007 3003 3008
3009 3003 3002
3003 3010 3008
3009 3010 3003
3010 3009 3011
3010 3011 3012
3012 3013 3010
3014 3012 3011
3014 3015 3012
3015 3016 3012
3017 3016 3015
3018 3017 3015
3018 3015 3019
3019 3015 3020
3015 3021 3020
3014 3021 3015
3021 3014 3022
3021 3022 3023
3023 3024 3021
3023 3022 3025
3026 3023 3025
3025 3027 3026
3026 3028 3023
3029 3028 3026
3030 3029 3026
3026 3031 3030
3031 3026 3032
3031 3033 3030
3033 3031 3034
3031 3027 3035
3031 3036 3034
3036 3031 3035
3036 3035 3037
3036 3037 3038
3038 3039 3036
3040 3038 3041
3040 3042 3038
3042 3043 3038
3042 3044 3043
3045 3044 3042
3042 3046 3045
3046 3047 3045
3047 3046 3048
3049 3046 3042
3049 3042 3050
3051 3048 3046
3052 3048 3051
3053 3051 3046
3053 3054 3051
3052 3051 3055
3051 3056 3055
3051 3057 3056
3055 3056 3058
3055 3058 3059
3059 3060 3055
3061 3062 3058
3061 3063 3062
3063 3064 3062
3063 3065 3064
3065 3063 3066
3063 3067 3066
3068 3067 3063
3067 3069 3066
3069 3067 3070
3067 3071 3070
3071 3072 3070
3071 3073 3072
3071 3067 3074
3074 3063 3075
3076 3071 3074
3071 3077 3073
3077 3071 3076
3078 3077 3076
2898 3077 3078
3077 2898 3079
2898 3078 3080
3081 3082 3083
3083 3082 3084
3084 3082 3085
3086 3084 3085
3083 3084 3087
3088 3084 3086
3088 3086 3089
3088 3089 3090
3087 3084 3091
3088 3092 3084
3084 3092 3091
3091 3093 3087
3092 3093 3091
3087 3093 3094
3090 3095 3088
3095 3092 3088
3093 3096 3094
3094 3096 3097
3096 3098 3097
3099 3095 3090
3100 3099 3090
3101 3099 3100
3092 3102 3093
3093 3103 3096
3102 3103 3093
3096 3104 3098
3104 3096 3103
3105 3098 3104
3105 3106 3098
3107 3092 3095
3092 3107 3102
3095 3099 3108
3095 3108 3107
3101 3109 3099
3109 3108 3099
3102 3107 3110
3103 3102 3110
3104 3103 3111
3105 3104 3111
3101 3112 3109
3101 3113 3112
3108 3109 3114
3114 3109 3112
3115 3107 3108
3110 3107 3115
3108 3114 3115
3103 3110 3116
3111 3103 3116
3113 3117 3112
3113 3118 3117
3119 3117 3118
3112 3120 3114
3112 3117 3120
3110 3121 3116
3115 3121 3110
3115 3122 3121
3115 3114 3123
3120 3123 3114
3123 3122 3115
3111 3116 3124
3124 3116 3121
3124 3121 3125
3125 3121 3122
3126 3124 3125
3117 3119 3127
3127 3119 3128
3129 3127 3128
3117 3130 3120
3117 3127 3130
3120 3131 3123
3122 3123 3131
3120 3132 3131
3120 3130 3132
3126 3125 3133
3125 3122 3133
3122 3131 3134
3132 3134 3131
3135 3133 3122
3135 3122 3134
3127 3129 3136
3136 3129 3137
3137 3129 3138
3127 3136 3139
3127 3139 3130
3130 3139 3140
3130 3140 3132
3141 3132 3140
3134 3132 3141
3142 3134 3141
3142 3135 3134
3143 3135 3142
3143 3144 3135
3145 3144 3143
3144 3133 3135
3145 3146 3144
3147 3146 3145
3144 3148 3133
3146 3148 3144
3126 3133 3148
3147 3149 3146
3150 3149 3147
3151 3149 3150
3146 3152 3148
3149 3152 3146
3126 3148 3152
3126 3152 3153
3149 3154 3152
3151 3154 3149
3155 3152 3154
3154 3151 3156
3155 3154 3156
3156 3151 3157
3158 3156 3157
3159 3126 3155
3159 3160 3126
3111 3160 3159
3105 3111 3159
3159 3155 3161
3161 3155 3156
3161 3105 3159
3161 3156 3162
3163 3156 3158
3162 3164 3161
3164 3105 3161
3165 3163 3158
3166 3164 3163
3165 3166 3163
3164 3167 3105
3166 3167 3164
3105 3167 3106
3106 3167 3168
3168 3167 3166
3169 3168 3166
3169 3166 3165
3165 3170 3169
3171 3172 3173
3171 3174 3172
3172 3174 3175
3172 3175 3176
3176 3175 3177
3176 3177 3178
3178 3177 3179
3178 3179 3180
3181 3180 3179
3181 3179 3182
3183 3181 3182
3183 3182 3184
3185 3183 3184
3182 3186 3184
3184 3186 3185
3185 3186 3187
3186 3188 3187
3177 3189 3179
3190 3179 3189
3175 3191 3177
3177 3191 3189
3186 3190 3192
3190 3189 3192
3193 3188 3186
3186 3192 3193
3194 3188 3193
3195 3188 3194
3194 3193 3196
3196 3193 3192
3196 3192 3197
3197 3192 3189
3197 3189 3191
3197 3191 3198
3191 3199 3198
3175 3200 3191
3191 3200 3199
3200 3201 3199
3202 3201 3200
3200 3203 3202
3202 3175 3174
3201 3202 3204
3204 3202 3174
3201 3204 3205
3205 3204 3206
3204 3174 3171
3206 3204 3171
3205 3206 3207
3208 3207 3206
3206 3171 3209
3209 3171 3210
3209 3210 3211
3209 3211 3212
3209 3212 3213
3212 3214 3213
3213 3214 3215
3216 3213 3215
3217 3209 3213
3216 3217 3213
3217 3206 3209
3218 3217 3216
3206 3217 3219
3219 3217 3218
3208 3206 3219
3220 3219 3218
3220 3221 3219
3219 3221 3208
3208 3221 3222
3223 3224 3225
3223 3225 3226
3226 3225 3227
3227 3228 3226
3228 3227 3229
3225 3230 3227
3229 3227 3231
3227 3230 3232
3231 3227 3232
3233 3232 3230
3234 3232 3233
3233 3235 3234
3231 3232 3236
3232 3234 3236
3235 3237 3234
3236 3234 3238
3234 3237 3239
3234 3240 3238
3241 3234 3239
3241 3240 3234
3242 3243 3244
3242 3245 3243
3246 3245 3242
3245 3246 3247
3247 3246 3248
3249 3246 3242
3248 3246 3250
3251 3246 3249
3251 3250 3246
3249 3252 3251
3253 3250 3251
3251 3252 3254
3251 3254 3253
3253 3254 3255
3254 3252 3256
3257 3255 3254
3256 3257 3254
3258 3255 3257
3258 3257 3259
3256 3260 3257
3256 3261 3260
3262 3263 3264
3262 3265 3263
3266 3265 3262
3267 3265 3266
3267 3268 3265
3269 3268 3267
3270 3268 3269
3268 3270 3271
3265 3268 3272
3273 3265 3272
3273 3263 3265
3272 3268 3274
3268 3271 3274
3274 3271 3275
3275 3271 3276
3273 3277 3263
3278 3263 3277
3279 3263 3278
3280 3263 3279
3281 3263 3280
3282 3283 3284
3284 3283 3285
3285 3283 3286
3286 3287 3285
3288 3286 3283
3288 3283 3289
3290 3286 3288
3291 3287 3286
3290 3291 3286
3292 3291 3290
3287 3291 3293
3294 3291 3292
3293 3291 3295
3295 3291 3294
3294 3296 3295
3296 3297 3295
3295 3297 3298
3293 3295 3299
3298 3299 3295
3300 3299 3298
3300 3301 3299
3302 3303 3304
3304 3303 3305
3306 3304 3305
3305 3303 3307
3306 3305 3308
3305 3307 3309
3308 3305 3309
3308 3309 3310
3311 3312 3313
3311 3314 3312
3315 3314 3311
3314 3316 3312
3315 3317 3314
3314 3318 3316
3317 3319 3314
3314 3319 3318
3320 3321 3322
3320 3322 3323
3324 3320 3323
3323 3322 3325
3324 3323 3326
3323 3325 3327
3327 3326 3323
3327 3328 3326
3329 3330 3331
3329 3331 3332
3333 3329 3332
3332 3331 3334
3333 3332 3335
3332 3334 3336
3335 3332 3336
3335 3336 3337
3338 3339 3340
3341 3339 3338
3342 3339 3341
3343 3341 3338
3341 3343 3344
3342 3341 3344
3342 3345 3339
3342 3344 3346
3347 3345 3342
3342 3346 3348
3347 3342 3349
3342 3348 3349
3350 3351 3352
3350 3353 3351
3350 3354 3353
3353 3354 3355
3354 3356 3355
3356 3357 3355
3355 3357 3358
3357 3356 725
3359 725 3356
3360 725 3359
3361 3360 3359
3359 3362 3361
3361 3362 3363
3364 3355 3365
3366 3364 3365
3367 3364 3366
3355 3364 3368
3369 3364 3367
3368 3370 3355
3371 3369 3367
3372 3370 3368
3370 3372 3373
3373 3372 3374
3375 3369 3371
3376 3375 3371
3377 3375 3376
3378 3379 3380
3378 3381 3379
3382 3381 3378
754 3381 3382
754 3383 3381
754 3384 3383
3383 3384 3385
3386 3387 3383
3386 3388 3387
3386 3389 3388
3390 3389 3386
3390 3386 3391
3386 3392 3391
3393 3386 3383
3392 3386 3393
3393 3383 3394
3393 3395 3392
3396 3392 3395
3396 3397 3392
3398 3392 3397
3398 3397 3399
3399 3397 3400
3400 3397 3401
3401 3397 3402
3397 3403 3402
3403 3397 3404
3404 3405 3403
3406 3403 3405
3406 3407 3403
3408 3403 3407
3408 3407 3409
3409 3407 3410
3410 3407 3411
3411 3407 3412
3413 3407 3406
3407 3413 3412
3406 3414 3413
3412 3413 3415
3413 3414 3415
3416 3417 3418
3418 3419 3416
3420 3416 3419
3419 3421 3422
3421 3419 3423
3424 3421 3423
3425 3421 3424
3426 3421 3425
3427 3421 3426
3427 3428 3421
3421 3428 3420
3420 3428 3429
3428 3430 3431
3430 3432 3429
3430 3428 3433
3434 3430 3433
3435 3430 3434
3436 3430 3435
3437 3430 3436
3437 3438 3430
3438 3439 3430
3440 3441 3432
3441 3442 3439
3441 3440 3443
3444 3442 3441
3445 3441 3443
3446 3444 3441
3447 3441 3445
3446 3441 3448
3448 3441 3447
3449 3450 3451
3452 3449 3453
3453 3454 3452
3455 3450 3456
3456 3452 3457
3458 3455 3456
3459 3456 3457
3458 3456 3460
3461 3456 3459
3460 3456 3461
3462 3463 3464
3463 3465 3464
3464 3465 3466
3467 3464 3468
3468 3464 3469
3469 3464 3470
3470 3464 3471
3464 3472 3471
3472 3464 3473
3466 3474 3472
3475 3474 3476
3472 3477 3475
3476 3478 3475
3475 3478 3479
3480 3472 3475
3480 3475 3481
3481 3475 3482
3482 3475 3483
3483 3475 3484
3475 3485 3484
3486 3487 3488
3489 3488 3487
3489 3487 3490
3487 3491 3490
3492 3491 3487
3491 3492 3493
3493 3492 3494
3492 3495 3494
3492 3487 3496
3492 3496 3497
3498 3495 3492
3498 3499 3495
3495 3499 3500
3501 3495 3500
3500 3499 3502
3501 3500 3503
3503 3500 3504
3504 3500 3505
3505 3500 3506
3507 3500 3502
3500 3507 3506
3508 3487 3509
3510 3509 3511
3511 3509 3488
3511 3488 3512
3513 3511 3512
3514 3511 3513
3515 3511 3514
3516 3511 3515
3516 3517 3511
3511 3517 3518
3510 3517 3519
3517 3520 3519
3520 3517 3521
3522 3520 3523
3524 3520 3522
3525 3520 3524
3526 3520 3525
3526 3527 3520
3520 3527 3528
3528 3527 3529
3527 3530 3531
3530 3532 3531
3533 3532 3530
3530 3527 3534
3530 3535 3533
3530 3534 3536
3536 3534 3537
3538 3536 3537
3539 3538 3537
3535 3530 3540
3540 3541 3535
3542 3541 3540
3542 3543 3541
3544 3543 3542
3545 3546 3535
3535 3547 3545
3547 3535 3548
3548 3549 3547
3550 3549 3548
3550 3551 3549
3552 3551 3550
3547 3553 3554
3553 3555 3554
3553 3547 3556
3553 3556 3557
3557 3556 3558
3559 3558 3556
3560 3558 3559
3561 3562 3553
3553 3563 3561
3563 3553 3564
3564 3553 3565
3566 3564 3565
3567 3566 3565
3567 3565 3568
3569 3570 3507
3571 3507 3570
3572 3573 3571
3573 3572 3574
3572 3575 3576
3577 3572 3576
3578 3575 3572
3579 3507 3578
3580 3579 3574
3577 3576 3581
3582 3507 3579
3583 3579 3580
3582 3579 3584
3584 3579 3583
3581 3576 3585
3585 3576 3586
3586 3576 3587
3576 3588 3587
3576 3589 3588
3590 3591 3576
3592 3588 3591
3593 3588 3594
3594 3595 3593
3588 3593 3596
3596 3597 3588
3598 3597 3596
3598 3599 3597
3600 3599 3598
3601 3602 3603
3604 3602 3601
3605 3602 3604
3606 3601 3607
3608 3606 3607
3606 3608 3609
3610 3606 3609
3611 3606 3610
3612 3606 3611
3613 3606 3612
3613 3614 3606
3614 3601 3606
3614 3615 3601
3605 3615 3616
3615 3614 3617
3616 3615 3618
3619 3615 3617
3618 3615 3619
3620 3621 3622
3620 3623 3621
3624 3623 3620
3621 3602 3625
3626 3602 3621
3602 3626 3627
3626 3628 3627
3629 3630 3631
3632 3629 3633
3629 3632 3634
3635 3629 3634
3636 3629 3635
3637 3629 3636
3638 3629 3637
3638 3639 3629
3639 3640 3630
3639 3641 3629
3640 3639 3642
3643 3641 3640
3643 3644 3641
3643 3645 3644
3646 3645 3643
3647 3646 3643
3643 3648 3647
3647 3648 3649
3650 3649 3648
3651 3649 3650
3652 3643 3640
3640 3653 3652
3653 3640 3654
3654 3640 3655
3655 3640 3656
3657 3658 3659
3659 3658 3660
3659 3660 3661
3661 3660 3662
3662 3418 3661
3663 3664 3665
3665 3664 3666
3665 3667 3663
3663 3667 3668
3665 3666 3669
3669 3666 3670
3670 3671 3669
3669 3672 3665
3672 3667 3665
3669 3671 3673
3673 3672 3669
3674 3673 3671
3674 3675 3673
3675 3676 3673
3672 3673 3676
3675 3677 3676
3676 3677 3678
3679 3672 3676
3678 3679 3676
3667 3672 3679
3680 3679 3678
3679 3680 3681
3681 3667 3679
3681 3680 3682
3681 3682 3683
3667 3681 3684
3684 3681 3683
3684 3668 3667
3684 3683 3685
3686 3668 3684
3686 3684 3685
3687 3688 3689
3689 3688 3690
3690 3688 3691
3692 3690 3691
3693 3692 3691
3693 3691 3694
3691 3688 3694
3695 3693 3694
3695 3694 3696
3696 3697 3695
3696 3698 3697
3699 3698 3696
3699 3696 3700
3694 3700 3696
3701 3699 3700
3694 3688 3702
3694 3702 3700
3701 3700 3703
3700 3702 3703
3704 3701 3703
3702 3688 3705
3703 3702 3705
3688 3687 3705
3703 3705 3706
3705 3687 3706
3704 3703 3707
3707 3708 3704
3703 3709 3707
3707 3710 3708
3687 3711 3709
3707 3709 3711
3710 3707 3711
3712 3711 3687
3711 3713 3710
3712 3713 3711
3714 3715 3716
3715 3717 3716
3715 3718 3717
3719 3718 3715
3714 3720 3715
3721 3720 3714
3721 3722 3720
3719 3715 3723
3720 3723 3715
3722 3724 3720
3720 3724 3723
3725 3719 3723
3724 3725 3723
3726 3719 3725
3726 3725 3727
3722 3728 3724
3724 3728 3725
3722 3729 3728
3727 3725 3730
3728 3730 3725
3731 3727 3730
3731 3730 3732
3733 3732 3730
3734 3729 3733
3728 3729 3734
3733 3730 3734
3734 3730 3728
3735 3736 3737
3737 3736 3738
3735 3739 3736
3740 3739 3735
3741 3739 3740
3738 3736 3742
3736 3739 3742
3743 3739 3741
3742 3739 3743
3744 3743 3741
3745 3743 3744
3742 3746 3738
3743 3746 3742
3745 3746 3743
3738 3746 3747
3747 3746 3745
3748 3749 3750
3750 3749 3751
3748 3752 3749
3751 3749 3752
3753 3752 3748
3754 3753 3748
3755 3753 3754
3755 3756 3753
3753 3756 3752
3757 3756 3755
3758 3756 3757
3752 3759 3751
3756 3759 3752
3758 3759 3756
3751 3759 3760
3760 3759 3758
3761 3762 3763
3763 3764 3761
3762 3765 3763
3763 3766 3764
3767 3766 3763
3763 3765 3768
3763 3769 3767
3763 3768 3770
3769 3763 3770
3770 3768 3771
3769 3770 3772
3770 3771 3773
3773 3772 3770
3773 3771 3774
3775 3772 3773
3774 3776 3773
3775 3773 3777
3778 3773 3776
3773 3779 3777
3780 3773 3778
3780 3779 3773
