byte offset: 0
first index: 0
index count: 12714
topology: trianglelist
format: DXGI_FORMAT_R16_UINT

0 1 2
3 0 4
3 5 6
3 6 7
8 9 6
8 10 9
10 8 11
10 11 12
13 12 11
13 14 12
13 15 14
13 16 15
16 17 15
17 18 15
19 18 17
19 17 20
20 21 19
20 22 21
22 23 21
24 23 22
24 22 25
22 26 25
20 26 22
20 27 26
28 26 27
20 29 27
28 27 29
17 29 20
30 28 29
17 16 31
17 31 29
30 29 32
32 29 31
30 32 33
34 30 33
33 35 34
36 33 32
36 32 31
33 37 35
33 36 37
38 35 37
37 36 39
38 37 39
39 40 38
36 41 39
39 41 40
42 40 41
42 41 43
44 43 41
31 43 44
45 42 43
31 46 43
45 43 46
31 16 46
16 45 46
47 48 49
50 48 51
52 50 51
53 51 48
54 52 51
53 54 51
54 55 52
53 56 54
55 54 57
54 56 58
54 58 57
58 59 57
58 56 60
61 62 59
61 59 63
63 60 61
64 62 61
64 61 65
65 61 60
66 64 65
67 65 60
66 65 67
67 60 68
66 67 69
69 67 68
70 71 72
73 70 74
73 75 70
76 75 77
76 77 78
76 79 80
76 80 81
81 82 83
81 83 84
85 86 87
88 89 87
88 90 89
90 88 91
90 91 92
91 93 94
91 94 95
96 97 94
96 98 97
98 99 97
98 100 99
100 101 102
100 102 103
104 105 102
104 106 105
107 105 106
107 106 108
109 107 108
109 110 107
111 110 109
112 113 114
115 112 116
115 116 117
118 117 116
112 119 116
112 120 119
118 116 121
119 121 116
118 121 122
118 122 123
124 123 122
124 125 123
124 126 125
121 127 122
122 127 124
119 128 121
121 128 127
124 129 126
129 130 126
119 131 128
132 127 128
132 128 131
133 124 127
133 127 132
134 129 124
134 124 133
119 135 131
136 135 119
136 137 135
138 137 136
139 131 135
137 139 135
140 132 131
139 140 131
133 132 141
140 141 132
142 134 133
133 141 142
141 140 143
139 143 140
144 142 141
141 143 144
137 145 139
146 143 139
146 139 145
137 147 145
145 148 146
145 147 148
137 149 147
138 149 137
150 143 146
151 144 143
150 151 143
146 148 152
146 152 150
144 153 142
151 154 144
154 153 144
153 155 142
142 155 134
147 156 148
149 157 147
147 157 156
149 158 157
159 157 158
159 158 160
148 156 161
148 161 152
157 162 156
157 159 162
160 163 159
160 164 163
165 159 163
165 162 159
166 163 164
166 165 163
166 164 167
168 156 162
168 161 156
169 166 167
169 167 170
171 162 165
171 168 162
166 172 165
169 172 166
173 169 170
173 170 174
165 175 171
165 172 175
176 173 174
176 174 177
177 178 176
177 179 178
180 178 179
180 179 181
182 180 181
182 181 183
184 182 183
184 183 185
173 176 186
176 178 187
176 187 186
178 180 188
178 188 187
189 180 182
189 188 180
182 184 190
182 190 189
191 190 184
191 192 190
193 184 185
191 184 193
173 186 194
169 173 194
193 185 195
195 185 196
195 196 197
195 197 198
169 194 199
169 199 172
200 172 199
200 175 172
199 194 201
199 201 200
202 194 186
202 201 194
186 203 202
186 187 203
187 204 203
187 188 204
188 205 204
188 189 205
206 205 189
206 189 207
206 207 192
200 201 208
209 201 202
209 208 201
210 202 203
210 209 202
211 203 204
211 210 203
204 205 212
204 212 211
205 206 213
205 213 212
214 206 192
213 206 214
212 213 215
212 215 216
216 211 217
218 210 211
216 218 211
209 210 219
218 219 210
220 214 192
220 192 191
213 214 221
213 221 215
209 219 222
222 208 209
216 215 223
216 224 218
216 223 224
225 215 221
225 223 215
226 221 214
225 221 226
218 227 219
218 224 227
223 228 224
228 223 225
219 227 229
219 229 222
230 227 224
230 224 228
230 229 227
230 231 229
229 231 232
222 229 232
231 233 232
228 225 234
235 228 234
234 225 236
225 226 236
226 237 236
222 232 238
222 238 208
232 233 239
238 232 239
240 237 226
240 241 237
238 242 208
200 208 242
242 175 200
233 243 239
233 244 243
238 239 245
238 245 242
243 245 239
242 246 175
246 242 245
246 245 243
171 175 246
247 243 244
248 247 244
171 246 249
249 168 171
250 246 243
246 250 249
250 243 247
249 251 168
250 251 249
161 168 251
252 247 248
252 248 253
250 247 254
247 252 254
250 254 251
252 255 254
255 251 254
161 251 256
255 256 251
256 152 161
255 257 256
256 258 152
257 258 256
150 152 258
259 258 257
150 258 260
259 260 258
260 151 150
261 260 259
260 261 151
259 262 261
261 154 151
261 263 154
261 262 263
263 264 154
154 264 153
265 263 262
263 265 264
264 266 153
153 266 155
264 267 266
267 264 265
265 262 268
262 269 268
155 266 270
270 266 267
271 265 268
267 265 271
272 155 270
272 134 155
270 267 273
273 267 271
271 268 274
274 268 275
274 275 276
277 271 274
273 271 277
278 274 276
277 274 278
278 276 279
280 278 279
280 279 281
282 277 278
282 278 280
281 283 280
281 284 283
285 283 284
283 286 280
282 280 286
285 287 283
286 283 287
273 277 288
288 277 282
289 287 285
289 285 290
282 286 291
282 292 288
282 291 292
273 288 293
293 288 292
286 287 294
291 286 294
295 273 293
295 270 273
295 272 270
296 294 287
296 287 289
291 294 297
297 294 296
293 292 298
293 298 295
291 299 292
291 297 299
292 300 298
292 299 300
301 295 298
301 298 300
295 302 272
295 301 302
272 302 303
272 303 134
303 129 134
303 304 129
129 304 130
130 304 305
130 305 306
305 307 306
308 304 303
308 305 304
302 309 303
308 303 309
305 310 307
308 310 305
302 311 309
301 311 302
312 308 309
311 312 309
307 310 313
307 313 314
313 315 314
308 316 310
312 316 308
310 316 317
317 316 312
310 317 313
311 318 312
317 312 318
319 311 301
311 319 318
320 317 318
319 320 318
321 313 317
320 321 317
313 322 315
321 322 313
319 301 323
300 323 301
315 322 324
315 324 325
322 321 326
326 321 320
322 326 324
324 326 327
325 324 328
324 327 328
325 328 329
329 328 330
327 330 328
331 329 330
319 332 320
332 319 323
326 320 333
327 326 333
332 333 320
330 334 331
330 335 334
335 330 327
331 334 336
336 334 335
336 335 337
331 336 338
336 337 339
338 336 340
336 339 340
338 340 341
327 333 342
342 333 343
332 343 333
342 343 344
343 332 345
332 323 345
346 344 343
343 345 346
347 345 323
300 347 323
347 300 299
347 348 345
346 345 348
347 299 349
349 348 347
297 349 299
297 350 349
297 296 350
349 351 348
350 351 349
346 348 352
351 352 348
353 350 296
350 353 351
346 354 344
354 346 352
351 355 352
353 355 351
353 296 356
356 296 289
354 352 357
355 357 352
353 358 355
358 353 356
356 289 359
359 289 290
360 359 290
360 356 359
360 290 361
360 362 356
358 356 362
358 363 355
355 363 357
362 360 364
365 364 360
364 361 366
367 358 362
358 367 363
362 364 368
367 362 368
369 364 366
369 368 364
366 370 369
366 371 370
369 372 368
372 369 370
368 373 367
368 372 373
367 374 363
367 373 374
363 374 375
363 375 357
357 375 376
357 376 354
354 376 377
354 377 344
378 344 377
378 379 344
327 379 378
376 380 377
380 378 377
381 376 375
376 381 380
382 375 374
381 375 382
373 383 374
382 374 383
373 384 383
372 384 373
372 385 384
372 370 385
386 385 370
371 386 370
386 387 385
387 384 385
388 386 371
388 387 386
371 389 388
389 390 388
390 391 388
388 391 387
390 392 391
392 393 391
392 394 393
391 395 387
387 395 384
391 396 395
394 397 396
397 395 396
394 398 397
397 398 399
384 395 400
397 400 395
384 400 383
397 399 401
400 397 401
383 400 402
400 401 402
383 402 382
399 403 401
399 404 403
403 404 405
406 402 401
406 401 403
382 402 407
406 407 402
382 407 381
403 405 408
408 405 409
406 403 410
408 410 403
381 407 411
381 411 380
412 407 406
410 412 406
412 411 407
408 409 413
414 413 409
408 415 410
413 415 408
414 416 413
416 414 417
410 418 412
415 418 410
413 419 415
416 419 413
416 417 420
421 420 417
415 422 418
419 422 415
423 412 418
422 423 418
416 424 419
424 416 420
419 425 422
424 425 419
423 426 412
426 411 412
422 427 423
425 427 422
426 428 411
428 380 411
426 423 429
427 429 423
428 430 380
380 430 378
428 426 431
426 429 431
432 430 428
428 431 432
433 378 430
432 433 430
433 434 378
433 432 435
431 435 432
431 436 435
429 436 431
429 437 436
429 438 437
427 438 429
427 439 438
427 440 439
425 440 427
440 425 441
440 441 442
424 441 425
439 440 443
439 443 444
441 424 445
424 420 445
446 443 441
441 445 446
447 445 420
421 447 420
448 444 443
446 448 443
449 446 445
447 449 445
450 447 421
451 450 421
452 450 451
450 453 447
449 447 453
452 454 450
453 450 454
455 454 452
455 456 454
456 455 457
453 454 458
458 454 456
448 446 459
449 459 446
449 453 460
458 460 453
449 460 461
449 461 459
458 462 460
462 461 460
458 456 463
463 462 458
456 457 464
463 456 464
457 465 464
457 466 465
463 464 467
465 467 464
463 468 462
468 463 467
466 469 465
466 470 469
469 470 471
472 467 465
465 469 472
462 473 461
468 473 462
468 467 474
472 474 467
468 475 473
475 468 474
472 469 476
477 474 472
476 477 472
475 474 478
477 478 474
479 476 469
469 480 479
479 480 481
481 482 479
476 479 482
481 483 482
483 476 482
483 481 484
485 477 476
476 483 485
483 484 486
485 483 486
484 487 486
486 487 488
485 489 477
489 478 477
486 488 490
491 490 488
485 486 492
492 486 490
492 489 485
491 493 490
493 492 490
494 493 491
494 495 493
495 494 496
494 497 496
493 498 492
489 492 498
495 498 493
489 498 499
478 489 499
497 500 496
497 501 500
495 502 498
502 499 498
501 503 500
501 504 503
505 503 504
505 506 503
506 505 507
508 500 503
506 508 503
509 496 500
508 509 500
506 507 510
511 510 507
511 512 510
506 513 508
513 506 510
512 514 510
513 510 514
512 515 514
513 516 508
509 508 516
509 517 496
517 495 496
518 513 514
513 518 516
509 516 519
517 509 519
517 520 495
517 519 520
519 516 521
518 521 516
518 514 522
522 514 523
522 523 524
525 518 522
518 525 521
524 526 522
525 522 526
524 527 526
519 521 528
520 519 528
529 521 525
529 528 521
530 525 526
529 525 530
530 526 531
532 531 526
532 533 531
533 534 531
533 535 534
536 530 531
536 531 534
535 537 534
535 538 537
534 537 539
534 539 536
536 539 540
541 530 536
541 529 530
536 540 541
541 542 529
529 542 528
541 543 542
540 543 544
540 545 543
543 545 546
542 547 528
520 528 547
543 548 542
542 548 547
520 547 549
549 547 548
520 549 495
543 546 550
543 550 548
551 550 546
548 550 551
549 548 551
551 546 552
553 551 552
549 551 553
553 552 554
555 495 549
549 553 555
555 502 495
556 553 554
556 554 557
558 555 553
558 553 556
559 502 555
559 555 558
502 559 499
560 556 557
560 557 561
562 558 556
562 556 560
563 499 559
478 499 563
564 559 558
563 559 564
564 558 562
565 478 563
564 565 563
565 475 478
561 566 560
561 567 566
562 568 564
564 568 565
560 569 562
562 569 568
560 566 569
475 565 570
475 570 473
565 568 571
569 571 568
565 571 570
570 571 572
570 572 573
473 570 573
473 573 461
569 574 571
566 574 569
575 571 574
461 573 576
461 576 459
566 577 574
577 566 567
577 567 578
579 577 578
580 573 575
580 576 573
575 574 581
577 581 574
581 580 575
576 582 459
448 459 582
579 583 577
577 583 581
576 584 582
580 584 576
585 448 582
584 585 582
585 586 448
448 586 444
587 583 579
587 579 588
583 589 581
581 589 580
583 587 589
580 590 584
589 590 580
591 587 588
591 588 592
587 593 589
589 593 590
587 591 593
584 594 585
590 594 584
595 590 593
591 595 593
590 596 594
596 590 595
597 591 592
591 598 595
597 598 591
595 598 599
599 598 597
600 597 592
600 592 601
600 601 602
599 597 603
604 597 600
604 600 605
600 602 606
606 605 600
607 606 602
606 608 605
606 609 608
607 610 606
606 610 609
611 599 603
603 612 611
611 613 599
612 604 614
612 614 615
616 615 614
608 616 614
616 608 617
617 608 618
608 609 618
609 619 618
609 620 619
621 620 609
138 621 609
138 609 622
599 623 624
625 599 624
625 624 626
595 599 625
625 627 595
628 625 626
628 629 625
630 629 628
594 627 630
594 630 631
594 631 632
594 632 585
633 585 632
633 634 585
444 634 633
444 633 635
444 635 636
444 636 637
636 638 637
444 637 439
639 637 638
439 637 640
639 640 637
439 640 641
642 640 639
640 643 641
642 644 640
640 644 643
645 644 642
643 644 645
645 642 646
643 645 647
647 645 648
647 648 339
645 341 648
645 649 341
650 651 652
653 654 650
653 655 656
653 656 657
658 656 659
658 659 660
660 661 658
660 662 661
663 661 662
663 662 664
663 664 665
663 665 666
666 665 667
667 665 668
669 667 668
669 670 667
670 669 671
670 671 672
672 671 673
674 672 673
674 675 672
672 675 676
670 672 676
670 676 677
678 677 676
670 677 679
678 679 677
667 670 679
680 679 678
667 681 666
667 679 681
680 682 679
682 681 679
680 683 682
684 683 680
683 684 685
686 682 683
686 681 682
683 685 687
683 687 686
688 687 685
687 689 686
688 689 687
689 688 690
686 689 691
689 690 691
692 691 690
692 693 691
694 691 693
681 694 693
695 693 692
681 693 696
695 696 693
681 696 666
666 696 695
697 698 699
700 701 699
702 701 700
703 699 701
704 701 702
703 701 704
704 702 705
703 704 706
705 707 704
704 708 706
704 707 708
708 707 709
708 710 706
711 712 709
712 711 710
711 709 713
714 711 713
714 715 711
715 710 711
716 715 714
717 710 715
716 717 715
717 718 710
716 719 717
719 718 717
720 721 722
723 724 720
723 720 725
726 727 725
726 728 727
726 729 730
726 731 729
731 732 733
731 734 732
735 736 734
735 734 737
738 739 740
741 739 742
741 742 743
743 744 741
743 745 744
744 746 747
744 747 748
749 747 750
749 750 751
751 750 752
751 752 753
753 754 755
753 755 756
757 755 758
757 758 759
760 759 758
760 761 759
762 761 760
762 763 761
764 763 762
765 766 767
767 768 769
767 769 770
771 772 773
774 775 776
777 778 779
780 781 782
783 784 785
786 785 787
788 786 787
788 787 789
789 790 788
789 791 790
790 791 792
790 792 793
794 793 792
795 796 797
798 796 799
798 799 800
798 800 801
798 801 802
802 801 803
802 803 804
804 803 805
806 805 807
806 807 808
809 806 808
809 808 810
809 810 811
809 811 812
812 811 813
812 813 814
814 813 815
814 815 816
816 815 817
816 817 818
818 817 819
818 819 820
819 821 820
822 821 823
823 821 824
821 825 824
825 826 824
826 825 827
826 827 828
828 827 829
828 829 830
831 830 829
831 829 832
831 832 833
834 831 833
834 833 835
836 834 837
838 836 835
838 839 836
840 839 838
840 841 839
841 840 842
843 844 845
846 844 847
848 846 849
850 848 849
849 851 850
849 852 851
853 851 852
853 852 854
853 854 855
853 855 856
855 857 856
856 857 858
855 859 857
857 860 858
857 861 860
861 862 860
861 863 862
862 863 864
859 865 857
859 866 865
865 866 867
865 867 868
869 868 867
869 867 870
871 869 870
872 873 874
875 876 873
877 876 875
877 878 876
878 877 879
878 879 880
879 881 880
879 882 881
883 881 882
884 885 886
887 888 886
887 889 888
887 890 889
887 891 890
891 892 890
891 893 892
893 894 892
895 896 894
895 897 896
898 897 895
898 899 897
898 900 899
898 901 900
901 902 900
901 903 902
903 904 902
903 905 904
905 906 904
905 907 906
907 908 906
907 909 908
908 909 910
911 912 910
912 913 910
910 913 914
914 913 915
915 916 914
915 917 916
917 918 916
917 919 918
920 918 919
920 921 918
920 922 921
923 922 920
923 924 922
925 926 923
927 924 925
927 925 928
929 927 928
929 928 930
930 931 929
932 933 934
935 936 934
937 938 935
939 938 937
938 939 940
938 940 941
942 941 940
942 943 941
942 944 943
942 945 944
944 945 946
945 947 946
944 946 948
946 947 949
946 949 950
950 949 951
950 951 952
951 953 952
948 946 954
948 954 955
954 956 955
954 957 956
958 956 957
958 959 956
960 959 958
961 962 963
963 964 965
963 965 966
966 967 968
966 968 969
969 968 970
970 968 971
968 972 971
968 973 972
974 973 968
971 972 975
973 976 972
975 972 976
974 977 973
978 977 974
974 979 978
978 980 977
981 977 980
981 982 977
973 977 982
973 983 976
973 982 983
984 976 983
982 985 983
984 983 985
975 976 986
986 976 984
982 987 985
987 988 985
989 987 982
989 990 987
988 987 990
988 990 991
988 991 992
993 984 985
993 985 988
986 984 994
993 994 984
988 992 995
995 992 996
997 993 988
997 988 995
994 998 986
975 986 998
993 999 994
999 993 997
994 1000 998
1000 994 999
995 996 1001
1002 997 995
1002 995 1001
996 1003 1001
996 1004 1003
1003 1004 1005
1006 1001 1003
1006 1002 1001
1003 1005 1007
1007 1006 1003
1005 1008 1007
1005 1009 1008
1008 1009 1010
999 997 1011
1012 997 1002
1012 1011 997
1013 999 1011
1000 999 1013
1006 1014 1002
1007 1015 1006
1015 1014 1006
1007 1016 1015
1007 1008 1016
1012 1002 1017
1017 1002 1014
1015 1018 1014
1016 1018 1015
1019 1014 1018
1017 1014 1019
1016 1020 1018
1019 1018 1020
1012 1021 1011
1022 1012 1017
1022 1021 1012
1023 1017 1019
1022 1017 1023
1019 1020 1024
1024 1023 1019
1025 1020 1016
1024 1020 1025
1026 1016 1008
1025 1016 1026
1026 1008 1027
1008 1010 1027
1027 1028 1026
1028 1025 1026
1010 1029 1027
1027 1029 1028
1010 1030 1029
1029 1031 1028
1029 1032 1031
1030 1032 1029
1030 1033 1032
1034 1032 1033
1033 1035 1034
1032 1034 1036
1028 1037 1025
1036 1037 1028
1038 1025 1037
1024 1025 1038
1038 1039 1024
1024 1039 1023
1035 1040 1034
1035 1041 1040
1035 1042 1041
1043 1034 1040
1036 1034 1043
1041 1043 1040
1041 1044 1043
1041 1045 1044
1042 1046 1041
1041 1046 1045
1042 1047 1046
1048 1045 1046
1049 1046 1047
1048 1046 1049
1049 1047 1050
1051 1048 1049
1051 1049 1052
1053 1051 1052
1053 1054 1051
1055 1054 1053
1049 1056 1052
1056 1053 1052
1049 1057 1056
1056 1058 1053
1058 1059 1053
1055 1053 1059
1060 1055 1059
1058 1061 1059
1062 1059 1061
1060 1059 1062
1060 1062 1063
1060 1063 1064
1060 1064 1065
1064 1066 1065
1064 1067 1066
1068 1066 1067
1068 1067 1069
1068 1069 1070
1068 1070 1071
1072 1071 1070
1071 1072 1073
1073 1072 1074
1073 1074 1075
1073 1075 1076
1076 1075 1077
1076 1077 1078
1079 1073 1076
1071 1080 1079
1081 1068 1071
1071 1079 1081
1082 1066 1068
1081 1082 1068
1076 1078 1083
1083 1078 1084
1084 1085 1083
1084 1086 1085
1087 1085 1086
1088 1085 1087
1087 1089 1088
1089 1090 1088
1088 1090 1091
1092 1088 1091
1092 1093 1088
1083 1093 1094
1092 1094 1093
1076 1083 1095
1083 1094 1095
1092 1091 1096
1097 1092 1096
1097 1098 1092
1094 1092 1098
1094 1098 1099
1094 1099 1100
1094 1100 1095
1076 1095 1101
1079 1076 1101
1095 1100 1102
1095 1102 1101
1102 1079 1101
1102 1100 1103
1102 1104 1079
1081 1079 1104
1102 1103 1105
1105 1104 1102
1105 1103 1106
1107 1081 1104
1105 1107 1104
1105 1106 1108
1108 1107 1105
1107 1109 1081
1109 1082 1081
1106 1110 1108
1106 1111 1110
1110 1111 1112
1108 1113 1107
1113 1109 1107
1110 1113 1108
1110 1112 1114
1115 1114 1112
1110 1116 1113
1114 1116 1110
1115 1117 1114
1117 1115 1118
1113 1119 1109
1119 1113 1116
1114 1120 1116
1117 1120 1114
1119 1116 1121
1120 1121 1116
1109 1119 1122
1117 1118 1123
1123 1118 1124
1117 1125 1120
1125 1117 1123
1123 1124 1126
1126 1124 1127
1120 1128 1121
1125 1128 1120
1125 1123 1129
1129 1123 1126
1125 1130 1128
1130 1125 1129
1131 1121 1128
1130 1131 1128
1109 1122 1132
1109 1132 1082
1126 1127 1133
1133 1127 1134
1131 1135 1121
1135 1136 1121
1135 1122 1136
1132 1137 1082
1082 1137 1066
1066 1137 1138
1066 1138 1139
1138 1060 1139
1132 1140 1137
1138 1137 1140
1141 1132 1122
1141 1140 1132
1142 1122 1135
1142 1141 1122
1138 1143 1060
1055 1060 1143
1138 1140 1144
1144 1143 1138
1055 1143 1145
1144 1146 1143
1145 1147 1146
1148 1144 1140
1148 1140 1141
1149 1055 1145
1149 1150 1055
1151 1142 1135
1151 1135 1131
1146 1144 1152
1148 1152 1144
1145 1146 1153
1153 1149 1145
1149 1154 1150
1154 1155 1150
1154 1156 1155
1146 1152 1157
1157 1153 1146
1154 1158 1156
1158 1159 1156
1158 1160 1159
1161 1159 1160
1153 1162 1149
1149 1163 1154
1162 1163 1149
1164 1158 1154
1164 1154 1163
1165 1160 1158
1165 1158 1164
1160 1166 1161
1160 1165 1166
1161 1166 1167
1161 1167 1168
1165 1169 1166
1169 1167 1166
1164 1170 1165
1165 1170 1169
1163 1171 1164
1164 1171 1170
1172 1162 1153
1157 1172 1153
1162 1173 1163
1163 1173 1171
1174 1173 1162
1172 1174 1162
1175 1171 1173
1174 1175 1173
1171 1176 1170
1177 1169 1170
1177 1170 1176
1175 1178 1171
1171 1178 1176
1179 1172 1157
1180 1174 1172
1179 1180 1172
1181 1175 1174
1180 1181 1174
1178 1175 1182
1181 1182 1175
1157 1183 1179
1157 1152 1183
1184 1183 1152
1184 1152 1148
1185 1180 1179
1185 1186 1180
1181 1180 1186
1179 1187 1185
1179 1183 1187
1181 1186 1188
1182 1181 1188
1189 1187 1183
1189 1183 1184
1182 1188 1190
1191 1182 1190
1192 1189 1184
1193 1189 1192
1194 1193 1192
1191 1195 1182
1178 1182 1195
1192 1184 1196
1148 1196 1184
1194 1192 1197
1196 1197 1192
1198 1194 1197
1148 1199 1196
1148 1141 1199
1198 1197 1200
1200 1201 1198
1196 1202 1197
1202 1196 1199
1202 1200 1197
1203 1199 1141
1202 1199 1203
1203 1141 1142
1202 1204 1200
1204 1202 1203
1205 1203 1142
1204 1203 1205
1205 1142 1151
1200 1206 1201
1204 1206 1200
1205 1207 1204
1204 1207 1206
1201 1206 1208
1208 1206 1207
1201 1208 1209
1151 1210 1205
1205 1210 1207
1209 1208 1211
1209 1211 1212
1211 480 1212
1213 1208 1207
1213 1207 1210
1208 1213 1211
1151 1214 1210
1131 1214 1151
1215 1213 1210
1215 1210 1214
1213 1216 1211
1216 1213 1215
1131 1217 1214
1130 1217 1131
1217 1130 1218
1130 1129 1218
1214 1217 1219
1217 1218 1219
1220 1215 1214
1214 1219 1220
1218 1129 1221
1129 1126 1221
1222 1219 1218
1218 1221 1222
1221 1223 1222
1221 1224 1223
1224 1221 1126
1224 1126 1133
1222 1225 1219
1220 1219 1225
1223 1225 1222
1226 1215 1220
1226 1216 1215
1220 1225 1227
1227 1226 1220
1223 1228 1225
1228 1227 1225
1226 1227 1229
1216 1226 1230
1226 1229 1230
1228 1231 1227
1227 1231 1229
1232 1231 1228
1232 1233 1231
1229 1231 1233
1229 1233 1234
1235 1229 1234
1230 1229 1235
1236 1232 1228
1236 1228 1223
1230 1235 1237
1230 1238 1216
1237 1238 1230
1216 1238 1239
1237 1239 1238
1239 1211 1216
1239 1237 471
1211 1239 471
1223 1240 1236
1236 1240 1241
1241 1240 1242
1241 1242 1243
1243 1242 1244
1243 1244 1245
1246 1245 1244
1246 1244 1247
1247 1248 1246
1249 1244 1242
1247 1244 1249
1250 1242 1240
1249 1242 1250
1251 1240 1223
1250 1240 1251
1247 1252 1248
1253 1248 1252
1253 1252 1254
1247 1249 1255
1255 1252 1247
1254 1252 1256
1255 1256 1252
1254 1256 1257
1251 1223 1258
1258 1223 1224
1250 1259 1249
1255 1249 1259
1251 1260 1250
1251 1258 1260
1250 1260 1259
1261 1256 1255
1255 1259 1261
1262 1257 1256
1261 1262 1256
1262 1263 1257
1260 1264 1259
1261 1259 1264
1258 1265 1260
1260 1265 1264
1258 1224 1266
1258 1266 1265
1267 1262 1261
1261 1264 1267
1263 1262 1268
1267 1268 1262
1263 1268 1269
1224 1270 1266
1224 1133 1270
1271 1265 1266
1271 1266 1270
1272 1264 1265
1272 1267 1264
1272 1265 1271
1273 1268 1267
1272 1273 1267
1270 1133 1274
1133 1134 1274
1275 1270 1274
1275 1274 1134
1275 1271 1270
1275 1134 1276
1277 1275 1276
1277 1278 1275
1279 1271 1275
1279 1272 1271
1279 1273 1272
1280 1279 1277
1279 1280 1273
1280 1277 1281
1273 1282 1268
1280 1282 1273
1283 1268 1282
1283 1282 1284
1285 1280 1281
1280 1285 1282
1284 1282 1285
1284 1285 1286
1285 1281 1287
1288 1285 1287
1288 1287 1289
1290 1291 1292
1292 120 1293
1292 1294 120
1294 138 120
138 1295 149
1296 1295 138
1296 607 1295
434 327 1297
1298 1090 1299
1300 1091 1299
1300 1301 1091
1091 1301 970
1091 970 1302
1303 970 1304
1303 1304 1097
970 1305 1304
970 971 1305
971 1306 1305
971 1307 1306
971 975 1307
1308 1307 975
1308 975 998
1305 1306 1309
1305 1309 1310
1307 1311 1306
1307 1308 1311
1306 1312 1309
1306 1311 1312
1313 1310 1309
1313 1314 1310
1309 1312 1315
1309 1315 1313
1314 1313 1316
1314 1316 1317
1318 1316 1313
1318 1313 1315
1319 1317 1316
1319 1316 1318
1319 1320 1317
1321 1320 1319
1321 1322 1320
1319 1318 1323
1321 1319 1323
1324 1322 1321
1324 1325 1322
1326 1325 1324
1326 1327 1325
1327 1326 1328
1327 1328 1329
1330 1329 1328
1330 1331 1329
1332 1331 1330
1332 1333 1331
1334 1333 1332
1334 1335 1333
1321 1336 1324
1324 1337 1326
1324 1336 1337
1326 1338 1328
1326 1337 1338
1328 1339 1330
1328 1338 1339
1340 1332 1330
1340 1330 1339
1332 1341 1334
1332 1340 1341
1342 1334 1341
1342 1341 1343
1321 1344 1336
1321 1323 1344
1342 1345 1334
1345 1335 1334
1345 1346 1335
1346 1347 1335
1346 1348 1347
1339 1349 1340
1339 1350 1349
1338 1350 1339
1351 1340 1349
1351 1352 1340
1351 1343 1352
1338 1353 1350
1337 1353 1338
1337 1354 1353
1354 1337 1336
1354 1336 1355
1344 1355 1336
1344 1356 1355
1356 1344 1323
1356 1323 1357
1318 1357 1323
1318 1358 1357
1358 1318 1315
1358 1315 1359
1359 1315 1312
1359 1312 1360
1311 1360 1312
1311 1361 1360
1308 1361 1311
1308 1362 1361
1362 1308 998
1362 998 1363
1363 998 1000
1363 1000 1364
1364 1000 1013
1358 1365 1357
1366 1358 1359
1358 1366 1365
1360 1367 1359
1366 1359 1367
1368 1360 1361
1360 1368 1367
1362 1369 1361
1368 1361 1369
1370 1362 1363
1362 1370 1369
1370 1363 1371
1371 1363 1364
1372 1369 1370
1371 1372 1370
1372 1373 1369
1373 1368 1369
1374 1368 1373
1374 1367 1368
1372 1371 1375
1376 1366 1367
1365 1366 1376
1374 1377 1367
1376 1367 1377
1378 1377 1374
1371 1364 1379
1371 1379 1375
1376 1377 1380
1380 1377 1378
1379 1364 1381
1364 1013 1381
1382 1375 1379
1379 1381 1382
1378 1383 1380
1378 1384 1383
1383 1385 1380
1376 1380 1386
1380 1385 1386
1376 1386 1365
1387 1386 1385
1381 1013 1388
1013 1011 1388
1011 1021 1388
1381 1388 1389
1021 1389 1388
1389 1382 1381
1021 1390 1389
1022 1390 1021
1389 1391 1382
1390 1391 1389
1391 1392 1382
1382 1392 1375
1375 1392 1393
1391 1394 1392
1394 1395 1392
1394 1396 1395
1397 1394 1391
1390 1397 1391
1398 1396 1394
1397 1398 1394
1398 1399 1396
1400 1399 1398
1400 1401 1399
1402 1398 1397
1402 1400 1398
1390 1403 1397
1403 1402 1397
1401 1400 1404
1401 1404 1405
1406 1405 1404
1390 1407 1403
1022 1407 1390
1404 1400 1408
1402 1408 1400
1406 1404 1409
1408 1409 1404
1407 1410 1403
1402 1403 1410
1407 1022 1411
1407 1411 1410
1023 1411 1022
1023 1412 1411
1410 1411 1412
1412 1023 1039
1402 1413 1408
1402 1410 1413
1410 1412 1414
1413 1410 1414
1412 1039 1415
1415 1414 1412
1413 1416 1408
1408 1416 1409
1413 1414 1417
1413 1417 1416
1418 1409 1416
1417 1418 1416
1417 1414 1419
1415 1419 1414
1415 1039 1420
1038 1420 1039
1418 1421 1409
1421 1406 1409
1421 1422 1406
1417 1419 1423
1417 1423 1418
1419 1415 1424
1415 1420 1424
1425 1420 1038
1038 1037 1425
1423 1419 1426
1419 1424 1426
1427 1418 1423
1423 1426 1427
1428 1421 1418
1427 1428 1418
1429 1422 1421
1428 1429 1421
1430 1422 1429
1430 1429 1428
1430 1431 1422
1432 1424 1420
1425 1432 1420
1433 1425 1037
1036 1433 1037
1433 1434 1425
1432 1425 1434
1432 1435 1424
1426 1424 1435
1432 1434 1436
1436 1435 1432
1426 1435 1437
1427 1426 1437
1436 1438 1435
1437 1435 1438
1427 1437 1439
1439 1428 1427
1437 1438 1440
1439 1437 1440
1439 1441 1428
1430 1428 1441
1439 1440 1442
1442 1441 1439
1441 1443 1430
1444 1430 1443
1442 1445 1441
1441 1445 1443
1438 1436 1446
1440 1438 1447
1438 1446 1447
1442 1440 1448
1440 1447 1448
1445 1442 1449
1442 1448 1449
1436 1450 1446
1436 1434 1450
1167 1450 1434
1167 1434 1451
1036 1167 1451
1169 1450 1167
1446 1450 1169
1446 1169 1177
1177 1447 1446
1177 1452 1447
1452 1448 1447
1452 1177 1176
1452 1453 1448
1449 1448 1453
1452 1176 1454
1453 1452 1454
1178 1454 1176
1178 1195 1454
1453 1454 1455
1455 1454 1195
1449 1453 1456
1456 1453 1455
1455 1195 1457
1457 1195 1191
1457 1191 1458
1459 1457 1458
1459 1460 1457
1457 1461 1455
1457 1460 1461
1456 1455 1461
1462 1461 1460
1463 1449 1456
1445 1449 1463
1464 1456 1461
1462 1464 1461
1465 1445 1463
1465 1443 1445
1463 1456 1466
1464 1466 1456
1463 1467 1465
1463 1466 1467
1465 1468 1443
1468 1465 1467
1443 1468 1431
1468 1467 1469
1470 1467 1466
1470 1466 1464
1469 1467 1470
1471 1470 1464
1471 1469 1470
1471 1464 1462
1469 1471 1472
1472 1471 1473
1473 1471 1462
1473 1462 1474
1474 1462 1475
1474 1475 1459
1168 1476 1036
1477 1478 1479
1477 1480 1478
1477 1481 1480
1482 1480 1481
1482 1481 1483
1483 1484 1482
1483 1485 1484
1485 1486 1484
1485 1487 1486
1487 1488 1486
1487 1489 1488
1490 1488 1489
1490 1489 1491
1491 1492 1490
1491 1493 1492
1493 1494 1492
1493 1495 1494
1495 1496 1494
1495 1497 1496
1498 1496 1497
1498 1497 1499
1499 1500 1498
1499 1501 1500
1502 1500 1501
1502 1501 1503
1502 1503 1504
1505 1506 1507
1505 1508 1506
1509 1508 1505
1510 1506 1508
1509 1511 1508
1511 1509 1512
1510 1508 1513
1511 1513 1508
1514 1510 1513
1511 1512 1515
1516 1515 1512
1514 1513 1517
1517 1518 1514
1511 1519 1513
1519 1511 1515
1517 1513 1519
1516 1520 1515
1521 1520 1516
1521 1522 1520
1517 1523 1518
1524 1518 1523
1519 1515 1525
1520 1525 1515
1522 1526 1520
1520 1526 1525
1522 1527 1526
1528 1519 1525
1517 1519 1529
1529 1523 1517
1528 1525 1530
1530 1525 1526
1531 1526 1527
1530 1526 1531
1531 1527 1532
1524 1523 1533
1533 1534 1524
1529 1535 1523
1535 1529 1530
1535 1533 1523
1532 1536 1531
1532 1537 1536
1531 1538 1530
1535 1530 1538
1531 1536 1538
1533 1539 1534
1539 1540 1534
1535 1541 1533
1538 1541 1535
1542 1539 1533
1542 1543 1539
1539 1544 1540
1544 1539 1543
1545 1540 1544
1538 1546 1541
1536 1546 1538
1546 1543 1541
1547 1536 1537
1536 1547 1546
1547 1537 1548
1545 1544 1549
1550 1545 1549
1544 1543 1551
1551 1549 1544
1546 1552 1543
1552 1546 1547
1551 1543 1552
1548 1553 1547
1552 1547 1553
1554 1552 1553
1548 1555 1553
1555 1554 1553
1555 1556 1554
1554 1556 1557
1550 1549 1558
1559 1550 1558
1551 1560 1549
1560 1558 1549
1551 1552 1561
1554 1561 1552
1560 1551 1561
1559 1558 1562
1563 1559 1562
1563 1562 1564
1560 1565 1558
1565 1562 1558
1566 1564 1562
1565 1566 1562
1566 1567 1564
1560 1561 1568
1565 1560 1568
1554 1569 1561
1569 1568 1561
1570 1567 1566
1570 1571 1567
1572 1571 1570
1566 1565 1573
1565 1568 1573
1566 1573 1570
1574 1573 1568
1569 1574 1568
1554 1575 1569
1554 1557 1575
1576 1570 1573
1574 1576 1573
1576 1577 1570
1572 1570 1578
1579 1572 1578
1579 1580 1572
1581 1579 1578
1581 1578 1576
1582 1581 1576
1582 1576 1574
1583 1574 1569
1575 1583 1569
1583 1582 1574
1584 1575 1557
1575 1584 1583
1584 1557 1585
1585 1586 1584
1585 1587 1586
1586 1587 1588
1589 1583 1584
1589 1584 1586
1590 1582 1583
1590 1583 1589
1582 1590 1591
1582 1591 1592
1591 1590 1593
1593 1590 1589
1591 1593 1594
1595 1589 1586
1593 1589 1595
1586 1588 1596
1595 1586 1596
1594 1593 1597
1594 1597 1598
1599 1593 1595
1599 1595 1596
1599 1597 1593
1588 1600 1596
1599 1596 1600
1588 1601 1600
1601 1602 1600
1601 1603 1602
1604 1602 1603
1604 1605 1602
1606 1602 1605
1606 1607 1602
1607 1597 1599
1606 1608 1607
1609 1602 1607
1609 1607 1599
1607 1610 1597
1611 1610 1607
1598 1597 1610
1611 1612 1610
1598 1610 1613
1612 1613 1610
1612 1614 1613
1615 1616 1617
1615 1618 1616
1619 1618 1620
1619 1620 1621
1619 1621 1622
1619 1622 1623
1622 1624 1623
1622 1625 1624
1625 1626 1624
1625 1627 1626
1627 1628 1626
196 1629 1630
196 1631 1629
1632 1631 1633
1633 1634 1632
1632 1635 1631
1633 1636 1634
1635 1632 1637
1634 1637 1632
1634 1636 1638
1636 1639 1638
1635 1637 1640
1640 1641 1635
1640 198 1641
1634 1642 1637
1643 1640 1637
1642 1643 1637
1643 1644 1640
1642 1645 1643
1644 1646 1640
1640 1646 198
1644 1647 1646
1648 198 1646
195 198 1648
1649 1646 1647
1648 1646 1649
1649 1647 1650
1649 1650 1651
1649 1651 1652
1652 1648 1649
1653 1652 1651
195 1648 1654
1652 1654 1648
193 195 1654
1653 1655 1652
1654 1652 1655
1655 1653 1656
1657 193 1654
1654 1655 1657
1655 1656 1658
1658 1657 1655
1659 1658 1656
193 1657 1660
1658 1660 1657
191 193 1660
1659 1661 1658
1660 1658 1661
1661 1659 1662
1663 191 1660
1660 1661 1663
220 191 1663
1661 1662 1664
1664 1663 1661
1664 220 1663
241 1664 1662
241 240 1664
240 220 1664
240 1665 220
1665 240 226
220 1665 214
226 214 1665
1666 1667 1668
1667 1666 1669
1669 1666 1670
1670 1671 1669
1672 1667 1669
1673 1672 1669
1672 1674 1667
1673 1669 1675
1676 1675 1669
1675 1677 1673
1677 1678 1673
1677 1679 1678
1679 1680 1678
1680 1681 1678
1680 1682 1681
1682 1683 1681
1684 1683 1682
1685 1681 1683
1683 1684 1686
1685 1683 1687
1687 1683 1686
1688 1685 1687
1689 1687 1686
1688 1687 1690
1690 1687 1689
1690 1689 1691
1691 1692 1690
1693 1688 1690
1692 1694 1690
1693 1690 1694
1692 1695 1694
1695 1696 1694
1696 1693 1694
1697 1693 1696
1698 1699 1693
1697 1700 1699
1701 1699 1700
1701 1700 1702
1702 1703 1701
1704 1705 1706
1704 1707 1705
1707 1708 1705
1707 1709 1708
1709 1710 1708
1709 1711 1710
1711 1712 1710
1711 1713 1712
1713 1714 1712
1713 1715 1714
1715 1716 1714
1715 1717 1716
1717 1718 1716
1717 1719 1718
1719 1720 1718
1719 1721 1720
1721 1722 1720
1721 1723 1722
1723 1724 1722
1723 1725 1724
1726 1727 1728
1726 1728 1729
1730 1726 1729
1730 1729 1731
1732 1730 1731
1732 1731 1733
1734 1732 1733
1734 1733 1735
1736 1734 1735
1736 1735 1737
1738 1736 1737
1738 1737 1739
1739 1740 1738
1741 1742 1728
1741 1704 1742
1743 1744 1745
1744 1746 1745
1747 1745 1746
1747 1748 1745
1749 1750 1745
1749 1745 1751
1748 1751 1752
1748 1753 1751
1753 1754 1751
1753 1755 1754
1756 1754 1755
1756 1755 1757
1758 1756 1757
1757 1759 1758
1757 1760 1759
1760 1761 1759
1760 1762 1761
1762 1763 1761
1762 1764 1763
1764 1765 1763
1764 1766 1765
1766 1767 1765
1766 1768 1767
1768 1769 1767
1768 1770 1769
1771 1769 1770
1772 1770 1773
1774 1771 1773
1775 1774 1773
1775 1776 1777
1778 1775 1777
1779 1778 1780
1779 1780 1781
1667 1782 1783
1667 1784 1782
1674 1784 1667
1784 1785 1782
1674 1786 1784
1784 1787 1785
1786 1787 1784
1787 1788 1785
1786 1789 1787
1787 1746 1788
1789 1746 1787
1789 1790 1746
1791 1792 1793
1791 1793 1794
1795 1791 1794
1796 1797 1798
1796 1798 1799
1800 1801 1799
1800 1802 1801
1803 1802 1800
1803 1804 1802
1803 1805 1804
1806 1807 1808
1809 1807 1806
1809 1810 1807
1811 1812 1813
1811 1814 1812
1814 1639 1812
1815 1814 1811
1815 1811 1816
1817 1815 1816
1817 1818 1815
1819 1818 1817
1820 1814 1815
1818 1820 1815
1814 1821 1639
1820 1821 1814
1639 1821 1822
1822 1821 1820
1639 1822 1638
1819 1823 1818
1824 1823 1819
1824 1825 1823
1823 1825 1826
1818 1827 1820
1823 1827 1818
1823 1826 1828
1823 1828 1827
1829 1828 1826
1829 1830 1828
1830 1827 1828
1830 1829 1831
1822 1820 1832
1832 1820 1827
1638 1822 1833
1833 1822 1832
1833 1832 1834
1832 1827 1835
1830 1835 1827
1836 1832 1835
1837 1833 1836
1830 1831 1838
1838 1835 1830
1839 1838 1831
1638 1833 1840
1840 1833 1837
1634 1638 1840
1634 1840 1841
1840 1837 1841
1642 1634 1841
1838 1842 1835
1836 1835 1842
1839 1843 1838
1843 1842 1838
1843 1839 1844
1845 1642 1841
1837 1845 1841
1836 1842 1846
1843 1846 1842
1843 1844 1847
1847 1846 1843
1848 1847 1844
1642 1845 1849
1645 1642 1849
1850 1645 1849
1836 1846 1851
1837 1836 1851
1848 1852 1847
1852 1848 1853
1852 1853 1854
1847 1855 1846
1851 1846 1855
1852 1855 1847
1856 1852 1854
1852 1856 1855
1856 1854 1857
1851 1855 1858
1858 1837 1851
1858 1855 1856
1859 1856 1857
1858 1856 1859
1859 1857 1860
1858 1861 1837
1859 1861 1858
1837 1861 1845
1861 1849 1845
1860 1862 1859
1859 1862 1861
1861 1862 1849
1860 1863 1862
1862 1850 1849
1862 1863 1850
1864 1865 1866
1864 1867 1865
1867 1868 1865
1867 1869 1868
1869 1870 1868
1869 1871 1870
1871 1872 1873
1871 1873 1874
1875 1864 1876
1875 1876 1877
1877 1878 1875
1878 1877 1879
1878 1879 1880
1881 1880 1879
1881 1879 1882
1882 1883 1881
1882 1884 1883
1883 1885 1886
1883 1886 1887
1888 1887 1889
1888 1890 1887
1890 1891 1892
1890 1892 1893
1894 1893 1895
1894 1896 1893
1896 1894 1897
1896 1897 1898
1899 1898 1897
1899 1900 1898
1901 1902 1900
1901 1903 1902
1904 1905 1906
1904 1907 1905
1908 1909 1907
1908 1907 1910
1911 1908 1910
1911 1910 1912
1913 1914 1915
1913 1915 1916
1917 1918 1919
1917 1920 1918
1921 1920 1917
1921 1922 1920
1923 1922 1921
1923 1924 1922
1925 1924 1923
1925 1926 1924
1927 1926 1925
1927 1928 1926
1929 1928 1927
1929 1930 1928
1931 1930 1929
1931 1932 1930
1933 1932 1931
1933 1934 1932
1933 1935 1934
1933 1936 1935
1937 1938 1939
1937 1939 1940
1941 1937 1940
1941 1940 1942
1943 1941 1942
1943 1942 1944
1945 1943 1944
1945 1944 1946
1947 1945 1946
1947 1946 1948
1949 1947 1948
1949 1948 1950
1951 1949 1950
1951 1950 1952
1953 1951 1952
1953 1952 1954
1955 1953 1954
1955 1954 1956
1957 1958 1959
1957 1959 1960
1961 1962 1963
1961 1963 1964
1964 1965 1961
1964 1963 1966
1964 1967 1965
1967 1968 1965
1967 1969 1968
1970 1969 1967
1967 1964 1971
1964 1966 1971
1970 1967 1972
1967 1971 1972
1971 1966 1973
1971 1973 1974
1966 1975 1973
1971 1974 1976
1971 1976 1972
1966 1977 1975
1978 1975 1977
1978 1977 1979
1980 1972 1976
1980 1981 1972
1982 1981 1980
1982 1983 1981
1983 1982 1984
1983 1984 1985
1986 1985 1984
1986 1984 1987
1988 1986 1987
1988 1987 1989
1990 1986 1988
1990 1991 1986
1968 1991 1990
1991 1992 1986
1968 1993 1991
1991 1994 1992
1993 1994 1991
1993 1970 1994
1995 1996 1997
1995 1997 1998
1998 1999 1995
1997 2000 1998
1997 2001 2000
1998 2002 1999
2002 1998 2000
2002 2003 1999
2004 2000 2001
2002 2000 2004
2004 2001 2005
2002 2006 2003
2004 2006 2002
2006 2007 2003
2005 2008 2004
2004 2008 2006
2005 2009 2008
2008 2009 2010
2008 2010 2011
2012 2008 2011
2012 2006 2008
2006 2012 2007
2013 2007 2012
2013 2014 2007
2012 2015 2013
2012 2016 2015
2014 2013 2017
2014 2017 2018
2016 2019 2015
2016 2020 2019
2015 2019 2021
2022 2013 2015
2015 2021 2022
2022 2017 2013
2022 2021 2023
2022 2023 2017
2023 2018 2017
2023 2024 2018
2025 2026 2027
2025 2028 2026
2029 2028 2025
2029 2025 2030
2030 2031 2029
2030 2032 2031
2031 2032 2033
2031 2033 2034
2035 2034 2033
2035 2033 2036
2037 2035 2036
2037 2036 2038
2039 2040 2041
2039 2041 2042
2039 2042 2043
2039 2043 2044
2045 2044 2043
2045 2046 2044
2047 2048 2041
2047 2049 2048
2050 2048 2049
2050 2049 2051
2052 2053 2050
2052 2054 2053
2055 2056 2057
2055 2057 2058
2059 2060 2061
2062 2059 2061
2062 2063 2059
2064 2065 2066
2064 2066 2067
2068 2069 2070
2068 2070 2071
2072 2073 2074
2072 2074 2075
2076 2077 2078
2076 2078 2079
2080 2081 2082
2080 2082 2083
2084 2085 2086
2084 2086 2087
2088 2089 2090
2088 2090 2091
2092 2091 2093
2092 2093 2094
2092 2094 2095
2092 2095 2096
2097 2096 2095
2097 2098 2096
2099 2098 2097
2099 2100 2098
2101 2100 2099
2101 2102 2100
2103 2104 2102
2103 2105 2104
2105 2106 2104
2105 2107 2106
2107 2108 2106
2107 2109 2108
2110 2108 2109
2110 2109 2111
2110 2111 2112
2110 2112 2113
2114 2113 2115
2114 2115 2116
2117 2118 2119
2117 2119 2120
2121 2122 2123
2121 2124 2122
2125 2124 2121
2125 2126 2124
2127 2126 2125
2127 2125 2128
2129 2122 2130
2129 2130 2131
2132 2131 2130
2132 2133 2131
2132 2134 2135
2132 2136 2134
2137 2138 2136
2137 2139 2138
2137 2140 2141
2137 2142 2140
2143 2140 2142
2143 2142 2144
2145 2146 2144
2145 2144 2147
2148 2145 2147
2148 2147 2149
2150 2148 2149
2150 2151 2148
2152 2153 2154
2152 2154 2155
2156 2157 2158
2156 2158 2159
2160 2161 2162
2160 2163 2161
2163 2160 2164
2165 2166 2167
2165 2167 2168
2169 2170 2171
2169 2171 2172
2173 2174 2175
2173 2175 2176
2177 2178 2179
2177 2179 2180
2181 2182 2183
2183 2184 2181
2185 2186 2187
2185 2187 2188
2189 2188 2187
2185 2188 2190
2185 2190 2191
2189 2192 2188
2193 2192 2189
2188 2192 2194
2188 2194 2190
2195 2190 2194
2195 2196 2190
2196 2191 2190
2196 2197 2191
2193 2198 2192
2198 2194 2192
2197 2196 2199
2197 2199 2200
2201 2199 2196
2196 2202 2201
2196 2195 2202
2195 2203 2202
2204 2203 2195
2205 2204 2195
2206 2205 2195
2206 2195 2207
2194 2207 2195
2208 2198 2193
2208 2193 2209
2198 2210 2194
2194 2210 2207
2208 2210 2198
2207 2210 2211
2208 2211 2210
2207 2211 2212
2213 2207 2212
2213 2212 2214
2215 2211 2208
2216 2212 2211
2215 2216 2211
2214 2212 2217
2216 2217 2212
2214 2217 2218
2219 2214 2218
2218 2220 2219
2221 2217 2216
2221 2216 2215
2221 2218 2217
2222 2215 2208
2222 2208 2209
2223 2220 2218
2223 2224 2220
2224 2225 2220
2224 2226 2225
2224 2227 2226
2218 2228 2223
2218 2221 2228
2223 2228 2229
2223 2229 2224
2224 2230 2227
2230 2231 2227
2230 2232 2231
2232 2230 2233
2221 2234 2228
2234 2229 2228
2224 2235 2230
2224 2229 2235
2230 2236 2233
2236 2230 2235
2233 2236 2237
2236 2235 2238
2238 2235 2239
2229 2239 2235
2238 2239 2240
2240 2239 2241
2240 2241 2242
2239 2243 2241
2229 2244 2239
2239 2244 2243
2234 2244 2229
2244 2245 2243
2244 2234 2245
2234 2246 2247
2234 2248 2246
2221 2248 2234
2221 2215 2248
2246 2248 2215
2246 2215 2222
2245 2249 2222
2245 2222 2209
2245 2209 2250
2250 2209 2251
2245 2250 2252
2250 2251 2253
2254 2252 2250
2254 2250 2253
2254 2255 2252
2254 2253 2256
2255 2254 2257
2256 2257 2254
2255 2257 2258
2256 2259 2257
2260 2261 2262
2260 2262 2263
2260 2263 2264
2265 2264 2263
2265 2266 2264
2266 2265 2267
2266 2267 2268
2268 2267 2269
2268 2269 2270
2270 2269 2271
2270 2271 2272
2273 2272 2271
2273 2274 2272
2274 2273 2275
2274 2275 2276
2276 2275 2277
2276 2277 2278
2278 2277 2279
2278 2279 2280
2281 2280 2279
2281 2282 2280
2282 2281 2283
2282 2283 2284
2285 2284 2283
2285 2286 2284
2285 2287 2286
2288 2289 2290
2288 2290 2291
2292 2288 2291
2293 2291 2290
2292 2291 2294
2294 2295 2292
2293 2296 2291
2294 2291 2296
2297 2296 2293
2294 2298 2295
2299 2295 2298
2297 2300 2296
2300 2297 2301
2294 2296 2302
2302 2298 2294
2300 2302 2296
2299 2298 2303
2304 2299 2303
2304 2303 2305
2300 2301 2306
2307 2306 2301
2302 2308 2298
2303 2298 2308
2305 2303 2309
2303 2308 2309
2305 2309 2310
2311 2308 2302
2300 2312 2302
2312 2300 2306
2311 2313 2308
2313 2309 2308
2314 2310 2309
2313 2314 2309
2314 2315 2310
2307 2316 2306
2316 2307 2317
2312 2306 2318
2318 2313 2312
2318 2306 2316
2315 2314 2319
2315 2319 2320
2314 2313 2321
2318 2321 2313
2314 2321 2319
2316 2317 2322
2322 2317 2323
2318 2316 2324
2321 2318 2324
2324 2316 2322
2325 2320 2319
2325 2326 2320
2319 2321 2327
2321 2324 2327
2319 2327 2325
2322 2323 2328
2329 2328 2323
2324 2322 2330
2327 2324 2330
2328 2330 2322
2326 2325 2331
2326 2331 2332
2332 2331 2333
2332 2333 2334
2333 2335 2334
2336 2325 2327
2336 2331 2325
2327 2330 2336
2333 2331 2336
2329 2337 2328
2338 2337 2329
2328 2339 2330
2339 2336 2330
2339 2328 2337
2338 2340 2337
2341 2340 2338
2339 2342 2336
2333 2336 2342
2339 2337 2343
2343 2337 2340
2343 2342 2339
2341 2344 2340
2345 2344 2341
2345 2346 2344
2343 2340 2347
2347 2340 2344
2348 2344 2346
2347 2344 2348
2348 2346 2349
2343 2350 2342
2347 2350 2343
2333 2342 2351
2351 2342 2350
2352 2348 2349
2352 2349 2353
2354 2352 2353
2348 2355 2347
2347 2355 2350
2348 2352 2355
2356 2350 2355
2351 2350 2356
2333 2351 2357
2333 2357 2335
2358 2355 2352
2356 2355 2358
2358 2352 2359
2354 2360 2352
2361 2360 2354
2361 2354 2362
2363 2360 2361
2363 2358 2360
2364 2358 2363
2364 2356 2358
2365 2351 2356
2357 2351 2365
2365 2356 2364
2366 2335 2357
2357 2365 2366
2366 2367 2335
2367 2366 2368
2367 2368 2369
2368 2370 2369
2371 2366 2365
2371 2368 2366
2372 2365 2364
2372 2371 2365
2364 2373 2372
2364 2374 2373
2373 2375 2372
2375 2371 2372
2373 2376 2375
2377 2368 2371
2375 2377 2371
2368 2378 2370
2377 2378 2368
2376 2379 2375
2376 2380 2379
2381 2377 2375
2381 2378 2377
2381 2375 2379
2370 2378 2382
2381 2382 2378
2370 2382 2383
2383 2382 2384
2383 2384 2385
2386 2385 2384
2386 2384 2387
2388 2387 2384
2388 2384 2389
2389 2381 2379
2388 2389 2390
2391 2389 2384
2391 2381 2389
2389 2379 2392
2393 2389 2392
2380 2392 2379
2393 2392 2394
2380 2395 2392
2394 2392 2395
2394 2395 2396
2397 2398 2399
2397 2399 2400
2397 2400 2401
2397 2401 2402
2397 2402 2403
2404 2397 2403
1350 2399 2404
2399 1350 1353
1350 2404 1349
2399 1353 2405
2400 2399 2405
2405 1353 1354
1349 2404 2406
2404 2403 2406
1349 2406 1351
2405 1354 2407
2407 1354 1355
2400 2405 2408
2407 2408 2405
2406 2409 1351
2409 1343 1351
2406 2403 2410
2406 2410 2409
2407 1355 2411
1356 2411 1355
2412 2410 2403
2412 2403 2402
2400 2408 2413
2400 2413 2401
2407 2414 2408
2414 2407 2411
1356 2415 2411
2415 1356 1357
2415 1357 1365
2402 2401 2416
2416 2412 2402
2408 2417 2413
2408 2414 2417
2418 2401 2413
2418 2416 2401
2418 2413 2417
2418 2417 2419
2417 2420 2419
2414 2420 2417
2419 2420 1387
1365 2421 2415
1365 1386 2421
1387 2422 1386
2420 2422 1387
1386 2422 2421
2414 2423 2420
2423 2422 2420
2423 2421 2422
2423 2415 2421
2414 2411 2423
2423 2411 2415
2424 2425 2416
2416 2425 2412
2425 2426 2412
2412 2426 2427
2412 2427 2410
2427 2426 2428
2427 2409 2410
2429 2427 2428
2429 2428 2430
2427 2431 2409
2431 2427 2429
2432 2409 2431
2429 2432 2431
2432 1343 2409
2432 1342 1343
2430 2433 2429
2429 2433 2432
2430 2434 2433
2432 2435 1342
2433 2435 2432
2436 2433 2434
2433 2436 2435
2436 2434 2437
2435 2438 1342
2438 2435 2436
1342 2438 1345
2437 2439 2436
2438 2436 2439
2437 2440 2439
1345 2438 2441
2439 2441 2438
2442 2439 2440
2439 2442 2441
2442 2440 2443
2441 2444 1345
2444 2441 2442
1345 2444 1346
2443 2445 2442
2444 2442 2445
2443 2446 2445
1346 2444 2447
2445 2447 2444
2448 2445 2446
2445 2448 2447
2448 2446 2449
2448 2449 2450
2448 2450 2451
2447 2448 2451
2452 2451 2450
1346 2447 2453
2447 2451 2453
1346 2453 2454
2452 2455 2451
2455 2453 2451
2455 2454 2453
2456 2455 2452
2455 2457 2454
2456 2458 2455
2457 2455 2458
2459 2458 2456
2460 2458 2459
2459 2456 2461
2457 2458 2462
2460 2462 2458
2462 2463 2457
2462 2464 2463
2464 2462 2460
2464 2460 2465
2461 2466 2459
2467 2466 2461
2460 2468 2465
2465 2468 2469
2470 2466 2467
2470 2467 2471
2472 2470 2471
2472 2473 2470
2473 2472 2474
2475 2466 2470
2473 2475 2470
2459 2466 2476
2475 2476 2466
2477 2476 2475
2476 2478 2459
2459 2478 2460
2477 2478 2476
2460 2478 2479
2460 2479 2468
2479 2478 2477
2473 2474 2480
2480 2474 2481
2473 2482 2475
2482 2477 2475
2482 2473 2480
2468 2479 2483
2479 2477 2483
2480 2481 2484
2484 2481 2485
2484 2485 2486
2482 2480 2487
2484 2487 2480
2486 2488 2484
2484 2488 2487
2486 2489 2488
2482 2490 2477
2490 2482 2487
2491 2488 2489
2491 2489 2492
2488 2493 2487
2490 2487 2493
2488 2491 2493
2477 2490 2494
2494 2490 2493
2477 2494 2483
2492 2495 2491
2492 2496 2495
2491 2497 2493
2494 2493 2497
2491 2495 2497
2494 2497 2498
2495 2498 2497
2494 2498 2499
2483 2500 2499
2501 2495 2496
2495 2501 2498
2501 2496 2502
2501 2503 2498
2499 2498 2503
2502 2504 2501
2501 2504 2503
2502 2505 2504
2506 2504 2505
2506 2503 2504
2506 2505 2507
2508 2506 2507
2508 2509 2506
2509 2510 2506
2506 2510 2503
2509 2511 2510
2499 2503 2512
2510 2512 2503
2511 2513 2510
2510 2513 2512
2511 2514 2513
2513 2514 2515
2513 2515 2516
2512 2513 2516
2517 2499 2512
2483 2499 2517
2468 2483 2517
2469 2468 2517
2517 2512 2518
2469 2517 2518
2512 2516 2518
2516 2469 2518
2516 2519 2469
2515 2519 2516
2515 2520 2519
1347 2521 2522
1347 2522 2463
2523 2524 2525
2523 2526 2524
2523 2527 2526
2523 2528 2527
2527 2528 2529
2527 2529 2530
2530 2529 2531
2530 2531 2532
2532 2531 2533
2534 2535 2536
2534 2536 2537
2537 2536 2538
2537 2538 2539
2539 2538 2540
2539 2540 2541
2541 2540 2542
2541 2542 2543
2543 2542 2544
2543 2544 2545
2545 2544 2546
2545 2546 2547
2547 2546 2548
2547 2548 2549
2549 2548 2550
2549 2550 2551
2551 2550 2552
2551 2552 2553
2553 2552 2554
2553 2554 2555
2556 2557 2558
2556 2559 2557
2560 2559 2556
2560 2561 2559
2562 2561 2560
2562 2563 2561
2564 2563 2562
2564 2565 2563
2566 2565 2564
2566 2567 2565
2568 2567 2566
2568 2569 2567
2569 2568 2570
2571 2557 2572
2571 2572 2534
2573 2574 2575
2575 2574 2576
2577 2576 2574
2577 2574 2578
2579 2574 2580
2579 2581 2574
2578 2582 2581
2578 2581 2583
2583 2581 2584
2583 2584 2585
2586 2585 2584
2586 2587 2585
2588 2587 2586
2587 2588 2589
2587 2589 2590
2590 2589 2591
2590 2591 2592
2592 2591 2593
2592 2593 2594
2594 2593 2595
2594 2595 2596
2596 2595 2597
2596 2597 2598
2598 2597 2599
2598 2599 2600
2601 2600 2599
2602 2603 2600
2604 2603 2601
2605 2603 2604
2605 2606 2607
2608 2606 2605
2609 2610 2608
2609 2611 2610
2612 2613 2614
2612 2614 2615
2615 2614 2616
2615 2616 2617
2617 2616 2618
2617 2618 2619
2620 2617 2619
2620 2619 2621
2622 2617 2620
2622 2615 2617
2623 2615 2622
2623 2612 2615
2624 2612 2623
2624 2625 2612
2626 2625 2624
2625 2627 2612
2612 2627 2628
2629 2627 2625
2629 2625 2630
2626 2631 2625
2632 2625 2631
2631 2626 2633
2633 2626 2634
2633 2634 2635
2635 2634 2636
2636 2634 2637
2636 2637 2638
2638 2637 2639
2640 2638 2639
2641 2639 2637
2639 2642 2640
2641 2643 2639
2643 2642 2639
2644 2643 2641
2645 2642 2643
2644 2646 2643
2646 2645 2643
2646 2647 2645
2647 2646 2648
2649 2646 2644
2648 2646 2650
2649 2650 2646
2648 2650 2651
2651 2650 2652
2650 2649 2652
2652 2649 2653
2653 2649 2654
2653 2654 2655
2656 2655 2654
2656 2657 2655
2657 2656 2658
2659 2660 2661
2659 2662 2660
2663 2662 2659
2664 2665 2666
2664 2667 2665
2668 2667 2669
2668 2669 2670
2671 2668 2670
2671 2670 2672
2671 2672 2673
2674 2675 2676
2677 2674 2676
2677 2676 2678
2679 2680 2681
2679 2681 2682
2682 2681 2683
2682 2683 2684
2684 2683 2685
2684 2685 2686
2686 2687 2688
2686 2688 2689
2690 2691 2679
2690 2692 2691
2692 2690 2693
2693 2694 2692
2693 2695 2694
2696 2694 2695
2696 2697 2694
2697 2696 2698
2697 2698 2699
2700 2701 2702
2700 2703 2701
2704 2705 2700
2704 2706 2705
2707 2705 2708
2707 2708 2709
2710 2711 2703
2710 2703 2712
2712 2713 2710
2712 2714 2713
2715 2713 2716
2715 2716 2717
2718 2717 2719
2718 2719 2720
2721 2722 2723
2721 2723 2724
2724 2723 2725
2724 2725 2726
2727 2726 2725
2727 2728 2726
2729 2730 2728
2729 2731 2730
2732 2733 2734
2732 2734 2735
2736 2732 2735
2736 2735 2737
2738 2736 2737
2738 2737 2739
2740 2738 2739
2740 2739 2741
2742 2740 2741
2742 2741 2743
2744 2742 2743
2744 2743 2745
2746 2744 2745
2746 2745 2747
2748 2746 2747
2748 2747 2749
2748 2749 2750
2748 2750 2751
2752 2753 2754
2752 2755 2753
2756 2755 2752
2756 2757 2755
2758 2757 2756
2758 2759 2757
2760 2759 2758
2760 2761 2759
2762 2761 2760
2762 2763 2761
2764 2763 2762
2764 2765 2763
2766 2765 2764
2766 2767 2765
2768 2767 2766
2768 2769 2767
2770 2769 2768
2770 2771 2769
2772 2773 2774
2772 2774 2775
2776 2777 2778
2776 2779 2777
2779 2776 2780
2779 2781 2777
2779 2780 2782
2782 2780 2783
2779 2784 2781
2782 2784 2779
2784 2785 2781
2781 2785 2786
2781 2786 2787
2788 2787 2786
2788 2789 2787
2784 2790 2785
2784 2791 2790
2784 2792 2791
2782 2792 2784
2793 2791 2792
2793 2792 2794
2795 2793 2794
2795 2794 2796
2796 2797 2795
2796 2798 2797
2799 2797 2798
2800 2792 2782
2799 2801 2797
2800 2782 2802
2802 2803 2800
2782 2783 2802
2802 2804 2803
2783 2804 2802
2804 2805 2803
2804 2799 2805
2783 2806 2804
2806 2799 2804
2806 2807 2799
2807 2801 2799
2807 2808 2801
2809 2810 2811
2809 2812 2810
2812 2809 2813
2810 2812 2814
2810 2814 2815
2812 2813 2816
2816 2814 2812
2816 2813 2817
2818 2815 2814
2816 2818 2814
2818 2819 2815
2816 2817 2820
2818 2816 2820
2820 2817 2821
2819 2818 2822
2818 2820 2822
2819 2822 2823
2822 2824 2823
2822 2825 2824
2826 2825 2822
2826 2822 2820
2820 2821 2826
2827 2826 2821
2827 2821 2828
2826 2827 2829
2826 2829 2830
2828 2831 2827
2828 2832 2831
2830 2829 2833
2830 2833 2834
2829 2835 2833
2836 2829 2827
2829 2836 2835
2836 2827 2831
2836 2837 2835
2836 2831 2837
2837 2831 2832
2837 2832 2838
2839 2840 2841
2839 2841 2842
2843 2839 2842
2843 2844 2839
2844 2843 2845
2844 2845 2846
2845 2847 2846
2845 2848 2847
2849 2847 2848
2849 2850 2847
2851 2850 2849
2851 2852 2850
2853 2854 2855
2853 2856 2854
2853 2857 2856
2853 2858 2857
2859 2857 2858
2859 2858 2860
2861 2854 2862
2861 2862 2863
2864 2863 2862
2864 2865 2863
2866 2864 2867
2866 2867 2868
2869 2870 2871
2869 2871 2872
2873 2874 2875
2876 2874 2873
2876 2873 2877
2878 2879 2880
2878 2880 2881
2882 2883 2884
2882 2884 2885
2886 2887 2888
2886 2888 2889
2890 2891 2892
2890 2892 2893
2894 2895 2896
2894 2896 2897
2898 2899 2900
2898 2900 2901
2902 2903 2904
2902 2904 2905
2906 2907 2908
2906 2908 2909
2910 2911 2912
2910 2912 2913
2914 2915 2916
2914 2916 2917
2918 2919 2920
2918 2920 2921
2922 2923 2924
2922 2924 2925
2926 2927 2928
2926 2928 2929
2930 2931 2932
2931 2930 2933
2934 2935 2936
2934 2937 2935
2938 2935 2937
2934 2939 2937
2934 2940 2939
2938 2937 2941
2942 2938 2941
2937 2943 2941
2937 2939 2943
2944 2943 2939
2944 2939 2945
2945 2939 2940
2945 2940 2946
2942 2941 2947
2947 2941 2943
2946 2948 2945
2946 2949 2948
2950 2945 2948
2945 2950 2951
2945 2951 2944
2944 2951 2952
2953 2944 2952
2954 2944 2953
2955 2944 2954
2955 2956 2944
2943 2944 2956
2957 2942 2947
2957 2958 2942
2947 2943 2959
2943 2956 2959
2957 2947 2959
2956 2960 2959
2957 2959 2960
2956 2961 2960
2962 2961 2956
2962 2963 2961
2964 2957 2960
2965 2960 2961
2964 2960 2965
2963 2966 2961
2965 2961 2966
2963 2967 2966
2968 2967 2963
2967 2968 2969
2970 2965 2966
2970 2964 2965
2970 2966 2967
2971 2957 2964
2971 2958 2957
2972 2967 2969
2972 2969 2973
2973 2969 2974
2973 2974 2975
2973 2975 2976
2967 2972 2977
2967 2977 2970
2972 2978 2977
2972 2973 2978
2973 2976 2979
2979 2976 2980
2979 2980 2981
2981 2982 2979
2970 2977 2983
2983 2977 2978
2973 2979 2984
2973 2984 2978
2979 2982 2985
2985 2984 2979
2982 2986 2985
2985 2987 2984
2987 2988 2984
2978 2984 2988
2987 2989 2988
2989 2990 2988
2989 2991 2990
2988 2990 2992
2978 2988 2993
2988 2992 2993
2983 2978 2993
2993 2992 2994
2993 2994 2983
2994 2971 2995
2994 2958 2971
2994 2996 2958
2996 2997 2958
2994 2998 2996
2996 2999 2997
3000 2996 2998
3000 2999 2996
3000 2998 3001
3000 3002 2999
3001 3003 3000
3002 3000 3003
3001 3004 3003
3002 3003 3005
2983 3006 3007
3007 2971 2964
2983 3007 3008
3007 2964 3008
2970 2983 3008
2970 3008 2964
3009 3010 3011
3009 3011 3012
3011 3013 3012
3011 3014 3013
3011 3015 3014
3016 3015 3011
3017 3016 3011
3017 3018 3016
3019 3020 3021
3019 3022 3020
3020 3022 3023
3020 3023 3024
3020 3024 3025
3026 3020 3025
3027 3020 3026
3027 3026 3028
3029 3030 3031
3031 3030 3032
3033 3034 3035
3033 3036 3034
3037 3034 3036
3037 3036 3038
3038 3039 3037
3038 3040 3039
3041 3039 3040
3041 3042 3039
3042 3041 3043
3044 3045 3046
3047 3046 3045
3047 3048 3046
3049 3048 3047
3049 3050 3048
3051 3050 3049
3051 3052 3050
3051 3053 3052
3051 3054 3053
3055 3056 3057
3058 3056 3055
3058 3055 3059
3058 3059 3060
3058 3060 3061
3060 3062 3061
3061 3062 3063
3063 3062 3064
3065 3066 3067
3067 3066 3068
3068 3066 3069
3070 3068 3069
3071 3070 3069
3070 3071 3072
3071 3073 3072
3073 3074 3072
3073 3075 3074
3075 3076 3074
3075 3077 3076
3078 3076 3077
844 3076 3078
3079 3080 3081
3079 3082 3080
3079 3083 3082
3084 3082 3083
3084 3083 3085
3086 3087 3088
3086 3089 3087
3089 3090 3087
3089 3091 3090
3091 3092 3090
3091 3093 3092
3092 3093 3094
3095 3096 3097
3097 3096 3098
3099 3098 3096
3100 3098 3099
3101 3100 3099
3101 3102 3100
3103 3102 3101
3103 3104 3102
3103 3105 3104
3103 3106 3105
3105 3106 3107
3105 3107 3108
3108 3107 3109
3110 3111 3112
3112 3111 3113
3114 3113 3111
3114 3115 3113
3116 3115 3114
3116 3117 3115
3118 3117 3116
3118 3119 3117
3119 3118 3120
3119 3120 3121
3121 3120 3122
3121 3122 3123
3123 3122 3124
3125 3126 3127
3128 3126 3125
3128 3129 3126
3130 3129 3128
3131 3132 3133
3134 3132 3131
3134 3131 3135
3136 3137 3138
3136 3139 3137
3140 3139 3136
3141 3142 3143
3142 3144 3143
3145 3146 3147
3145 3147 3148
3149 3148 3147
3149 3150 3148
3150 3149 3151
3150 3151 3152
3153 3152 3151
3153 3151 3154
3154 3155 3153
3156 3157 3158
3159 3158 3157
3159 3157 3160
3161 3159 3160
3161 3160 3162
3163 3161 3162
3163 3162 3164
3163 3164 3165
3163 3165 3166
3167 3168 3169
3170 3167 3169
3170 3171 3167
3170 3172 3171
3170 3173 3172
3172 3173 3174
3173 3175 3174
3175 3176 3174
3177 3178 3179
3178 3180 3179
3180 3181 3179
3182 3181 3180
3183 3181 3182
3182 3184 3183
3183 3184 3185
3185 3184 3186
3185 3186 3187
3187 3186 3188
3187 3188 3189
3190 3189 3188
934 3190 3188
3191 3192 3193
3191 3193 3194
3191 3194 3195
3196 3195 3194
3196 3197 3195
3198 3199 3200
3198 3200 3201
3201 3200 3202
3201 3202 3203
3203 3202 3204
3203 3204 3205
3204 3206 3205
3207 3208 3209
3208 3210 3209
3211 3209 3210
3212 3211 3210
3213 3211 3212
3213 3212 3214
3215 3213 3214
3215 3214 3216
3215 3216 3217
3215 3217 3218
3217 3219 3218
3217 3220 3219
3220 3221 3219
3222 3223 3224
3223 3225 3224
3226 3224 3225
3226 3225 3227
3228 3226 3227
3228 3227 3229
3230 3228 3229
3230 3229 3231
3231 3232 3230
3231 3233 3232
3233 3234 3232
3233 3235 3234
3235 3236 3234
3237 3238 3239
3240 3237 3239
3240 3239 3241
3242 3240 3241
3243 3244 3245
3246 3243 3245
3246 3247 3243
3248 3249 3250
3248 3250 3251
3252 3248 3251
3253 3254 3255
3253 3255 3256
3253 3257 3254
3257 3258 3254
3253 3256 3259
3259 3256 3260
3259 3260 3261
3261 3260 3262
3261 3262 3263
3264 3261 3263
3259 3261 3264
3264 3263 3265
3253 3259 3266
3259 3264 3266
3264 3265 3267
3266 3264 3267
3265 3268 3267
3269 3266 3267
3253 3266 3269
3257 3253 3269
3270 3269 3267
3257 3269 3270
3271 3270 3267
3272 3271 3267
3273 3272 3267
3274 3257 3270
3257 3274 3258
3274 3270 3275
3276 3258 3274
3276 3274 3275
3276 3275 3277
3273 3276 3277
3276 3278 3258
3279 3278 3276
3273 3279 3276
3279 3280 3278
3281 3279 3273
3281 3273 3267
3282 3280 3279
3281 3282 3279
3282 3283 3280
3282 3284 3283
3282 3285 3284
3285 3282 3281
3285 3286 3284
3285 3287 3286
3285 3281 3288
3287 3285 3288
3288 3281 3267
3287 3288 3289
3289 3288 3267
3290 3291 3267
3291 3292 3267
3292 3293 3267
3293 3294 3267
3295 3290 3267
3294 3296 3267
3268 3295 3267
3296 3297 3267
3297 3298 3267
3299 3298 3297
3299 3300 3298
3301 3297 3296
3301 3299 3297
3300 3299 3302
3300 3302 3286
3299 3303 3302
3299 3301 3303
3301 3304 3303
3305 3301 3296
3301 3305 3304
3305 3296 3306
3305 3307 3304
3308 3305 3306
3305 3308 3307
3308 3306 3309
3310 3307 3308
3310 3308 3309
3310 3309 3311
3310 3312 3307
3313 3310 3311
3314 3312 3310
3313 3314 3310
3314 3315 3312
3316 3314 3313
3317 3315 3314
3316 3317 3314
3317 3318 3315
3295 3317 3316
3319 3318 3317
3295 3319 3317
3319 3320 3318
3268 3319 3295
3321 3320 3319
3268 3321 3319
3322 3321 3268
3321 3323 3320
3322 3324 3321
3324 3323 3321
3324 3262 3323
3325 3326 3327
3328 3325 3327
3326 3329 3327
3330 3328 3327
3329 3331 3327
3332 3330 3327
3331 3333 3327
3334 3332 3327
3333 3335 3327
3336 3334 3327
3335 3337 3327
3338 3336 3327
3337 3339 3327
3340 3338 3327
3339 3341 3327
3342 3340 3327
3341 3343 3327
3344 3342 3327
3343 3345 3327
3345 3344 3327
3346 3347 3348
3346 3349 3347
3346 3348 3350
3350 3348 3351
3346 3352 3349
3352 3353 3349
3352 3354 3353
3354 3355 3353
3354 3356 3355
3357 3356 3354
3352 3357 3354
3357 3358 3356
3346 3359 3352
3352 3359 3357
3357 3360 3358
3359 3360 3357
3358 3360 3361
3362 3360 3359
3346 3362 3359
3350 3362 3346
3363 3360 3362
3350 3363 3362
3350 3351 3364
3364 3363 3350
3365 3360 3363
3366 3360 3365
3364 3367 3363
3368 3360 3366
3369 3364 3351
3369 3367 3364
3369 3370 3367
3368 3370 3369
3369 3351 3371
3372 3369 3371
3368 3369 3372
3372 3371 3373
3374 3368 3372
3374 3360 3368
3375 3372 3373
3374 3372 3375
3375 3373 3376
3375 3376 3377
3375 3377 3378
3378 3374 3375
3378 3377 3379
3378 3379 3380
3378 3381 3374
3380 3381 3378
3381 3360 3374
3380 3382 3381
3382 3360 3381
3383 3360 3384
3384 3360 3385
3385 3360 3386
3386 3360 3387
3388 3360 3383
3387 3360 3389
3361 3360 3388
3389 3360 3390
3390 3360 3391
3392 3390 3391
3392 3391 3393
3394 3389 3390
3394 3390 3392
3393 3395 3392
3393 3379 3395
3392 3395 3396
3392 3396 3394
3394 3396 3397
3398 3389 3394
3394 3397 3398
3398 3399 3389
3398 3397 3400
3401 3399 3398
3398 3400 3401
3401 3402 3399
3403 3401 3400
3403 3402 3401
3403 3404 3402
3403 3400 3405
3406 3404 3403
3407 3403 3405
3406 3403 3407
3407 3405 3408
3409 3406 3407
3410 3407 3408
3409 3407 3410
3410 3408 3411
3388 3409 3410
3412 3410 3411
3388 3410 3412
3412 3411 3413
3361 3388 3412
3414 3412 3413
3361 3412 3414
3415 3361 3414
3414 3413 3416
3415 3414 3417
3417 3414 3416
3417 3416 3355
3418 3419 3420
3421 3419 3418
3420 3419 3422
3423 3419 3421
3422 3419 3424
3425 3419 3423
3424 3419 3426
3427 3419 3425
3426 3419 3428
3429 3419 3427
3428 3419 3430
3431 3419 3429
3430 3419 3432
3433 3419 3431
3432 3419 3434
3435 3419 3433
3434 3419 3436
3437 3419 3435
3436 3419 3438
3438 3419 3437
3439 3440 3441
3442 3439 3441
3440 3443 3441
3444 3442 3441
3443 3445 3441
3446 3444 3441
3445 3447 3441
3448 3446 3441
3447 3449 3441
3450 3448 3441
3449 3451 3441
3452 3450 3441
3451 3453 3441
3454 3452 3441
3453 3455 3441
3456 3454 3441
3455 3457 3441
3458 3456 3441
3457 3459 3441
3460 3458 3441
3459 3461 3441
3462 3460 3441
3461 3463 3441
3464 3462 3441
3463 3464 3441
3465 3466 3467
3468 3466 3465
3467 3466 3469
3470 3466 3468
3469 3466 3471
3472 3466 3470
3471 3466 3473
3474 3466 3472
3473 3466 3475
3476 3466 3474
3475 3466 3477
3478 3466 3476
3477 3466 3479
3480 3466 3478
3479 3466 3481
3482 3466 3480
3481 3466 3483
3484 3466 3482
3483 3466 3485
3486 3466 3484
3485 3466 3487
3488 3466 3486
3487 3466 3489
3490 3466 3488
3489 3466 3490
