byte offset: 0
first index: 0
index count: 8760
topology: trianglelist
format: DXGI_FORMAT_R16_UINT

0 1 2
1 0 3
3 0 4
3 4 5
5 4 6
7 1 3
8 3 5
8 7 3
9 1 7
9 7 8
10 9 8
9 11 1
11 9 12
12 9 13
9 10 13
12 13 14
14 13 15
13 10 15
14 15 16
5 6 17
8 5 17
16 15 18
16 18 19
20 19 18
15 21 18
15 10 21
20 18 22
22 18 21
23 17 6
23 6 24
25 23 24
8 17 26
10 8 26
25 27 23
27 25 28
29 17 23
29 26 17
27 29 23
27 28 30
30 28 31
27 32 29
32 27 30
33 26 29
33 29 32
26 34 10
33 34 26
30 31 35
36 35 31
34 37 10
10 37 21
38 34 33
38 37 34
32 30 39
39 30 35
36 40 35
41 40 36
33 32 42
38 33 42
32 43 42
32 39 43
39 35 44
40 44 35
41 45 40
45 41 46
38 42 47
43 47 42
39 48 43
39 44 48
40 49 44
45 49 40
45 46 50
51 50 46
51 52 50
53 52 51
54 45 50
52 54 50
53 55 52
56 55 53
55 57 52
52 57 54
48 58 43
43 58 47
45 59 49
54 59 45
49 59 60
60 59 54
56 61 55
55 61 57
49 60 62
62 60 63
44 49 62
44 62 48
60 54 64
54 57 64
63 60 64
62 65 48
48 65 58
62 63 66
62 66 65
57 67 64
57 61 68
57 68 67
63 64 69
67 69 64
65 70 58
66 71 65
65 71 70
63 72 66
66 72 71
58 70 73
58 73 47
47 73 74
47 74 38
74 37 38
69 67 75
63 69 76
69 75 76
63 77 72
63 76 77
67 78 75
67 68 78
68 79 78
68 80 79
61 80 68
61 81 80
56 81 61
82 80 81
79 80 82
83 81 56
82 81 83
83 56 84
85 83 84
85 82 83
85 86 82
87 86 85
88 82 86
79 82 88
89 86 87
88 86 89
89 87 90
91 89 90
89 92 88
92 79 88
91 93 89
89 93 92
94 93 91
94 91 95
94 95 96
97 93 94
97 92 93
98 92 97
98 97 99
97 94 100
100 94 96
99 97 100
92 101 79
98 101 92
79 101 102
102 101 98
79 102 78
100 96 103
103 96 104
78 102 105
78 105 75
99 100 106
106 100 103
103 104 107
107 104 108
102 98 109
105 102 109
75 105 110
75 110 76
106 103 111
111 103 107
107 108 112
112 108 113
105 109 114
110 105 114
76 110 115
76 115 77
111 107 116
116 107 112
112 113 117
117 113 118
116 112 119
119 112 117
120 111 116
120 116 119
120 121 111
121 106 111
120 119 122
121 123 106
122 119 124
119 117 124
122 124 125
117 118 126
124 117 126
126 118 127
123 128 106
123 129 128
130 128 129
131 128 130
106 128 99
131 99 128
132 99 131
125 124 133
124 126 133
125 133 134
126 127 135
133 126 135
135 127 136
132 137 99
137 132 138
137 98 99
134 133 139
133 135 139
134 139 140
135 136 141
139 135 141
141 136 142
137 138 143
98 137 143
143 138 144
98 143 109
140 139 145
139 141 145
145 141 142
140 145 146
145 142 147
146 145 147
143 144 148
109 143 148
148 144 149
109 148 114
148 149 150
114 148 150
150 149 151
114 150 152
110 114 152
115 110 152
150 151 153
152 150 153
153 151 154
115 152 155
152 153 155
153 154 156
155 153 156
156 154 157
158 115 155
77 115 158
77 158 72
156 157 159
159 157 160
155 156 161
158 155 161
161 156 159
72 158 162
162 158 161
72 162 71
159 160 163
163 160 164
161 159 165
162 161 165
165 159 163
71 162 166
166 162 165
71 166 70
163 164 167
167 164 168
165 163 169
166 165 169
169 163 167
70 166 170
170 166 169
70 170 73
167 168 171
171 168 172
169 167 173
170 169 173
173 167 171
73 170 174
174 170 173
73 174 74
171 172 175
175 172 176
173 171 177
174 173 177
177 171 175
74 174 178
178 174 177
175 176 179
20 179 176
20 22 179
177 175 180
180 175 179
178 177 180
181 180 179
179 22 181
181 178 180
74 178 182
181 182 178
74 182 37
181 22 183
181 183 182
37 182 183
22 21 183
37 183 21
184 185 186
184 186 187
187 186 188
187 188 189
187 190 184
191 187 189
187 192 190
191 192 187
193 190 192
194 192 191
193 192 194
194 191 195
194 196 193
197 194 195
194 198 196
197 198 194
199 196 198
200 198 197
199 198 200
200 197 201
202 199 200
203 200 201
202 200 203
203 201 204
203 205 202
206 203 204
203 207 205
206 207 203
207 208 205
209 207 206
207 210 208
209 210 207
210 211 208
212 210 209
210 213 211
212 213 210
213 214 211
215 213 212
213 216 214
215 216 213
217 214 216
218 216 215
217 216 218
218 215 219
218 220 217
221 218 219
218 222 220
221 222 218
223 220 222
223 222 221
224 225 226
226 225 227
226 227 228
228 229 226
228 227 230
230 227 225
231 229 228
228 230 231
231 232 229
233 232 231
230 233 231
233 234 232
235 234 233
235 236 234
237 236 235
237 238 236
239 238 237
239 240 238
241 240 239
241 242 240
243 242 241
243 244 242
239 245 241
245 243 241
237 246 239
239 246 245
235 247 237
237 247 246
233 248 235
235 248 247
249 244 243
249 250 244
245 251 243
251 249 243
233 252 248
230 252 233
253 252 230
230 225 253
248 252 254
253 254 252
255 253 225
255 225 256
257 253 255
257 254 253
258 254 257
248 254 259
258 259 254
247 248 259
260 259 258
247 259 261
260 261 259
246 247 261
262 261 260
246 261 263
262 263 261
245 246 263
264 263 262
245 263 265
264 265 263
266 265 264
265 251 245
266 267 265
265 267 251
268 267 266
267 269 251
251 269 249
268 270 267
267 270 269
271 270 268
249 269 272
272 269 270
271 273 270
272 270 273
274 273 271
274 275 273
276 275 274
273 275 277
273 277 272
276 278 275
277 275 278
278 276 279
249 272 280
280 250 249
280 281 250
272 282 280
282 281 280
272 277 282
282 283 281
282 277 284
277 278 284
285 283 282
282 284 285
285 286 283
286 285 287
284 287 285
286 287 288
287 289 288
284 290 287
287 290 289
278 290 284
290 279 289
278 279 291
278 291 290
290 291 279
292 293 294
295 292 294
296 292 295
296 297 292
298 297 296
298 299 297
298 300 299
301 296 295
301 298 296
302 295 294
301 295 302
303 302 294
303 301 302
304 301 303
303 294 305
305 306 303
306 307 303
303 307 304
306 308 307
308 309 307
307 309 304
308 310 309
310 311 309
310 312 311
313 311 312
309 311 314
309 314 304
313 315 311
315 314 311
304 316 301
301 316 298
313 317 315
313 318 317
319 317 318
319 318 320
321 319 320
321 320 322
323 321 322
323 322 324
325 323 324
325 324 326
327 325 326
327 326 328
329 327 328
329 328 330
331 329 330
331 330 332
333 331 332
333 332 334
335 333 334
335 334 336
337 335 336
337 336 338
339 337 338
340 337 339
339 341 340
339 338 342
342 341 339
342 343 341
344 335 337
340 344 337
345 333 335
344 345 335
346 331 333
345 346 333
343 347 341
343 348 347
348 349 347
350 347 349
350 351 347
351 341 347
352 351 350
346 353 331
353 329 331
352 354 351
355 354 352
353 356 329
356 327 329
356 357 327
357 325 327
357 358 325
358 323 325
358 359 323
359 321 323
359 360 321
360 319 321
360 361 319
361 317 319
362 317 361
317 362 315
363 361 360
362 361 363
364 360 359
363 360 364
365 359 358
364 359 365
366 358 357
365 358 366
362 367 315
315 367 314
362 363 368
362 368 367
369 314 367
369 367 368
304 314 369
370 368 363
370 363 364
370 369 368
371 364 365
371 370 364
304 369 372
316 304 372
370 373 369
373 372 369
372 374 316
374 298 316
375 371 365
375 365 366
376 370 371
376 373 370
373 377 372
372 377 374
373 378 377
373 376 378
378 374 377
379 376 371
379 371 375
378 376 379
374 380 298
298 380 300
381 300 380
378 382 374
380 374 382
378 379 383
382 378 383
384 379 375
383 379 384
381 380 385
380 382 385
386 381 385
382 386 385
386 387 381
388 387 386
388 389 387
390 389 388
382 391 386
382 383 391
391 388 386
391 383 392
383 384 392
384 375 393
393 375 366
390 388 394
395 390 394
391 396 388
391 392 396
392 384 397
397 384 393
393 366 398
366 357 398
398 357 356
388 396 399
388 399 394
396 392 400
392 397 400
396 400 399
400 397 401
397 393 402
402 393 398
401 397 402
398 356 403
402 398 403
403 356 353
399 400 404
400 401 404
394 399 405
399 404 405
406 402 403
401 402 406
403 353 407
406 403 407
407 353 346
408 406 407
401 406 408
407 346 409
408 407 409
409 346 345
401 410 404
410 405 404
394 405 411
395 394 411
401 408 412
401 412 410
409 345 413
413 345 344
414 408 409
412 408 414
414 409 413
415 411 405
410 415 405
416 395 411
415 416 411
416 417 395
418 417 416
413 344 419
419 344 340
412 414 420
410 412 420
415 410 421
416 415 421
410 420 421
418 416 422
416 421 422
423 418 422
424 414 413
420 414 424
424 413 419
425 424 419
420 424 426
421 420 426
426 424 425
423 422 427
428 423 427
422 421 429
422 429 427
421 426 429
428 427 429
429 426 430
426 425 430
428 429 431
429 430 431
432 428 431
432 433 428
434 433 432
435 431 430
435 432 431
434 432 435
425 435 430
434 435 436
437 434 436
438 436 435
425 438 435
439 437 436
438 439 436
439 440 437
441 440 439
442 438 425
439 438 442
441 439 443
439 442 443
444 441 443
444 445 441
444 446 445
442 425 447
425 419 447
419 340 447
340 442 447
448 443 442
340 448 442
448 444 443
341 448 340
341 449 448
449 444 448
341 351 449
450 444 449
351 450 449
450 446 444
351 354 450
451 446 450
451 452 446
453 450 354
453 451 450
355 453 354
355 454 453
454 451 453
355 455 454
456 452 451
454 456 451
456 457 452
455 458 454
458 456 454
455 459 458
460 457 456
458 460 456
460 461 457
459 462 458
462 460 458
459 463 462
464 461 460
462 464 460
464 465 461
463 466 462
466 464 462
463 467 466
468 465 464
466 468 464
468 469 465
467 470 466
470 468 466
467 471 470
471 472 470
473 469 468
470 473 468
472 473 470
473 474 469
472 475 473
475 474 473
476 477 478
476 479 477
479 480 477
479 481 480
479 476 482
483 481 479
479 482 484
483 479 484
485 484 482
486 483 484
485 486 484
486 487 483
486 485 488
489 487 486
486 488 490
489 486 490
491 490 488
492 489 490
491 492 490
492 493 489
494 492 491
495 493 492
494 495 492
495 496 493
495 494 497
498 496 495
495 497 499
498 495 499
499 497 500
501 498 499
499 500 502
501 499 502
502 500 503
504 501 502
502 503 505
504 502 505
505 503 506
507 504 505
505 506 508
507 505 508
509 508 506
510 507 508
509 510 508
510 511 507
510 509 512
513 511 510
510 512 514
513 510 514
515 514 512
515 513 514
516 517 518
517 519 518
517 520 519
520 517 521
520 522 519
522 518 519
523 520 521
520 523 522
523 521 524
525 523 524
522 523 525
525 524 526
527 525 526
527 526 528
529 527 528
529 528 530
531 529 530
531 530 532
533 531 532
533 532 534
535 533 534
535 534 536
531 533 537
537 533 535
529 531 538
531 537 538
527 529 539
529 538 539
525 527 540
527 539 540
541 535 536
541 536 542
537 535 543
543 535 541
525 540 544
522 525 544
545 522 544
522 545 518
540 546 544
545 544 546
547 518 545
547 548 518
549 547 545
549 545 546
550 549 546
540 551 546
550 546 551
539 551 540
552 550 551
539 553 551
552 551 553
538 553 539
554 552 553
538 555 553
554 553 555
537 555 538
556 554 555
537 557 555
556 555 557
558 556 557
557 537 543
558 557 559
557 543 559
560 558 559
559 543 561
543 541 561
560 559 562
559 561 562
563 560 562
541 564 561
564 562 561
563 562 565
564 565 562
566 563 565
566 565 567
568 566 567
565 569 567
565 564 569
568 567 570
569 570 567
570 571 568
541 572 564
572 541 542
572 542 573
564 572 574
574 572 573
564 574 569
574 573 575
574 576 569
569 576 570
577 574 575
574 577 576
577 575 578
578 579 577
576 577 579
578 580 579
579 580 581
576 579 582
579 581 582
570 576 582
582 581 571
570 583 571
570 582 583
582 571 583
584 585 586
584 587 585
588 587 584
589 585 587
589 590 585
588 591 587
591 589 587
592 591 588
593 590 589
591 593 589
593 594 590
595 594 593
596 594 595
595 597 596
595 598 597
592 599 591
591 600 593
599 600 591
595 593 601
593 600 601
595 602 598
602 595 601
598 602 603
598 603 604
603 605 604
606 602 601
600 606 601
606 603 602
603 607 605
607 608 605
609 599 592
609 592 610
611 609 610
611 612 609
613 612 611
614 599 609
612 614 609
599 615 600
614 615 599
613 616 612
617 616 613
615 618 600
600 618 606
614 619 615
615 619 618
620 619 614
612 621 614
616 621 612
621 620 614
618 619 622
620 622 619
606 618 623
618 622 623
620 624 622
624 623 622
606 623 625
625 603 606
625 607 603
625 623 626
624 626 623
627 607 625
625 626 627
628 626 624
627 626 628
627 629 607
607 629 608
630 608 629
631 629 627
627 628 631
630 629 632
632 629 631
633 630 632
634 632 631
628 634 631
635 633 632
634 635 632
636 635 634
637 633 635
636 637 635
637 638 633
637 639 638
639 637 640
641 639 640
642 641 640
636 643 637
640 637 643
640 643 644
636 644 643
645 642 640
640 644 645
642 645 646
647 642 646
648 645 644
646 645 648
636 648 644
646 649 647
649 646 648
650 647 649
636 651 648
649 648 652
651 652 648
651 653 652
653 654 652
655 649 652
650 649 655
655 652 654
655 656 650
657 650 656
658 655 654
653 658 654
658 656 655
657 656 659
660 657 659
656 658 661
656 661 659
658 653 661
660 659 662
661 662 659
660 662 663
664 660 663
661 665 662
653 665 661
663 662 665
663 666 664
667 664 666
667 666 668
669 667 668
670 666 663
668 666 670
663 665 671
670 663 671
672 670 671
673 671 665
653 673 665
673 672 671
669 668 674
675 669 674
668 670 676
670 672 676
674 668 676
675 674 677
678 675 677
678 677 679
680 679 677
680 677 674
680 681 679
682 681 680
674 676 683
680 674 683
672 683 676
682 680 683
672 682 683
682 672 684
682 684 685
686 685 684
686 687 685
686 688 687
689 684 672
686 684 689
689 672 673
673 690 689
673 653 690
686 689 691
691 689 690
692 690 653
692 653 651
691 690 693
693 690 692
694 686 691
693 694 691
686 695 688
694 695 686
688 695 696
688 696 697
696 698 697
699 695 694
699 696 695
696 700 698
701 698 700
702 700 696
702 696 699
701 700 703
703 700 702
701 703 704
694 705 699
706 702 699
706 699 705
703 702 707
707 702 706
704 703 708
708 703 707
704 708 709
704 709 710
707 711 708
708 711 709
707 706 712
707 712 711
710 709 713
710 713 714
712 706 715
715 706 705
694 716 705
693 716 694
717 705 716
715 705 717
712 715 718
711 712 718
709 711 719
709 719 713
720 716 693
717 716 720
721 715 717
718 715 721
714 713 722
714 722 723
711 718 724
719 711 724
720 693 725
693 692 725
725 692 726
651 726 692
723 722 727
723 727 728
729 720 725
725 726 729
651 730 726
636 730 651
634 730 636
634 731 730
731 726 730
628 731 634
732 726 731
732 731 628
729 726 732
628 624 732
733 732 624
729 732 733
733 624 620
734 729 733
620 734 733
729 735 720
734 735 729
720 735 736
720 736 717
721 717 736
737 736 735
737 735 734
620 738 734
621 738 620
739 721 736
739 736 737
734 738 740
734 740 737
741 738 621
741 740 738
616 741 621
742 737 740
742 739 737
743 721 739
718 721 743
744 741 616
617 744 616
745 740 741
745 742 740
744 745 741
746 739 742
743 739 746
718 743 747
747 743 746
718 747 724
748 744 617
748 617 749
750 748 749
751 745 744
751 744 748
752 742 745
746 742 752
752 745 751
750 753 748
751 748 753
754 753 750
755 753 754
724 747 756
724 756 719
747 746 757
756 747 757
746 752 758
758 752 751
746 758 757
751 753 759
758 751 759
755 760 753
759 753 760
757 758 761
761 758 759
762 760 755
762 755 763
764 762 763
764 765 762
766 765 764
767 765 766
768 765 767
769 765 768
759 760 770
770 760 762
761 759 770
757 761 771
756 757 771
770 762 772
772 762 765
773 761 770
771 761 773
773 770 772
769 774 765
775 774 769
776 774 775
777 756 771
771 773 777
778 773 772
777 773 778
772 765 779
779 765 774
778 772 779
776 780 774
776 781 780
782 780 781
779 774 783
783 778 779
783 774 780
784 756 777
719 756 784
719 784 713
782 785 780
786 785 782
777 778 787
784 777 787
713 784 788
784 787 788
713 788 722
787 778 789
789 778 783
788 787 789
783 780 790
790 780 785
789 783 790
722 788 791
788 789 791
722 791 727
786 792 785
793 792 786
789 790 794
791 789 794
790 785 795
795 785 792
794 790 795
727 791 796
791 794 796
793 797 792
798 797 793
794 795 799
796 794 799
727 796 800
728 727 800
728 800 801
800 796 802
796 799 802
801 800 803
800 802 803
801 803 804
804 803 805
803 806 805
803 802 806
802 807 806
802 799 807
807 808 806
799 809 807
809 808 807
799 795 809
809 810 808
811 810 809
795 812 809
811 809 812
795 792 812
792 811 812
792 797 811
797 813 811
797 814 813
798 814 797
813 814 815
813 815 816
815 817 816
815 818 817
819 818 815
820 814 798
815 814 820
819 815 820
820 798 821
822 819 820
822 820 821
823 824 825
823 825 826
827 823 826
828 826 825
828 825 829
827 826 830
830 826 828
831 827 830
832 828 829
830 828 832
832 829 833
834 832 833
835 834 833
834 835 836
834 836 837
831 830 838
830 832 839
838 830 839
834 840 832
832 840 839
834 837 841
840 834 841
837 842 841
837 843 842
842 843 844
845 840 841
839 840 845
845 841 842
842 844 846
846 844 847
848 831 838
848 849 831
850 849 848
850 848 851
852 850 851
853 848 838
851 848 853
838 839 854
853 838 854
852 851 855
856 852 855
854 839 857
839 845 857
853 854 858
854 857 858
859 853 858
851 853 860
855 851 860
860 853 859
857 861 858
859 858 861
845 862 857
857 862 861
859 861 863
863 861 862
845 864 862
864 845 842
864 842 846
864 865 862
863 862 865
866 864 846
864 866 865
867 863 865
866 867 865
866 846 868
846 847 868
869 868 847
870 866 868
866 870 867
869 871 868
871 870 868
871 869 872
873 870 871
867 870 873
871 872 874
873 871 874
874 872 875
874 875 876
876 875 877
878 873 874
878 874 876
879 876 877
879 877 880
881 879 880
876 882 878
882 876 879
879 881 883
883 881 884
885 882 879
883 885 879
882 885 886
885 883 886
882 886 878
878 886 887
873 878 888
878 887 888
884 889 883
886 883 889
873 888 890
867 873 890
884 891 889
891 884 892
893 886 889
887 886 893
893 889 891
890 888 894
887 894 888
895 867 890
895 890 894
867 895 863
896 893 891
887 893 896
897 863 895
897 859 863
898 897 895
898 895 894
859 897 899
899 897 898
896 891 900
892 900 891
859 899 901
860 859 901
902 860 901
855 860 902
899 903 901
902 901 903
904 855 902
856 855 904
905 902 903
904 902 905
906 856 904
906 907 856
908 907 906
909 906 904
909 904 905
908 906 910
909 910 906
911 908 910
912 911 910
899 913 903
905 903 914
914 903 913
915 909 905
915 905 914
913 899 916
899 898 916
912 910 917
909 918 910
918 917 910
919 909 915
919 918 909
920 915 914
920 919 915
914 913 921
920 914 921
913 916 922
921 913 922
898 923 916
923 922 916
924 912 917
924 925 912
926 925 924
926 924 927
928 926 927
929 928 927
930 929 927
931 930 927
932 924 917
918 932 917
898 933 923
933 898 894
933 894 934
887 934 894
931 927 935
936 931 935
937 936 935
938 927 924
932 938 924
939 932 918
939 918 919
940 933 934
923 933 940
937 935 941
937 941 942
943 942 941
944 935 927
938 944 927
945 938 932
945 932 939
946 939 919
920 946 919
944 947 935
947 941 935
948 944 938
948 938 945
947 944 948
943 941 949
950 943 949
951 945 939
946 951 939
947 952 941
952 949 941
950 949 953
954 950 953
951 955 945
955 948 945
956 951 946
955 951 956
957 947 948
957 952 947
952 958 949
958 953 949
955 959 948
959 957 948
960 959 955
960 955 956
954 953 961
962 954 961
956 946 963
963 946 920
957 964 952
964 958 952
965 957 959
960 965 959
963 920 966
966 920 921
966 921 967
921 922 967
968 963 966
968 966 967
969 956 963
968 969 963
970 960 956
969 970 956
967 922 971
923 971 922
965 972 957
972 964 957
973 965 960
973 960 970
970 969 974
974 969 968
968 967 975
967 971 975
971 923 976
923 940 976
971 976 977
975 971 977
978 968 975
974 968 978
978 975 979
975 977 979
980 977 976
940 980 976
981 973 970
981 970 974
982 974 978
982 978 979
979 977 983
980 983 977
984 981 974
982 984 974
982 979 985
979 983 985
984 982 986
986 982 985
987 981 984
987 984 986
987 988 981
988 973 981
989 987 986
988 990 973
989 986 991
986 985 991
989 991 992
990 993 973
973 993 965
990 994 993
993 972 965
985 995 991
995 992 991
995 996 992
985 983 995
997 996 995
994 998 993
993 998 972
994 999 998
983 1000 995
997 995 1000
983 980 1000
1001 997 1000
980 1001 1000
1001 1002 997
998 1003 972
972 1003 964
999 1004 998
998 1004 1003
999 1005 1004
1003 1006 964
964 1006 958
1005 1007 1004
1005 1008 1007
1008 1009 1007
1007 1009 1010
1004 1011 1003
1004 1007 1011
1007 1010 1011
1003 1011 1006
1011 1010 1012
1011 1012 1006
1010 1013 1012
1012 1013 1014
1006 1012 1015
1012 1014 1015
1006 1015 958
1016 1015 1014
958 1015 1017
1016 1017 1015
958 1017 953
953 1017 1016
953 1016 961
961 1016 1018
961 1018 1019
962 961 1019
1018 1020 1019
1018 1021 1020
962 1019 1022
1019 1020 1022
1023 962 1022
1024 1023 1022
1024 1022 1025
1020 1025 1022
1020 1026 1025
1021 1026 1020
1021 1027 1026
1028 1029 1030
1031 1028 1030
1031 1032 1028
1031 1033 1032
1033 1034 1032
1033 1035 1034
1035 1036 1034
1037 1033 1031
1035 1033 1037
1035 1038 1036
1035 1037 1039
1038 1035 1039
1037 1040 1039
1036 1038 1041
1036 1041 1042
1038 1039 1043
1040 1043 1039
1042 1041 1044
1042 1044 1045
1046 1041 1038
1046 1038 1043
1047 1044 1041
1047 1041 1046
1044 1048 1045
1048 1049 1045
1050 1048 1044
1050 1044 1047
1048 1051 1049
1051 1048 1050
1051 1052 1049
1051 1053 1052
1051 1054 1053
1054 1055 1053
1051 1050 1056
1056 1054 1051
1055 1054 1057
1055 1057 1058
1057 1059 1058
1057 1060 1059
1060 1061 1059
1060 1062 1061
1062 1063 1061
1064 1060 1057
1062 1060 1064
1054 1065 1057
1064 1057 1065
1054 1066 1065
1056 1066 1054
1067 1066 1056
1066 1067 1068
1066 1068 1065
1068 1064 1065
1067 1056 1069
1050 1069 1056
1062 1070 1063
1070 1071 1063
1050 1072 1069
1072 1050 1047
1072 1047 1073
1073 1047 1046
1073 1046 1074
1074 1046 1043
1074 1043 1075
1040 1075 1043
1076 1073 1074
1075 1076 1074
1076 1077 1073
1077 1072 1073
1075 1078 1076
1075 1040 1078
1077 1079 1072
1079 1069 1072
1079 1080 1069
1040 1081 1078
1080 1067 1069
1080 1082 1067
1082 1083 1067
1067 1083 1084
1067 1084 1085
1067 1085 1086
1067 1086 1068
1040 1087 1081
1086 1088 1068
1086 1089 1088
1068 1088 1064
1040 1090 1087
1037 1090 1040
1089 1091 1088
1089 1092 1091
1064 1088 1093
1091 1093 1088
1062 1064 1093
1094 1062 1093
1091 1094 1093
1094 1070 1062
1092 1095 1091
1095 1094 1091
1092 1096 1095
1095 1096 1097
1087 1090 1098
1087 1098 1099
1100 1070 1094
1095 1100 1094
1095 1097 1101
1100 1095 1101
1101 1097 1102
1101 1102 1103
1102 1104 1103
1090 1105 1098
1090 1037 1105
1037 1031 1105
1106 1099 1098
1106 1107 1099
1108 1107 1106
1109 1098 1105
1109 1106 1098
1109 1105 1031
1108 1106 1110
1110 1106 1109
1111 1109 1031
1110 1109 1111
1112 1108 1110
1112 1113 1108
1031 1114 1111
1030 1114 1031
1115 1110 1111
1114 1115 1111
1115 1112 1110
1116 1114 1030
1114 1116 1115
1116 1030 1117
1118 1116 1117
1116 1118 1115
1118 1117 1119
1120 1118 1119
1121 1113 1112
1121 1122 1113
1123 1112 1115
1118 1123 1115
1123 1121 1112
1120 1124 1118
1118 1124 1123
1125 1124 1120
1123 1124 1125
1125 1120 1126
1127 1125 1126
1122 1121 1128
1122 1128 1129
1128 1130 1129
1121 1123 1131
1121 1131 1128
1123 1125 1131
1125 1132 1131
1128 1133 1130
1131 1133 1128
1131 1132 1133
1134 1130 1133
1134 1133 1135
1135 1133 1132
1136 1134 1135
1127 1137 1125
1125 1137 1132
1138 1137 1127
1132 1137 1138
1138 1127 1139
1132 1138 1140
1132 1140 1141
1141 1135 1132
1136 1135 1141
1142 1140 1138
1142 1138 1139
1142 1139 1143
1144 1136 1141
1144 1141 1140
1144 1145 1136
1146 1145 1144
1147 1142 1143
1142 1147 1140
1147 1143 1148
1146 1144 1149
1149 1144 1140
1150 1146 1149
1150 1149 1151
1140 1151 1149
1152 1150 1151
1152 1151 1153
1153 1151 1140
1154 1152 1153
1155 1147 1148
1155 1148 1156
1157 1155 1156
1140 1147 1158
1153 1140 1158
1158 1147 1155
1157 1159 1155
1159 1157 1154
1159 1158 1155
1154 1153 1160
1159 1154 1160
1160 1153 1158
1159 1160 1158
1161 1162 1163
1161 1163 1164
1164 1163 1165
1164 1165 1166
1166 1165 1167
1166 1167 1168
1168 1167 1169
1170 1164 1166
1168 1170 1166
1168 1169 1171
1168 1172 1170
1171 1172 1168
1170 1172 1173
1169 1174 1171
1169 1175 1174
1171 1176 1172
1173 1172 1176
1175 1177 1174
1175 1178 1177
1179 1171 1174
1179 1176 1171
1177 1178 1180
1180 1178 1181
1182 1174 1177
1182 1179 1174
1180 1181 1183
1183 1181 1184
1183 1184 1185
1186 1177 1180
1186 1182 1177
1183 1186 1180
1183 1185 1187
1187 1185 1188
1183 1189 1186
1189 1183 1187
1188 1190 1187
1188 1191 1190
1190 1191 1192
1190 1192 1193
1193 1192 1194
1193 1194 1195
1195 1194 1196
1197 1190 1193
1195 1197 1193
1187 1190 1198
1197 1198 1190
1187 1198 1199
1189 1187 1199
1200 1189 1199
1199 1201 1200
1199 1198 1201
1201 1198 1197
1200 1202 1189
1186 1189 1202
1195 1196 1203
1203 1196 1204
1186 1202 1205
1205 1182 1186
1205 1206 1182
1206 1179 1182
1206 1207 1179
1207 1176 1179
1207 1208 1176
1173 1176 1208
1209 1207 1206
1208 1207 1209
1209 1206 1210
1210 1206 1205
1208 1209 1211
1208 1211 1173
1210 1205 1212
1212 1205 1202
1212 1202 1213
1173 1211 1214
1213 1202 1200
1213 1200 1215
1215 1200 1216
1200 1217 1216
1200 1218 1217
1200 1219 1218
1200 1201 1219
1173 1214 1220
1219 1201 1221
1219 1221 1222
1201 1197 1221
1173 1220 1223
1170 1173 1223
1222 1221 1224
1222 1224 1225
1197 1226 1221
1224 1221 1226
1195 1226 1197
1227 1226 1195
1224 1226 1227
1227 1195 1203
1225 1224 1228
1228 1224 1227
1225 1228 1229
1228 1230 1229
1220 1231 1223
1220 1232 1231
1233 1227 1203
1228 1227 1233
1228 1234 1230
1233 1234 1228
1234 1235 1230
1234 1236 1235
1235 1236 1237
1223 1231 1238
1223 1238 1170
1170 1238 1164
1239 1231 1232
1239 1232 1240
1241 1239 1240
1242 1238 1231
1164 1238 1242
1242 1231 1239
1241 1243 1239
1243 1242 1239
1242 1244 1164
1164 1244 1161
1237 1236 1245
1237 1245 1246
1247 1243 1241
1247 1241 1248
1243 1249 1242
1242 1249 1244
1250 1249 1243
1244 1249 1250
1250 1243 1247
1251 1161 1244
1244 1250 1251
1251 1252 1161
1253 1252 1251
1251 1250 1253
1253 1254 1252
1255 1254 1253
1256 1247 1248
1256 1248 1257
1258 1250 1247
1253 1250 1258
1258 1247 1256
1255 1253 1259
1253 1258 1259
1260 1255 1259
1258 1260 1259
1260 1261 1255
1262 1261 1260
1257 1263 1256
1257 1264 1263
1263 1264 1265
1256 1266 1258
1256 1263 1266
1258 1266 1260
1263 1265 1267
1266 1263 1267
1268 1267 1265
1260 1266 1269
1266 1267 1269
1268 1270 1267
1269 1267 1270
1271 1270 1268
1262 1260 1272
1260 1269 1272
1273 1262 1272
1269 1273 1272
1273 1274 1262
1270 1275 1269
1269 1275 1273
1270 1276 1275
1271 1276 1270
1277 1274 1273
1277 1273 1275
1277 1278 1274
1279 1276 1271
1275 1276 1279
1279 1271 1280
1281 1279 1280
1282 1278 1277
1277 1275 1282
1282 1283 1278
1281 1284 1279
1285 1284 1281
1279 1284 1286
1285 1286 1284
1279 1286 1275
1287 1286 1285
1287 1288 1286
1288 1275 1286
1289 1288 1287
1290 1283 1282
1290 1291 1283
1292 1291 1290
1275 1293 1282
1288 1293 1275
1293 1290 1282
1292 1290 1294
1294 1289 1292
1294 1290 1293
1289 1295 1288
1294 1295 1289
1295 1293 1288
1294 1293 1295
1296 1297 1298
1296 1298 1299
1298 1300 1299
1297 1301 1298
1297 1302 1301
1301 1302 1303
1298 1304 1300
1304 1298 1301
1304 1305 1300
1304 1301 1306
1306 1301 1303
1304 1307 1305
1307 1304 1306
1307 1308 1305
1309 1306 1303
1307 1306 1309
1309 1303 1310
1311 1307 1309
1311 1309 1310
1307 1312 1308
1311 1312 1307
1308 1312 1313
1311 1313 1312
1308 1313 1314
1314 1315 1308
1311 1316 1313
1316 1311 1310
1316 1314 1313
1303 1317 1310
1303 1318 1317
1002 1317 1318
1002 1001 1317
1319 1310 1317
1001 1319 1317
1320 1316 1310
1319 1320 1310
1001 1321 1319
980 1321 1001
940 1321 980
1321 1322 1319
1321 940 1322
1320 1319 1322
940 934 1322
934 1323 1322
1320 1322 1323
934 887 1323
887 896 1323
1320 1324 1316
1316 1324 1314
1325 1324 1320
1325 1320 1323
1314 1324 1325
896 1326 1323
1326 1325 1323
1326 896 900
1326 900 1327
1325 1326 1327
892 1327 900
1314 1325 1328
1325 1327 1328
1328 1327 892
1315 1314 1328
1328 892 1329
1315 1328 1329
1330 1331 1332
1330 1332 1333
1330 1333 1334
1330 1334 1335
1336 1334 1333
1336 1337 1334
1334 1337 1335
1336 1338 1337
1337 1338 1335
1336 1339 1338
1339 1340 1338
1338 1340 1335
1339 1341 1340
1341 1342 1340
1340 1342 1335
1341 1343 1342
1343 1344 1342
1345 1342 1344
1343 1346 1344
1346 1347 1344
1345 1344 1347
1346 1348 1347
1335 1342 1349
1342 1345 1349
1348 1350 1347
1348 1351 1350
1335 1349 1352
1330 1335 1352
1353 1345 1347
1353 1347 1350
1351 1354 1350
1351 1355 1354
1354 1355 1356
1330 1352 1357
1358 1357 1352
1330 1357 1331
1331 1357 1358
1331 1358 1359
1358 1360 1359
1361 1353 1350
1361 1350 1354
1358 1352 1362
1349 1362 1352
1358 1363 1360
1360 1363 1364
1363 1365 1364
1363 1366 1365
1367 1363 1358
1363 1367 1366
1367 1358 1362
1367 1368 1366
1349 1369 1362
1369 1367 1362
1349 1345 1369
1367 1370 1368
1369 1370 1367
1370 1371 1368
1370 1372 1371
1373 1370 1369
1370 1373 1372
1345 1373 1369
1373 1374 1372
1345 1375 1373
1373 1375 1374
1345 1353 1375
1375 1376 1374
1353 1377 1375
1375 1377 1376
1377 1378 1376
1353 1361 1377
1377 1379 1378
1361 1379 1377
1379 1380 1378
1361 1381 1379
1354 1381 1361
1379 1382 1380
1381 1382 1379
1382 1383 1380
1354 1384 1381
1354 1356 1384
1384 1385 1381
1381 1385 1382
1356 1386 1384
1384 1386 1385
1356 1387 1386
1382 1388 1383
1388 1389 1383
1385 1390 1382
1386 1390 1385
1390 1388 1382
1387 1391 1386
1386 1391 1390
1387 1392 1391
1388 1393 1389
1390 1393 1388
1393 1394 1389
1392 1395 1391
1392 1396 1395
1391 1397 1390
1393 1390 1397
1391 1395 1397
1393 1398 1394
1393 1397 1398
1397 1399 1398
1398 1400 1394
1398 1399 1400
1399 1401 1400
1396 1402 1395
1396 1403 1402
1395 1404 1397
1397 1404 1399
1395 1402 1404
1403 1405 1402
1403 1406 1405
1405 1406 1407
1402 1408 1404
1402 1405 1408
1404 1408 1399
1399 1409 1401
1409 1410 1401
1405 1407 1411
1405 1411 1408
1399 1408 1412
1411 1412 1408
1399 1412 1409
1407 1413 1411
1411 1413 1412
1407 1414 1413
1409 1415 1410
1415 1416 1410
1409 1412 1417
1413 1417 1412
1409 1417 1415
1414 1418 1413
1413 1418 1417
1414 1419 1418
1415 1420 1416
1417 1420 1415
1420 1421 1416
1422 1418 1419
1422 1419 1423
1418 1424 1417
1417 1424 1420
1418 1422 1424
1420 1425 1421
1424 1425 1420
1425 1426 1421
1427 1422 1423
1424 1422 1427
1427 1423 1428
1427 1428 1429
1424 1430 1425
1424 1427 1430
1425 1431 1426
1430 1431 1425
1427 1429 1432
1430 1427 1432
1433 1426 1431
1433 1434 1426
1435 1434 1433
1432 1429 1436
1429 1437 1436
1437 1438 1436
1436 1438 1439
1439 1438 1440
1430 1432 1441
1430 1441 1431
1442 1431 1441
1436 1443 1432
1443 1441 1432
1443 1436 1439
1443 1442 1441
1433 1431 1444
1442 1444 1431
1443 1439 1445
1443 1445 1442
1444 1446 1433
1446 1444 1447
1442 1447 1444
1446 1448 1433
1448 1446 1447
1448 1435 1433
1449 1442 1445
1442 1450 1447
1442 1449 1450
1450 1451 1447
1448 1447 1451
1450 1452 1451
1449 1452 1450
1453 1449 1445
1439 1453 1445
1454 1448 1451
1452 1454 1451
1435 1448 1455
1455 1448 1454
1435 1455 1456
1435 1456 1457
1449 1458 1452
1453 1458 1449
1458 1459 1452
1452 1459 1454
1455 1454 1460
1456 1455 1460
1458 1461 1459
1453 1461 1458
1462 1461 1453
1454 1459 1463
1461 1463 1459
1460 1454 1463
1461 1464 1463
1460 1463 1464
1461 1462 1464
1465 1460 1464
1456 1460 1465
1465 1464 1466
1462 1466 1464
1456 1465 1466
1462 1453 1467
1439 1467 1453
1439 1468 1467
1439 1440 1468
1469 1468 1440
1440 1470 1469
1469 1470 1471
1467 1468 1472
1469 1472 1468
1473 1467 1472
1462 1467 1473
1472 1469 1474
1472 1474 1473
1469 1475 1474
1475 1473 1474
1462 1476 1466
1462 1473 1477
1476 1462 1477
1476 1478 1466
1478 1476 1477
1478 1477 1473
1475 1478 1473
1456 1466 1478
1478 1475 1456
1475 1479 1456
1457 1456 1479
1457 1479 1480
1475 1480 1479
1457 1480 1481
1480 1482 1481
1475 1483 1480
1469 1483 1475
1480 1484 1482
1483 1484 1480
1484 1485 1482
1469 1486 1483
1483 1486 1484
1484 1487 1485
1486 1487 1484
1487 1488 1485
1487 1489 1488
1489 1490 1488
1491 1489 1487
1486 1491 1487
1489 1492 1490
1491 1492 1489
1492 1493 1490
1486 1469 1494
1469 1471 1494
1494 1495 1486
1471 1495 1494
1495 1491 1486
1471 1496 1495
1491 1497 1492
1495 1497 1491
1492 1498 1493
1497 1498 1492
1498 1499 1493
1496 1500 1495
1495 1500 1497
1496 1501 1500
1500 1501 1502
1498 1503 1499
1503 1504 1499
1497 1505 1498
1500 1505 1497
1505 1503 1498
1500 1502 1506
1500 1506 1505
1502 1507 1506
1502 1508 1507
1507 1508 1509
1506 1510 1505
1505 1510 1503
1506 1507 1510
1503 1511 1504
1511 1512 1504
1503 1510 1513
1507 1513 1510
1503 1513 1511
1513 1514 1511
1515 1514 1513
1507 1515 1513
1507 1509 1515
1511 1516 1512
1516 1511 1514
1516 1517 1512
1509 1518 1515
1515 1518 1514
1509 1519 1518
1519 1520 1518
1518 1520 1514
1519 1521 1520
1520 1521 1522
1520 1522 1523
1520 1523 1514
1522 1524 1523
1523 1524 1514
1522 1525 1524
1516 1526 1517
1516 1527 1526
1526 1528 1517
1516 1514 1529
1514 1524 1529
1516 1529 1527
1524 1527 1529
1525 1530 1524
1524 1530 1527
1525 1531 1530
1526 1532 1528
1532 1526 1527
1532 1533 1528
1531 1534 1530
1530 1534 1527
1531 1535 1534
1532 1536 1533
1536 1532 1527
1535 1533 1536
1535 1536 1534
1534 1536 1527
1070 1537 1071
1100 1537 1070
1071 1537 1538
1538 1537 1100
1071 1538 1539
1538 1540 1539
1538 1100 1541
1100 1101 1541
1541 1101 1103
1538 1542 1540
1542 1538 1541
1542 1543 1540
1541 1103 1544
1542 1541 1544
1542 1545 1543
1545 1542 1544
1545 1546 1543
1545 1547 1546
1547 1548 1546
1103 1549 1544
1104 1549 1103
1104 1550 1549
1545 1544 1551
1547 1545 1551
1544 1549 1552
1549 1550 1552
1544 1552 1551
1547 1553 1548
1553 1554 1548
1547 1551 1555
1553 1547 1555
1553 1556 1554
1556 1557 1554
1558 1557 1556
1559 1558 1556
1556 1553 1560
1553 1555 1560
1559 1556 1561
1556 1560 1561
1562 1559 1561
1562 1561 1563
1560 1563 1561
1564 1562 1563
1560 1565 1563
1555 1565 1560
1564 1563 1565
1551 1566 1555
1555 1566 1565
1551 1552 1566
1564 1565 1567
1564 1567 1568
1567 1569 1568
1565 1566 1570
1565 1570 1567
1570 1569 1567
1552 1570 1566
1570 1571 1569
1552 1572 1570
1572 1571 1570
1550 1572 1552
1572 1573 1571
1550 1573 1572
1574 1575 1576
1574 1577 1575
1574 1578 1577
1574 1579 1578
1580 1577 1578
1580 1578 1581
1578 1579 1581
1580 1581 1582
1581 1579 1582
1580 1582 1583
1583 1582 1584
1582 1579 1584
1583 1584 1585
1585 1584 1586
1584 1579 1586
1585 1586 1587
1587 1586 1588
1589 1588 1586
1587 1588 1590
1590 1588 1591
1589 1591 1588
1590 1591 1592
1579 1593 1586
1586 1593 1589
1592 1591 1594
1592 1594 1595
1579 1596 1593
1574 1596 1579
1597 1591 1589
1597 1594 1591
1595 1594 1598
1595 1598 1599
1598 1600 1599
1574 1601 1596
1602 1596 1601
1574 1576 1601
1576 1602 1601
1576 1603 1602
1602 1603 1604
1605 1594 1597
1605 1598 1594
1602 1606 1596
1593 1596 1606
1602 1604 1607
1604 1608 1607
1607 1608 1609
1607 1609 1610
1611 1602 1607
1607 1610 1611
1611 1606 1602
1611 1610 1612
1593 1606 1613
1613 1606 1611
1593 1613 1589
1611 1612 1614
1613 1611 1614
1614 1612 1615
1614 1615 1616
1617 1613 1614
1614 1616 1617
1589 1613 1617
1617 1616 1618
1589 1617 1619
1617 1618 1619
1589 1619 1597
1619 1618 1620
1597 1619 1621
1619 1620 1621
1621 1620 1622
1597 1621 1605
1621 1622 1623
1605 1621 1623
1623 1622 1624
1605 1623 1625
1598 1605 1625
1623 1624 1626
1625 1623 1626
1626 1624 1627
1598 1625 1628
1598 1628 1600
1628 1625 1629
1625 1626 1629
1600 1628 1630
1628 1629 1630
1600 1630 1631
1626 1627 1632
1632 1627 1633
1629 1626 1634
1630 1629 1634
1634 1626 1632
1631 1630 1635
1630 1634 1635
1631 1635 1636
1632 1633 1637
1634 1632 1637
1637 1633 1638
1636 1635 1639
1636 1639 1640
1635 1634 1641
1637 1641 1634
1635 1641 1639
1637 1638 1642
1637 1642 1641
1641 1642 1643
1642 1638 1644
1642 1644 1643
1643 1644 1645
1640 1639 1646
1640 1646 1647
1639 1641 1648
1641 1643 1648
1639 1648 1646
1647 1646 1649
1647 1649 1650
1649 1651 1650
1646 1648 1652
1646 1652 1649
1648 1643 1652
1643 1645 1653
1653 1645 1654
1649 1655 1651
1649 1652 1655
1643 1656 1652
1655 1652 1656
1643 1653 1656
1651 1655 1657
1655 1656 1657
1651 1657 1658
1653 1654 1659
1659 1654 1660
1653 1661 1656
1657 1656 1661
1653 1659 1661
1658 1657 1662
1657 1661 1662
1658 1662 1663
1659 1660 1664
1661 1659 1664
1664 1660 1665
1662 1661 1666
1661 1664 1666
1667 1663 1662
1662 1666 1667
1667 1668 1663
1664 1665 1669
1666 1664 1669
1669 1665 1670
1671 1668 1667
1666 1671 1667
1671 1672 1668
1671 1673 1672
1666 1669 1674
1666 1674 1671
1669 1670 1675
1674 1669 1675
1671 1676 1673
1674 1676 1671
1677 1675 1670
1677 1670 1678
1679 1677 1678
1676 1680 1673
1673 1680 1681
1681 1680 1682
1680 1683 1682
1683 1684 1682
1674 1685 1676
1674 1675 1685
1686 1685 1675
1680 1676 1687
1687 1676 1685
1687 1683 1680
1687 1685 1686
1677 1688 1675
1686 1675 1688
1687 1689 1683
1687 1686 1689
1688 1677 1690
1686 1688 1691
1691 1688 1690
1677 1692 1690
1692 1677 1679
1693 1691 1690
1693 1690 1692
1686 1691 1694
1694 1691 1693
1695 1689 1686
1686 1694 1695
1694 1693 1696
1695 1694 1696
1697 1693 1692
1696 1693 1697
1679 1698 1692
1698 1697 1692
1679 1699 1698
1679 1700 1699
1701 1689 1695
1689 1701 1683
1695 1696 1702
1701 1695 1702
1702 1696 1703
1696 1697 1703
1698 1704 1697
1699 1704 1698
1702 1703 1705
1701 1702 1705
1706 1701 1705
1707 1703 1697
1705 1703 1707
1704 1707 1697
1705 1707 1708
1704 1708 1707
1705 1708 1706
1683 1701 1709
1706 1709 1701
1706 1710 1709
1683 1709 1711
1711 1709 1710
1683 1711 1684
1684 1711 1712
1712 1713 1684
1712 1714 1713
1715 1708 1704
1699 1715 1704
1715 1716 1708
1706 1708 1716
1699 1716 1715
1710 1717 1711
1711 1717 1712
1710 1718 1717
1717 1718 1712
1719 1718 1710
1712 1718 1719
1706 1720 1710
1706 1716 1721
1721 1720 1706
1722 1710 1720
1722 1720 1721
1721 1716 1722
1699 1722 1716
1719 1710 1722
1722 1699 1719
1719 1699 1723
1700 1723 1699
1700 1724 1723
1719 1723 1724
1700 1725 1724
1724 1725 1726
1719 1724 1727
1712 1719 1727
1724 1726 1728
1727 1724 1728
1728 1726 1729
1712 1727 1730
1727 1728 1730
1728 1729 1731
1730 1728 1731
1731 1729 1732
1731 1732 1733
1733 1732 1734
1735 1731 1733
1730 1731 1735
1733 1734 1736
1735 1733 1736
1736 1734 1737
1730 1738 1712
1712 1738 1714
1738 1730 1739
1714 1738 1739
1739 1730 1735
1714 1739 1740
1735 1736 1741
1739 1735 1741
1736 1737 1742
1741 1736 1742
1742 1737 1743
1740 1739 1744
1739 1741 1744
1740 1744 1745
1744 1746 1745
1742 1743 1747
1747 1743 1748
1741 1742 1749
1744 1741 1749
1749 1742 1747
1744 1750 1746
1744 1749 1750
1746 1750 1751
1746 1751 1752
1751 1753 1752
1750 1749 1754
1749 1747 1754
1750 1754 1751
1747 1748 1755
1755 1748 1756
1747 1757 1754
1751 1754 1757
1747 1755 1757
1757 1755 1758
1759 1757 1758
1751 1757 1759
1751 1759 1753
1755 1756 1760
1760 1758 1755
1760 1756 1761
1753 1759 1762
1759 1758 1762
1753 1762 1763
1763 1762 1764
1762 1758 1764
1763 1764 1765
1764 1766 1765
1764 1767 1766
1764 1758 1767
1766 1767 1768
1767 1758 1768
1766 1768 1769
1760 1761 1770
1760 1770 1771
1770 1761 1772
1760 1773 1758
1758 1773 1768
1760 1771 1773
1768 1773 1771
1769 1768 1774
1768 1771 1774
1769 1774 1775
1770 1772 1776
1776 1771 1770
1776 1772 1777
1775 1774 1778
1774 1771 1778
1775 1778 1779
1776 1777 1780
1780 1771 1776
1778 1771 1780
1779 1778 1780
1779 1780 1777
1203 1204 1781
1233 1203 1781
1204 1782 1781
1782 1233 1781
1204 1783 1782
1782 1783 1784
1782 1785 1233
1233 1785 1234
1785 1236 1234
1782 1784 1786
1786 1785 1782
1786 1784 1787
1785 1788 1236
1786 1788 1785
1236 1788 1245
1786 1787 1789
1789 1788 1786
1789 1787 1790
1788 1791 1245
1245 1791 1246
1789 1790 1792
1792 1790 1793
1789 1794 1788
1788 1794 1791
1792 1794 1789
1792 1793 1795
1795 1793 1796
1792 1797 1794
1795 1797 1792
1795 1796 1798
1798 1796 1799
1800 1798 1799
1801 1798 1800
1798 1802 1795
1795 1802 1797
1801 1803 1798
1798 1803 1802
1804 1803 1801
1804 1805 1803
1802 1803 1805
1806 1805 1804
1802 1805 1807
1797 1802 1807
1806 1807 1805
1794 1797 1808
1797 1807 1808
1794 1808 1791
1806 1809 1807
1806 1810 1809
1809 1810 1811
1807 1812 1808
1807 1809 1812
1812 1809 1811
1791 1808 1812
1812 1811 1813
1791 1812 1814
1814 1812 1813
1246 1791 1814
1814 1813 1815
1246 1814 1815
