byte offset: 0
first index: 480
index count: 14460
topology: trianglelist
format: DXGI_FORMAT_R16_UINT

102 103 104
103 105 106
106 105 107
108 106 107
108 107 109
110 108 109
110 109 111
112 110 111
112 111 113
114 112 113
114 113 115
115 116 114
115 117 116
116 117 118
119 108 110
120 119 110
120 110 112
119 121 108
121 106 108
122 120 112
122 112 114
121 123 106
124 122 114
124 114 116
106 123 125
124 116 126
116 118 126
127 126 118
127 118 128
124 126 129
129 126 127
129 127 130
131 130 127
106 125 132
103 106 132
125 133 132
133 103 132
125 134 133
131 127 135
136 131 135
136 137 131
135 138 136
139 138 135
140 135 127
139 135 140
140 127 141
142 139 140
143 140 141
143 141 144
142 140 145
143 145 140
146 142 145
146 145 147
147 148 146
147 149 148
145 150 147
150 149 147
145 143 150
150 151 149
152 151 150
152 150 153
143 153 150
153 154 152
143 144 155
143 155 153
156 155 144
156 157 155
153 155 157
158 157 156
153 159 154
153 157 159
154 159 160
154 160 161
160 162 161
163 159 157
158 163 157
163 160 159
160 164 162
165 162 164
160 163 166
166 163 158
160 166 164
166 158 167
158 168 167
167 168 169
166 167 170
167 169 170
164 166 170
171 170 169
165 164 172
164 170 172
171 173 170
173 172 170
173 171 174
165 172 175
173 175 172
165 175 176
177 176 175
173 174 178
174 179 178
174 180 179
179 181 178
181 173 178
181 175 173
177 175 182
181 182 175
177 182 183
181 183 182
177 183 184
184 183 185
183 186 185
181 187 183
183 187 186
188 187 181
180 189 188
187 189 186
188 189 187
103 190 189
191 185 192
191 192 193
193 192 103
193 194 191
193 103 195
133 195 103
193 196 194
195 196 193
196 197 194
133 198 195
195 198 196
196 199 197
198 199 196
199 200 197
199 201 200
133 202 198
202 133 134
198 203 199
202 203 198
199 204 201
203 204 199
204 205 201
202 134 206
207 206 134
202 208 203
208 202 206
203 209 204
209 203 208
204 210 205
209 210 204
210 211 205
208 206 212
213 212 206
213 214 212
209 208 215
215 208 212
216 212 214
215 212 216
216 214 217
209 218 210
218 209 215
210 219 211
218 219 210
219 220 211
217 221 216
217 222 221
223 221 222
224 215 216
218 215 224
224 216 221
218 225 219
224 225 218
219 226 220
225 226 219
226 227 220
223 228 221
229 228 223
230 224 221
224 230 225
230 221 228
225 231 226
230 231 225
226 232 227
231 232 226
232 233 227
232 234 233
235 234 232
231 235 232
235 236 234
230 237 231
237 230 228
237 235 231
229 238 228
237 228 238
238 229 239
240 236 235
237 240 235
238 240 237
240 241 236
242 241 240
238 239 243
238 243 240
242 240 243
244 243 239
244 242 243
245 246 247
245 248 249
245 250 248
250 251 248
250 252 251
252 253 251
252 254 253
254 255 253
254 256 255
256 257 255
256 258 257
257 258 259
257 259 260
260 259 261
260 261 262
261 263 262
261 264 263
265 266 267
268 269 270
271 272 273
273 274 275
276 275 274
274 277 276
277 278 276
279 278 277
279 280 278
281 280 279
281 282 280
283 282 281
283 284 282
284 283 285
284 285 286
285 287 286
288 279 277
289 279 288
289 281 279
288 277 290
290 277 274
291 281 289
291 283 281
290 274 292
293 283 291
293 285 283
274 294 292
293 295 285
285 295 287
296 287 295
296 297 287
293 298 295
298 296 295
298 299 296
300 296 299
274 301 294
273 301 274
294 301 302
302 301 273
294 302 303
300 304 296
305 304 300
305 300 306
304 305 307
308 304 307
309 296 304
308 309 304
309 310 296
311 309 308
312 310 309
312 313 310
311 314 309
312 309 314
315 314 311
315 316 314
316 315 317
316 317 318
314 316 319
319 316 318
314 319 312
319 318 320
321 319 320
321 322 319
312 319 322
322 321 323
312 324 313
312 322 324
325 313 324
325 324 326
322 326 324
327 325 326
322 323 328
322 328 326
323 329 328
323 330 329
329 330 331
332 326 328
327 326 332
332 328 329
329 331 333
334 333 331
329 335 332
335 327 332
329 333 335
333 336 335
335 337 327
335 336 337
337 338 327
336 338 337
336 339 338
340 339 336
334 341 333
333 341 336
340 336 342
342 336 341
342 343 340
334 344 341
342 341 344
334 345 344
346 344 345
342 347 343
348 342 344
342 348 347
343 347 349
349 347 348
343 349 350
348 351 349
346 352 344
348 344 352
346 353 352
348 352 353
348 353 351
346 354 353
354 355 353
353 355 356
353 356 351
351 356 357
358 357 350
351 357 358
273 357 359
360 361 355
360 362 361
362 273 361
362 360 363
362 364 273
302 273 364
362 363 365
364 362 365
365 363 366
302 364 367
364 365 367
365 366 368
367 365 368
368 366 369
368 369 370
302 367 371
371 303 302
367 368 372
371 367 372
368 370 373
372 368 373
373 370 374
371 375 303
376 303 375
371 372 377
377 375 371
372 373 378
378 377 372
373 374 379
378 373 379
379 374 380
377 381 375
382 375 381
382 381 383
378 384 377
384 381 377
385 383 381
384 385 381
385 386 383
378 379 387
387 384 378
379 380 388
387 379 388
388 380 389
386 385 390
386 390 391
392 391 390
393 385 384
387 393 384
393 390 385
387 388 394
393 387 394
388 389 395
394 388 395
395 389 396
392 390 397
398 392 397
399 390 393
393 394 399
399 397 390
394 395 400
399 394 400
395 396 401
400 395 401
401 396 402
401 402 403
404 401 403
400 401 404
404 403 405
399 400 406
406 397 399
406 400 404
398 397 407
406 407 397
407 408 398
409 404 405
406 404 409
407 406 409
409 405 410
411 409 410
407 412 408
407 409 412
411 412 409
413 408 412
413 412 411
414 415 416
414 417 418
414 418 419
419 418 420
419 420 421
421 420 422
421 422 423
423 422 424
423 424 425
425 424 426
425 426 427
426 428 427
426 429 428
429 430 428
429 431 430
430 431 432
430 432 433
434 435 436
437 438 439
440 441 442
440 443 441
444 443 440
444 440 445
446 444 445
446 445 447
447 448 446
447 449 448
450 448 449
450 449 451
452 450 451
452 451 453
453 454 452
453 455 454
456 455 457
456 457 458
458 457 459
458 459 460
460 459 461
460 461 462
463 462 461
463 464 462
464 463 465
464 465 466
466 465 467
466 467 468
469 468 467
469 467 470
471 472 473
471 474 472
475 472 474
475 474 476
477 475 476
477 478 475
477 479 478
477 480 479
481 479 480
481 480 482
483 481 482
483 482 484
485 483 484
485 484 486
487 485 486
487 488 485
488 487 489
488 489 490
489 491 490
489 492 491
493 494 495
493 496 494
497 496 493
497 498 496
494 496 499
498 499 496
494 499 500
498 501 499
500 499 502
502 499 501
500 502 503
502 501 504
505 503 502
504 505 502
504 506 505
505 507 503
505 506 508
509 507 505
505 508 509
509 510 507
511 509 508
510 509 512
511 512 509
510 512 513
511 514 512
514 513 512
511 515 514
514 516 513
515 517 514
518 516 514
518 514 517
519 520 521
519 521 522
523 519 522
523 524 519
525 524 523
525 526 524
526 525 527
526 527 528
529 528 527
529 530 528
530 529 531
530 531 532
532 531 533
532 533 534
535 536 537
535 538 536
539 538 535
539 540 538
541 540 539
541 539 542
541 542 543
541 543 544
544 543 545
544 545 546
546 545 547
546 547 548
549 548 547
549 550 548
551 550 549
551 549 552
552 553 551
552 554 553
553 554 555
553 555 556
557 558 559
557 559 560
561 557 560
561 560 562
563 560 559
562 560 563
563 559 564
562 563 565
564 566 563
566 565 563
564 567 566
566 568 565
567 569 566
568 566 569
568 569 570
567 571 569
572 570 569
573 569 571
572 569 573
573 571 574
573 575 572
574 576 573
573 576 575
574 577 576
575 576 578
578 576 577
575 578 579
578 577 580
579 578 581
582 578 580
582 581 578
583 584 585
583 585 586
587 583 586
586 585 588
587 586 589
590 587 589
586 588 591
589 586 591
591 588 592
590 589 593
594 590 593
591 592 595
595 592 596
589 591 597
593 589 597
591 595 597
594 593 598
599 594 598
593 597 600
600 597 595
598 593 600
599 598 601
602 599 601
598 600 603
601 598 603
600 595 604
600 604 603
595 596 605
604 595 605
602 601 606
607 602 606
601 603 608
608 603 604
606 601 608
607 606 609
610 607 609
606 608 611
609 606 611
608 604 612
611 608 612
610 609 613
614 610 613
609 611 615
615 611 612
613 609 615
614 613 616
616 617 614
613 615 618
616 613 618
616 619 617
620 617 619
615 621 618
615 612 621
616 618 622
622 619 616
621 622 618
612 604 623
604 605 623
612 623 624
621 612 624
605 625 623
625 624 623
605 626 625
626 605 596
626 596 627
627 628 626
627 629 628
630 628 629
626 631 625
626 628 631
630 632 628
632 630 633
634 628 632
634 631 628
632 633 635
634 632 635
636 635 633
625 631 637
638 631 634
638 637 631
634 635 639
639 638 634
625 637 640
625 640 624
636 641 635
635 642 639
635 641 642
643 641 636
643 636 644
644 645 643
644 646 645
647 645 646
647 646 648
649 645 647
649 650 645
643 645 650
651 650 649
652 641 643
643 650 652
651 653 650
652 650 653
654 653 651
655 641 652
652 653 655
655 642 641
654 656 653
655 653 656
657 656 654
655 656 658
658 642 655
657 659 656
658 656 659
660 659 657
661 642 658
658 659 661
660 662 659
662 661 659
663 662 660
661 664 642
639 642 664
663 665 662
666 665 663
662 667 661
664 661 667
667 662 665
666 668 665
620 668 666
667 665 669
664 667 669
669 665 668
639 664 670
639 670 638
620 671 668
620 619 671
664 669 672
670 664 672
669 668 673
673 668 671
673 672 669
670 674 638
674 637 638
671 619 675
622 675 619
673 671 676
671 675 676
670 672 677
670 677 674
673 678 672
677 672 678
676 678 673
677 678 679
679 674 677
674 680 637
640 637 680
676 681 678
679 678 681
682 676 675
682 681 676
679 683 674
683 680 674
679 681 684
684 681 682
684 683 679
640 680 685
624 640 685
675 686 682
675 622 686
684 682 687
687 682 686
684 688 683
687 688 684
683 689 680
685 680 689
688 689 683
622 690 686
622 621 690
621 624 691
690 621 691
624 685 691
686 690 692
687 686 692
692 690 691
687 693 688
692 693 687
688 694 689
685 689 694
693 694 688
691 685 695
691 695 692
692 695 693
695 694 693
685 694 695
696 697 698
696 699 697
700 697 699
700 699 701
702 700 701
702 701 703
704 702 703
704 703 705
705 706 704
705 707 706
708 706 707
708 707 709
709 710 708
709 711 710
712 710 711
712 711 713
714 712 713
714 713 715
714 715 716
717 714 716
718 719 716
716 720 718
720 721 718
720 722 721
723 721 722
723 722 724
724 725 723
724 726 725
726 727 725
726 728 727
729 727 728
729 730 727
730 729 731
730 731 732
732 731 733
732 733 734
734 733 735
734 735 736
737 736 735
737 738 736
739 740 741
739 741 742
743 739 742
743 742 744
745 743 744
745 744 746
747 745 746
747 746 748
749 747 748
749 748 750
751 749 750
751 750 752
753 751 752
753 752 754
755 753 754
755 756 753
757 756 755
757 758 756
758 757 759
760 761 762
761 763 762
761 764 763
763 764 765
763 765 766
766 765 767
766 767 768
769 768 767
769 770 768
770 769 771
770 771 772
772 771 773
772 773 774
774 773 775
774 775 776
776 775 777
776 777 778
778 777 779
778 779 780
781 782 783
782 781 784
785 786 787
785 787 788
789 788 787
789 790 788
791 790 789
791 789 792
791 792 793
791 793 794
795 794 793
795 796 794
797 796 795
797 798 796
798 797 799
798 799 800
801 800 799
801 799 802
802 803 801
802 804 803
805 803 804
805 806 803
807 808 809
807 809 810
811 807 810
811 810 812
809 813 810
812 810 813
809 814 813
812 813 815
814 816 813
816 815 813
814 817 816
816 818 815
819 816 817
818 816 819
818 819 820
819 817 821
819 822 820
823 819 821
819 823 822
823 821 824
825 822 823
824 826 823
825 823 826
824 827 826
825 826 828
828 826 827
825 828 829
828 827 830
829 828 831
832 828 830
832 831 828
833 834 835
833 835 836
837 836 835
837 835 838
839 837 838
839 838 840
840 841 839
840 842 841
843 841 842
843 842 844
844 845 843
844 846 845
847 845 846
847 846 848
849 850 851
849 851 852
853 849 852
853 852 854
855 853 854
855 856 853
855 857 856
855 858 857
858 859 857
858 860 859
860 861 859
860 862 861
862 863 861
862 864 863
865 863 864
865 866 863
866 865 867
866 867 868
869 868 867
869 867 870
871 872 873
871 874 872
875 874 871
875 876 874
877 872 874
876 877 874
877 878 872
876 879 877
878 877 880
880 877 879
878 880 881
880 879 882
881 880 883
882 883 880
882 884 883
881 883 885
886 883 884
887 885 883
886 887 883
887 888 885
887 886 889
888 887 890
887 889 890
888 890 891
889 892 890
892 891 890
889 893 892
892 894 891
893 895 892
896 894 892
896 892 895
897 898 899
897 900 898
901 900 897
900 902 898
901 903 900
904 903 901
900 905 902
903 905 900
905 906 902
904 907 903
908 907 904
905 909 906
909 910 906
903 911 905
907 911 903
905 911 909
908 912 907
913 912 908
907 914 911
914 909 911
912 914 907
913 915 912
916 915 913
912 917 914
915 917 912
914 918 909
914 917 918
909 919 910
918 919 909
916 920 915
921 920 916
915 922 917
922 918 917
922 915 920
921 923 920
924 923 921
922 920 925
923 925 920
922 926 918
922 925 926
924 927 923
928 927 924
923 929 925
929 926 925
927 929 923
928 930 927
930 928 931
927 932 929
930 932 927
930 931 933
934 933 931
929 932 935
929 935 926
930 936 932
936 930 933
932 936 935
926 937 918
918 937 919
926 938 937
935 938 926
919 937 939
939 937 938
919 939 940
940 910 919
940 941 910
941 940 942
941 942 943
942 944 943
940 939 945
940 945 942
942 946 944
946 947 944
948 946 942
948 942 945
946 949 947
948 949 946
949 950 947
939 951 945
952 948 945
952 945 951
939 953 951
939 938 953
953 954 951
954 952 951
955 953 938
953 955 954
948 956 949
956 948 952
955 938 957
935 957 938
958 957 935
936 958 935
959 957 958
936 960 958
960 959 958
957 961 955
957 959 961
960 936 962
936 933 962
963 962 933
934 963 933
934 964 963
934 965 964
965 966 964
965 967 966
967 968 966
967 969 968
969 970 968
969 971 970
971 972 970
971 973 972
973 974 972
973 975 974
975 976 974
975 977 976
977 978 976
977 979 978
979 980 978
979 981 980
982 978 980
982 983 978
983 976 978
983 982 950
984 974 976
983 984 976
983 950 985
984 983 985
949 985 950
984 986 974
986 984 985
986 972 974
949 987 985
986 985 987
949 956 987
986 988 972
988 986 987
988 970 972
988 989 970
989 988 987
968 970 989
956 990 987
989 987 990
968 989 991
989 990 991
991 966 968
991 992 966
992 991 990
992 964 966
956 993 990
956 952 993
992 994 964
994 963 964
992 990 995
993 995 990
994 992 995
993 952 996
954 996 952
994 997 963
963 997 962
994 995 998
997 994 998
993 999 995
993 996 999
999 998 995
1000 962 997
960 962 1000
1001 999 996
999 1001 998
997 998 1002
1000 997 1002
1001 1002 998
1003 996 954
1001 996 1003
1001 1004 1002
1004 1000 1002
1004 1001 1003
1005 960 1000
1004 1005 1000
1005 959 960
1003 954 1006
955 1006 954
1004 1003 1007
1005 1004 1007
1007 1003 1006
959 1005 1008
1005 1007 1008
959 1008 961
955 1009 1006
1007 1006 1009
1008 1007 1009
961 1008 1009
955 961 1009
1010 1011 1012
1010 1012 1013
1014 1013 1012
1014 1015 1013
1016 1015 1014
1016 1017 1015
1018 1017 1016
1018 1019 1017
1019 1018 1020
1019 1020 1021
1022 1021 1020
1022 1023 1021
1023 1022 1024
1023 1024 1025
1026 1025 1024
1026 1027 1025
1028 1027 1026
1028 1029 1027
1028 1030 1029
1031 1030 1028
1032 1030 1033
1030 1032 1034
1035 1034 1032
1035 1036 1034
1037 1036 1035
1037 1038 1036
1038 1037 1039
1038 1039 1040
1040 1039 1041
1040 1041 1042
1043 1042 1041
1043 1041 1044
1044 1045 1043
1044 1046 1045
1046 1047 1045
1046 1048 1047
1048 1049 1047
1048 1050 1049
1051 1049 1050
1051 1050 1052
1053 1054 1055
1053 1056 1054
1057 1056 1053
1057 1058 1056
1059 1058 1057
1059 1060 1058
1061 1060 1059
1061 1062 1060
1063 1062 1061
1063 1064 1062
1064 1063 1065
1064 1065 1066
1067 1066 1065
1067 1068 1066
1067 1069 1068
1067 1070 1069
1071 1069 1070
1071 1070 1072
1072 1073 1071
1074 1075 1076
1076 1075 1077
1076 1077 1078
1077 1079 1078
1077 1080 1079
1080 1081 1079
1080 1082 1081
1082 1083 1081
1082 1084 1083
1084 1085 1083
1084 1086 1085
1086 1087 1085
1086 1088 1087
1088 1089 1087
1088 1090 1089
1090 1091 1089
1090 1092 1091
1092 1093 1091
1092 1094 1093
1095 1096 1097
1097 1098 1095
1099 1100 1101
1099 1102 1100
1103 1102 1099
1104 1100 1102
1103 1105 1102
1106 1105 1103
1107 1104 1102
1107 1102 1105
1107 1108 1104
1106 1109 1105
1107 1105 1109
1109 1106 1110
1107 1109 1110
1106 1111 1110
1107 1112 1108
1112 1107 1110
1113 1108 1112
1114 1110 1111
1112 1110 1114
1114 1111 1115
1113 1112 1116
1116 1112 1114
1115 1117 1114
1116 1114 1117
1115 1118 1117
1117 1118 1119
1117 1119 1120
1120 1116 1117
1121 1113 1116
1113 1121 1122
1119 1123 1120
1119 1124 1123
1125 1123 1124
1120 1126 1116
1120 1123 1126
1121 1116 1126
1127 1126 1123
1125 1127 1123
1127 1121 1126
1122 1121 1128
1127 1128 1121
1129 1122 1128
1130 1127 1125
1130 1128 1127
1129 1128 1130
1131 1130 1125
1129 1130 1131
1132 1133 1134
1132 1135 1133
1136 1135 1132
1136 1137 1135
1137 1136 1138
1137 1138 1139
1140 1139 1138
1140 1138 1141
1141 1142 1140
1141 1143 1142
1144 1142 1143
1144 1143 1145
1145 1146 1144
1145 1147 1146
1148 1146 1147
1148 1147 1149
1150 1148 1149
1150 1149 1151
1152 1150 1151
1151 1149 1153
1152 1151 1154
1155 1152 1154
1151 1153 1156
1156 1154 1151
1156 1153 1157
1156 1157 1158
1159 1156 1158
1156 1159 1154
1159 1158 1160
1155 1154 1161
1161 1154 1159
1162 1155 1161
1163 1159 1160
1161 1159 1163
1163 1160 1164
1162 1161 1165
1163 1165 1161
1166 1162 1165
1167 1163 1164
1163 1167 1165
1167 1164 1168
1166 1165 1169
1167 1169 1165
1169 1170 1166
1171 1167 1168
1167 1171 1169
1171 1168 1172
1169 1173 1170
1173 1169 1171
1173 1174 1170
1172 1175 1171
1173 1171 1175
1172 1176 1175
1173 1177 1174
1175 1177 1173
1177 1178 1174
1179 1175 1176
1175 1179 1177
1179 1176 1180
1177 1181 1178
1181 1177 1179
1181 1182 1178
1183 1179 1180
1181 1179 1183
1183 1180 1184
1181 1185 1182
1183 1185 1181
1186 1182 1185
1187 1183 1184
1183 1187 1185
1187 1184 1188
1189 1187 1188
1186 1185 1190
1187 1190 1185
1191 1186 1190
1189 1192 1187
1192 1190 1187
1192 1189 1193
1191 1190 1194
1192 1194 1190
1195 1191 1194
1192 1193 1196
1196 1194 1192
1196 1193 1197
1195 1194 1198
1196 1198 1194
1199 1195 1198
1196 1197 1200
1200 1198 1196
1200 1197 1201
1200 1201 1202
1199 1198 1203
1200 1203 1198
1203 1200 1202
1204 1199 1203
1203 1202 1205
1204 1203 1205
1206 1207 1208
1206 1208 1209
1210 1206 1209
1209 1208 1211
1210 1209 1212
1213 1210 1212
1209 1211 1214
1214 1212 1209
1214 1211 1215
1213 1212 1216
1217 1213 1216
1214 1218 1212
1218 1216 1212
1214 1215 1219
1218 1214 1219
1219 1215 1220
1217 1216 1221
1222 1217 1221
1218 1223 1216
1221 1216 1223
1218 1219 1224
1223 1218 1224
1219 1220 1225
1225 1224 1219
1225 1220 1226
1222 1221 1227
1221 1223 1228
1228 1227 1221
1228 1229 1227
1223 1224 1230
1230 1228 1223
1225 1231 1224
1231 1230 1224
1225 1226 1232
1231 1225 1232
1230 1233 1228
1229 1228 1233
1229 1233 1234
1226 1235 1232
1226 1236 1235
1231 1237 1230
1233 1230 1237
1231 1232 1238
1238 1232 1235
1237 1231 1238
1233 1237 1239
1239 1234 1233
1237 1238 1240
1240 1239 1237
1238 1235 1241
1241 1240 1238
1242 1235 1236
1243 1241 1235
1243 1235 1242
1242 1236 1244
1245 1244 1236
1245 1246 1244
1247 1246 1245
1247 1248 1246
1248 1247 1249
1244 1246 1250
1248 1250 1246
1244 1250 1251
1251 1242 1244
1248 1252 1250
1248 1249 1253
1252 1248 1253
1249 1254 1253
1249 1255 1254
1254 1255 1256
1252 1253 1257
1254 1257 1253
1258 1252 1257
1254 1259 1257
1258 1257 1259
1258 1260 1252
1260 1261 1252
1262 1251 1261
1260 1262 1261
1254 1263 1259
1264 1254 1256
1254 1264 1263
1258 1259 1265
1265 1259 1263
1260 1266 1262
1260 1267 1266
1258 1267 1260
1262 1266 1268
1262 1269 1251
1262 1268 1269
1270 1251 1269
1251 1270 1242
1270 1271 1242
1271 1270 1272
1271 1243 1242
1270 1269 1273
1270 1273 1272
1274 1273 1269
1274 1269 1268
1272 1273 1274
1275 1243 1271
1241 1243 1275
1272 1276 1271
1275 1271 1276
1241 1275 1277
1241 1277 1240
1277 1278 1240
1240 1278 1239
1279 1277 1275
1277 1279 1278
1280 1239 1278
1239 1280 1234
1276 1281 1275
1279 1275 1281
1282 1278 1279
1280 1278 1282
1283 1279 1281
1282 1279 1283
1276 1284 1281
1272 1285 1276
1284 1276 1285
1283 1281 1286
1286 1281 1284
1287 1234 1280
1288 1280 1282
1288 1287 1280
1283 1289 1282
1286 1290 1283
1283 1290 1289
1288 1282 1291
1289 1291 1282
1286 1292 1290
1290 1293 1289
1290 1292 1293
1289 1294 1291
1293 1294 1289
1286 1284 1295
1295 1292 1286
1295 1284 1296
1292 1295 1296
1288 1291 1297
1294 1297 1291
1296 1284 1298
1284 1285 1298
1299 1298 1285
1296 1298 1299
1299 1285 1300
1300 1285 1272
1300 1272 1301
1301 1272 1274
1274 1302 1301
1268 1302 1274
1268 1303 1302
1303 1268 1304
1305 1300 1301
1300 1306 1299
1300 1305 1306
1302 1307 1301
1305 1301 1307
1307 1302 1308
1302 1303 1309
1302 1309 1308
1310 1309 1303
1308 1309 1311
1310 1303 1312
1303 1304 1312
1313 1310 1312
1314 1312 1304
1313 1312 1314
1314 1304 1267
1314 1315 1313
1267 1316 1314
1314 1316 1315
1317 1315 1316
1317 1318 1315
1319 1318 1317
1267 1320 1316
1317 1316 1320
1258 1320 1267
1258 1321 1320
1317 1320 1321
1258 1265 1321
1317 1321 1322
1265 1322 1321
1323 1319 1317
1317 1322 1323
1265 1324 1322
1265 1263 1324
1322 1324 1325
1263 1325 1324
1323 1322 1326
1322 1325 1326
1319 1323 1327
1323 1326 1327
1263 1328 1325
1264 1328 1263
1329 1326 1325
1329 1325 1328
1264 1330 1328
1256 1330 1264
1319 1327 1331
1331 1332 1319
1327 1326 1333
1329 1333 1326
1329 1328 1334
1330 1334 1328
1256 1335 1330
1335 1256 1336
1337 1331 1327
1327 1333 1337
1331 1338 1332
1339 1332 1338
1333 1329 1340
1334 1340 1329
1330 1341 1334
1341 1330 1335
1335 1336 1342
1343 1342 1336
1344 1337 1333
1333 1340 1344
1337 1345 1331
1345 1338 1331
1334 1346 1340
1346 1334 1341
1341 1335 1347
1347 1335 1342
1343 1348 1342
1349 1348 1343
1344 1350 1337
1350 1345 1337
1344 1340 1351
1346 1351 1340
1346 1341 1352
1352 1341 1347
1347 1342 1353
1348 1353 1342
1349 1354 1348
1354 1349 1355
1356 1350 1344
1344 1351 1356
1357 1356 1351
1346 1358 1351
1358 1346 1352
1357 1351 1358
1352 1347 1359
1359 1347 1353
1348 1360 1353
1354 1360 1348
1354 1355 1361
1362 1361 1355
1358 1352 1363
1363 1352 1359
1359 1353 1364
1364 1353 1360
1354 1365 1360
1361 1365 1354
1362 1366 1361
1367 1366 1362
1368 1358 1363
1357 1358 1368
1363 1359 1369
1369 1359 1364
1368 1363 1369
1364 1360 1370
1365 1370 1360
1361 1371 1365
1371 1361 1366
1367 1372 1366
1372 1367 1373
1369 1364 1374
1374 1364 1370
1369 1375 1368
1369 1374 1375
1365 1376 1370
1371 1376 1365
1374 1370 1377
1375 1374 1377
1376 1377 1370
1375 1377 1378
1371 1366 1379
1372 1379 1366
1372 1373 1380
1381 1380 1373
1375 1382 1368
1357 1368 1382
1375 1383 1382
1378 1383 1375
1357 1382 1384
1378 1385 1383
1386 1357 1384
1378 1387 1385
1386 1388 1357
1357 1388 1356
1389 1372 1380
1372 1389 1379
1378 1390 1387
1390 1391 1387
1386 1392 1388
1386 1393 1392
1393 1394 1392
1393 1395 1394
1394 1395 1396
1388 1397 1356
1356 1397 1350
1388 1398 1397
1398 1388 1392
1397 1399 1350
1397 1398 1399
1350 1399 1345
1399 1400 1345
1345 1400 1338
1398 1401 1399
1399 1401 1400
1398 1392 1402
1398 1402 1401
1403 1338 1400
1339 1338 1403
1404 1339 1403
1392 1405 1402
1392 1394 1405
1401 1406 1400
1403 1400 1406
1404 1403 1407
1407 1403 1406
1407 1408 1404
1402 1409 1401
1401 1409 1406
1402 1405 1409
1407 1406 1410
1410 1406 1409
1407 1411 1408
1411 1407 1410
1412 1408 1411
1413 1409 1405
1410 1409 1413
1412 1411 1414
1415 1412 1414
1411 1410 1416
1416 1410 1413
1416 1414 1411
1413 1405 1417
1405 1394 1417
1415 1414 1418
1418 1419 1415
1416 1420 1414
1418 1414 1420
1416 1413 1421
1421 1413 1417
1421 1420 1416
1394 1422 1417
1421 1417 1422
1418 1423 1419
1424 1419 1423
1418 1420 1425
1425 1423 1418
1421 1426 1420
1422 1426 1421
1426 1425 1420
1427 1422 1394
1394 1396 1427
1427 1396 1428
1424 1423 1429
1429 1430 1424
1422 1431 1426
1431 1422 1427
1425 1432 1423
1432 1429 1423
1426 1433 1425
1431 1433 1426
1433 1432 1425
1427 1428 1434
1435 1434 1428
1436 1431 1427
1431 1436 1433
1436 1427 1434
1429 1437 1430
1437 1438 1430
1432 1439 1429
1439 1437 1429
1433 1440 1432
1436 1440 1433
1440 1439 1432
1436 1441 1440
1441 1436 1434
1435 1442 1434
1443 1442 1435
1440 1444 1439
1441 1444 1440
1445 1441 1434
1445 1434 1442
1441 1445 1444
1439 1446 1437
1444 1446 1439
1445 1447 1444
1444 1447 1446
1446 1448 1437
1437 1448 1438
1446 1449 1448
1447 1449 1446
1450 1438 1448
1450 1448 1449
1450 1451 1438
1445 1452 1447
1452 1445 1442
1447 1453 1449
1452 1453 1447
1454 1451 1450
1454 1455 1451
1450 1449 1456
1453 1456 1449
1454 1450 1456
1457 1452 1442
1452 1457 1453
1455 1454 1458
1455 1458 1459
1454 1456 1460
1458 1454 1460
1457 1442 1461
1443 1461 1442
1462 1461 1443
1453 1463 1456
1463 1460 1456
1453 1457 1464
1461 1464 1457
1453 1464 1463
1462 1465 1461
1465 1464 1461
1466 1465 1462
1463 1467 1460
1464 1467 1463
1458 1460 1468
1467 1468 1460
1464 1469 1467
1465 1469 1464
1466 1470 1465
1471 1470 1466
1469 1472 1467
1467 1472 1468
1473 1469 1465
1473 1465 1470
1469 1473 1472
1474 1458 1468
1459 1458 1474
1472 1475 1468
1474 1468 1475
1473 1476 1472
1472 1476 1475
1470 1477 1473
1473 1477 1476
1471 1478 1470
1470 1478 1477
1459 1474 1479
1480 1459 1479
1481 1474 1475
1479 1474 1481
1476 1482 1475
1481 1475 1482
1483 1478 1471
1483 1471 1484
1483 1484 1485
1486 1476 1477
1476 1486 1482
1487 1477 1478
1487 1478 1483
1486 1477 1487
1480 1479 1488
1488 1489 1480
1483 1485 1490
1491 1490 1485
1491 1492 1490
1483 1490 1493
1492 1493 1490
1483 1493 1487
1492 1494 1493
1487 1493 1495
1495 1493 1494
1487 1495 1486
1495 1494 1496
1486 1495 1497
1496 1497 1495
1486 1497 1482
1496 1498 1497
1482 1497 1499
1498 1499 1497
1498 1500 1499
1482 1499 1481
1500 1501 1499
1501 1481 1499
1502 1501 1500
1501 1503 1481
1479 1481 1503
1503 1488 1479
1504 1503 1501
1503 1504 1488
1505 1501 1502
1504 1501 1505
1502 1506 1505
1506 1504 1505
1507 1506 1502
1504 1508 1488
1488 1508 1489
1508 1509 1489
1507 1510 1506
1510 1507 1511
1506 1512 1504
1504 1512 1508
1510 1512 1506
1508 1513 1509
1512 1513 1508
1510 1514 1512
1512 1514 1513
1510 1511 1515
1515 1514 1510
1516 1509 1513
1516 1517 1509
1513 1514 1518
1515 1518 1514
1513 1518 1516
1511 1519 1515
1518 1515 1519
1511 1520 1519
1517 1516 1521
1517 1521 1522
1523 1516 1518
1518 1519 1523
1523 1521 1516
1519 1520 1524
1523 1519 1524
1525 1522 1521
1525 1526 1522
1527 1521 1523
1523 1524 1527
1527 1525 1521
1520 1528 1524
1527 1524 1528
1529 1528 1520
1526 1525 1530
1526 1530 1531
1532 1525 1527
1527 1528 1532
1532 1530 1525
1529 1533 1528
1533 1532 1528
1533 1529 1534
1531 1530 1535
1531 1535 1536
1537 1530 1532
1533 1537 1532
1537 1535 1530
1533 1534 1538
1538 1537 1533
1539 1538 1534
1536 1535 1540
1536 1540 1541
1542 1535 1537
1538 1542 1537
1542 1540 1535
1539 1543 1538
1542 1538 1543
1541 1540 1544
1541 1544 1545
1546 1540 1542
1542 1543 1546
1546 1544 1540
1547 1543 1539
1547 1539 1548
1547 1548 1549
1550 1545 1544
1550 1551 1545
1552 1544 1546
1552 1550 1544
1546 1543 1553
1547 1553 1543
1546 1553 1552
1549 1554 1547
1554 1553 1547
1549 1555 1554
1556 1551 1550
1556 1557 1551
1558 1550 1552
1558 1556 1550
1552 1553 1559
1554 1559 1553
1552 1559 1558
1555 1560 1554
1554 1560 1559
1555 1561 1560
1562 1557 1556
1562 1563 1557
1564 1558 1559
1560 1564 1559
1560 1561 1565
1560 1565 1564
1566 1565 1561
1567 1556 1558
1564 1567 1558
1567 1562 1556
1568 1563 1562
1568 1569 1563
1566 1570 1565
1571 1570 1566
1572 1564 1565
1572 1567 1564
1572 1565 1570
1573 1562 1567
1572 1573 1567
1573 1568 1562
1569 1568 1574
1569 1574 1575
1576 1572 1570
1576 1573 1572
1577 1568 1573
1577 1574 1568
1576 1577 1573
1578 1575 1574
1578 1579 1575
1580 1574 1577
1580 1578 1574
1579 1578 1581
1579 1581 1582
1583 1576 1570
1571 1583 1570
1577 1576 1584
1577 1584 1580
1576 1583 1585
1583 1571 1585
1576 1585 1584
1578 1580 1586
1578 1586 1581
1580 1584 1587
1584 1585 1587
1580 1587 1586
1585 1571 1588
1585 1588 1587
1588 1571 1589
1582 1581 1590
1582 1590 1591
1586 1587 1592
1588 1592 1587
1593 1588 1589
1593 1592 1588
1593 1589 1594
1581 1586 1595
1586 1592 1595
1581 1595 1590
1591 1590 1596
1591 1596 1597
1593 1598 1592
1595 1592 1598
1590 1595 1599
1590 1599 1596
1595 1598 1599
1600 1593 1594
1600 1598 1593
1601 1600 1594
1602 1601 1594
1603 1601 1602
1597 1596 1604
1597 1604 1605
1599 1598 1606
1600 1606 1598
1596 1599 1607
1599 1606 1607
1596 1607 1604
1600 1608 1606
1607 1606 1608
1600 1601 1608
1605 1604 1609
1605 1609 1610
1604 1607 1611
1607 1608 1611
1604 1611 1609
1612 1610 1609
1612 1613 1610
1611 1608 1614
1608 1601 1614
1609 1611 1615
1611 1614 1615
1609 1615 1612
1614 1601 1616
1616 1615 1614
1617 1612 1615
1616 1617 1615
1616 1601 1618
1618 1617 1616
1603 1618 1601
1603 1619 1618
1619 1620 1618
1618 1620 1617
1619 1621 1620
1617 1622 1612
1620 1622 1617
1622 1613 1612
1621 1623 1620
1620 1623 1622
1621 1624 1623
1622 1625 1613
1625 1622 1623
1625 1626 1613
1627 1623 1624
1625 1623 1627
1627 1624 1628
1625 1629 1626
1629 1625 1627
1630 1627 1628
1629 1627 1630
1626 1629 1631
1626 1631 1632
1633 1629 1630
1633 1631 1629
1634 1632 1631
1634 1635 1632
1636 1631 1633
1636 1634 1631
1633 1637 1636
1638 1633 1630
1633 1638 1637
1639 1634 1636
1639 1636 1637
1640 1635 1634
1639 1640 1634
1630 1628 1641
1638 1630 1641
1642 1641 1628
1638 1641 1642
1643 1637 1638
1638 1642 1643
1642 1628 1644
1644 1628 1645
1640 1646 1635
1647 1635 1646
1643 1642 1648
1648 1642 1644
1644 1645 1649
1650 1649 1645
1648 1644 1651
1651 1644 1649
1650 1652 1649
1653 1652 1650
1651 1649 1654
1652 1654 1649
1653 1655 1652
1656 1655 1653
1656 1657 1655
1656 1658 1657
1658 1659 1657
1655 1660 1652
1652 1660 1654
1661 1655 1657
1655 1661 1660
1651 1662 1648
1654 1663 1651
1651 1663 1662
1662 1664 1648
1662 1665 1664
1643 1648 1664
1654 1666 1663
1660 1666 1654
1666 1667 1663
1661 1668 1660
1660 1668 1666
1666 1669 1667
1669 1666 1668
1669 1670 1667
1671 1664 1665
1671 1665 1672
1673 1643 1664
1673 1664 1671
1643 1673 1637
1661 1674 1668
1674 1661 1657
1669 1675 1670
1675 1676 1670
1669 1668 1677
1677 1668 1674
1677 1675 1669
1678 1673 1671
1678 1637 1673
1672 1679 1671
1678 1671 1679
1680 1674 1657
1677 1674 1680
1675 1681 1676
1681 1682 1676
1677 1683 1675
1680 1683 1677
1683 1681 1675
1684 1680 1657
1657 1659 1684
1681 1685 1682
1686 1682 1685
1680 1687 1683
1684 1687 1680
1683 1688 1681
1687 1688 1683
1688 1685 1681
1684 1659 1689
1689 1659 1690
1684 1691 1687
1687 1691 1688
1684 1689 1691
1686 1685 1692
1693 1686 1692
1688 1694 1685
1691 1694 1688
1692 1685 1694
1689 1690 1695
1695 1690 1696
1689 1697 1691
1691 1697 1694
1689 1695 1697
1693 1692 1698
1698 1699 1693
1692 1694 1700
1700 1694 1697
1698 1692 1700
1695 1701 1697
1700 1697 1701
1698 1702 1699
1703 1699 1702
1698 1700 1704
1704 1700 1701
1704 1702 1698
1705 1701 1695
1705 1695 1696
1703 1702 1706
1706 1707 1703
1704 1701 1708
1708 1701 1705
1704 1709 1702
1709 1704 1708
1709 1706 1702
1706 1710 1707
1710 1711 1707
1712 1708 1705
1709 1708 1712
1709 1713 1706
1713 1710 1706
1712 1713 1709
1714 1705 1696
1712 1705 1714
1696 1715 1714
1714 1715 1712
1696 1716 1715
1710 1717 1711
1717 1718 1711
1712 1719 1713
1712 1715 1719
1716 1720 1715
1719 1715 1720
1716 1721 1720
1713 1722 1710
1719 1722 1713
1722 1717 1710
1717 1723 1718
1723 1724 1718
1725 1720 1721
1726 1725 1721
1719 1720 1727
1719 1727 1722
1725 1727 1720
1722 1728 1717
1728 1722 1727
1728 1723 1717
1723 1729 1724
1730 1724 1729
1726 1731 1725
1732 1731 1726
1725 1733 1727
1728 1727 1733
1731 1733 1725
1728 1734 1723
1734 1728 1733
1734 1729 1723
1730 1729 1735
1736 1730 1735
1732 1737 1731
1737 1732 1738
1737 1738 1739
1731 1740 1733
1734 1733 1740
1731 1737 1740
1734 1741 1729
1741 1734 1740
1741 1735 1729
1737 1742 1740
1737 1739 1742
1741 1740 1742
1736 1735 1743
1744 1736 1743
1741 1745 1735
1745 1741 1742
1745 1743 1735
1739 1746 1742
1745 1742 1746
1739 1747 1746
1744 1743 1748
1749 1744 1748
1745 1750 1743
1746 1750 1745
1750 1748 1743
1751 1746 1747
1746 1751 1750
1751 1747 1752
1749 1748 1753
1753 1754 1749
1750 1755 1748
1751 1755 1750
1755 1753 1748
1752 1756 1751
1751 1756 1755
1752 1757 1756
1753 1758 1754
1759 1754 1758
1755 1760 1753
1760 1755 1756
1760 1758 1753
1757 1761 1756
1760 1756 1761
1759 1758 1762
1762 1763 1759
1760 1764 1758
1764 1760 1761
1764 1762 1758
1765 1761 1757
1764 1761 1765
1766 1765 1757
1764 1767 1762
1767 1764 1765
1762 1768 1763
1767 1768 1762
1766 1769 1765
1767 1765 1769
1770 1769 1766
1770 1766 1771
1769 1772 1767
1767 1772 1768
1769 1770 1772
1773 1763 1768
1773 1774 1763
1775 1768 1772
1775 1772 1770
1775 1773 1768
1771 1776 1770
1775 1770 1776
1771 1777 1776
1778 1774 1773
1778 1779 1774
1780 1773 1775
1780 1775 1776
1780 1778 1773
1777 1781 1776
1780 1776 1781
1781 1777 1782
1780 1781 1782
1777 1783 1782
1779 1778 1784
1779 1784 1785
1786 1778 1780
1780 1782 1786
1786 1784 1778
1783 1787 1782
1788 1787 1783
1789 1786 1782
1784 1786 1789
1789 1782 1787
1785 1784 1790
1784 1789 1790
1788 1791 1787
1792 1791 1788
1793 1789 1787
1793 1787 1791
1792 1794 1791
1794 1792 1795
1785 1790 1796
1796 1797 1785
1789 1798 1790
1789 1793 1798
1799 1793 1791
1799 1791 1794
1794 1795 1800
1801 1800 1795
1790 1802 1796
1790 1798 1802
1796 1803 1797
1804 1797 1803
1793 1805 1798
1793 1799 1805
1806 1799 1794
1806 1794 1800
1801 1807 1800
1808 1807 1801
1808 1809 1807
1810 1800 1807
1810 1807 1809
1810 1806 1800
1810 1809 1811
1810 1811 1812
1813 1799 1806
1813 1805 1799
1806 1810 1814
1810 1812 1814
1806 1814 1813
1815 1814 1812
1815 1813 1814
1815 1812 1816
1817 1805 1813
1815 1817 1813
1816 1818 1815
1817 1815 1818
1816 1819 1818
1817 1820 1805
1820 1798 1805
1820 1802 1798
1821 1820 1817
1817 1818 1821
1819 1822 1818
1819 1823 1822
1824 1802 1820
1821 1824 1820
1818 1825 1821
1818 1822 1825
1825 1824 1821
1823 1826 1822
1823 1827 1826
1824 1828 1802
1796 1802 1828
1796 1828 1803
1829 1828 1824
1825 1829 1824
1822 1830 1825
1830 1822 1826
1803 1828 1831
1829 1831 1828
1825 1832 1829
1825 1830 1832
1832 1831 1829
1803 1831 1833
1804 1803 1833
1834 1804 1833
1833 1831 1835
1832 1835 1831
1836 1832 1830
1830 1826 1836
1834 1833 1837
1833 1835 1837
1838 1835 1832
1836 1838 1832
1836 1826 1839
1839 1838 1836
1840 1834 1837
1840 1841 1834
1842 1837 1835
1838 1842 1835
1842 1840 1837
1843 1841 1840
1843 1381 1841
1381 1843 1380
1844 1842 1838
1839 1844 1838
1845 1840 1842
1845 1843 1840
1844 1845 1842
1846 1380 1843
1846 1843 1845
1389 1380 1846
1847 1845 1844
1847 1846 1845
1848 1844 1839
1848 1847 1844
1849 1389 1846
1849 1846 1847
1839 1850 1848
1839 1826 1850
1827 1850 1826
1827 1391 1850
1390 1850 1391
1851 1847 1848
1848 1850 1851
1851 1849 1847
1851 1850 1390
1852 1389 1849
1852 1379 1389
1853 1849 1851
1851 1390 1853
1853 1852 1849
1853 1390 1854
1854 1852 1853
1390 1378 1854
1855 1379 1852
1854 1855 1852
1855 1371 1379
1371 1855 1376
1378 1856 1854
1855 1854 1856
1855 1856 1376
1377 1856 1378
1376 1856 1377
1857 1858 1859
1857 1859 1860
1861 1857 1860
1862 1860 1859
1861 1860 1863
1864 1861 1863
1865 1860 1862
1865 1863 1860
1865 1862 1866
1864 1863 1867
1865 1867 1863
1867 1868 1864
1865 1868 1867
1864 1868 1869
1865 1866 1870
1870 1868 1865
1871 1870 1866
1869 1868 1872
1870 1872 1868
1869 1872 1873
1871 1874 1870
1874 1872 1870
1873 1872 1875
1874 1875 1872
1873 1875 1876
1875 1877 1876
1875 1878 1877
1878 1875 1874
1879 1874 1871
1871 1880 1879
1877 1878 1881
1877 1881 1882
1883 1882 1881
1878 1874 1884
1878 1884 1881
1879 1884 1874
1885 1881 1884
1883 1881 1885
1885 1884 1879
1880 1886 1879
1885 1879 1886
1887 1886 1880
1888 1883 1885
1888 1885 1886
1887 1888 1886
1889 1883 1888
1887 1889 1888
1890 1891 1892
1890 1892 1893
1894 1890 1893
1894 1893 1895
1896 1894 1895
1896 1895 1897
1898 1896 1897
1898 1899 1896
1899 1898 1900
1899 1900 1901
1902 1901 1900
1902 1903 1901
1903 1902 1904
1903 1904 1905
1906 1905 1904
1906 1907 1905
1908 1907 1906
1908 1909 1907
1910 1909 1908
1909 1911 1907
1910 1912 1909
1913 1912 1910
1909 1914 1911
1914 1909 1912
1914 1915 1911
1914 1916 1915
1917 1916 1914
1914 1912 1917
1917 1918 1916
1913 1919 1912
1919 1917 1912
1920 1919 1913
1921 1918 1917
1919 1921 1917
1921 1922 1918
1920 1923 1919
1921 1919 1923
1924 1923 1920
1925 1922 1921
1921 1923 1925
1925 1926 1922
1924 1927 1923
1925 1923 1927
1927 1924 1928
1929 1926 1925
1925 1927 1929
1929 1930 1926
1927 1928 1931
1931 1929 1927
1931 1928 1932
1930 1929 1933
1931 1933 1929
1930 1933 1934
1931 1932 1935
1933 1931 1935
1935 1932 1936
1937 1934 1933
1933 1935 1937
1937 1938 1934
1935 1936 1939
1939 1937 1935
1939 1936 1940
1941 1938 1937
1939 1941 1937
1941 1942 1938
1939 1940 1943
1941 1939 1943
1944 1943 1940
1945 1942 1941
1941 1943 1945
1945 1946 1942
1945 1947 1946
1944 1948 1943
1945 1943 1948
1948 1944 1949
1945 1950 1947
1948 1950 1945
1950 1951 1947
1948 1949 1952
1948 1952 1950
1952 1949 1953
1950 1954 1951
1952 1954 1950
1954 1955 1951
1952 1953 1956
1952 1956 1954
1956 1953 1957
1954 1958 1955
1956 1958 1954
1958 1959 1955
1958 1960 1959
1956 1957 1961
1956 1961 1958
1961 1960 1958
1962 1961 1957
1961 1963 1960
1962 1963 1961
1964 1965 1966
1964 1967 1965
1968 1967 1964
1967 1969 1965
1968 1970 1967
1971 1970 1968
1967 1972 1969
1972 1967 1970
1972 1973 1969
1971 1974 1970
1975 1974 1971
1972 1970 1976
1976 1970 1974
1972 1977 1973
1976 1977 1972
1977 1978 1973
1975 1979 1974
1980 1979 1975
1976 1974 1981
1979 1981 1974
1976 1982 1977
1981 1982 1976
1977 1983 1978
1983 1977 1982
1983 1311 1978
1983 1984 1311
1308 1311 1984
1983 1982 1985
1985 1984 1983
1981 1986 1982
1985 1982 1986
1979 1987 1981
1986 1981 1987
1980 1988 1979
1987 1979 1988
1987 1988 1989
1990 1308 1984
1985 1990 1984
1986 1987 1991
1989 1991 1987
1989 1992 1991
1985 1986 1993
1991 1993 1986
1993 1990 1985
1990 1994 1308
1307 1308 1994
1994 1305 1307
1991 1995 1993
1995 1991 1992
1993 1996 1990
1994 1990 1996
1996 1993 1995
1994 1997 1305
1994 1996 1997
1996 1995 1998
1997 1996 1998
1999 1305 1997
1997 1998 1999
1999 1306 1305
2000 1998 1995
1995 1992 2000
2001 1999 1998
2000 2001 1998
2002 1306 1999
2001 2002 1999
2002 2003 1306
2003 1299 1306
2003 2004 1299
2004 1296 1299
2004 2003 2005
1296 2004 2005
2003 2002 2006
2003 2006 2005
2002 2007 2006
2002 2001 2007
2008 1296 2005
2008 1292 1296
1292 2008 2009
2005 2009 2008
1293 1292 2009
2006 2010 2005
2009 2005 2010
2006 2007 2010
2011 1293 2009
2011 2009 2010
1293 2011 1294
2007 2012 2010
2010 2012 2011
2001 2013 2007
2007 2013 2012
2011 2014 1294
2012 2014 2011
1294 2014 2015
2012 2015 2014
1294 2015 1297
1297 2015 2016
2012 2017 2015
2013 2017 2012
2017 2016 2015
2018 2013 2001
2017 2013 2018
2018 2001 2000
1297 2016 2019
2019 1288 1297
2020 1288 2019
1288 2020 1287
2017 2021 2016
2021 2017 2018
2018 2000 2022
2022 2000 1992
2023 2021 2018
2018 2022 2023
2016 2024 2019
2020 2019 2024
2016 2021 2025
2023 2025 2021
2016 2026 2024
2016 2025 2026
2027 2020 2024
2027 2024 2026
2026 2025 2028
2028 2025 2023
2027 2026 2029
2026 2028 2029
2030 2023 2022
2028 2023 2031
2030 2031 2023
2032 2028 2031
2029 2028 2033
2032 2033 2028
2034 2032 2031
2034 2031 2030
2035 2033 2032
2035 2032 2034
2022 2036 2030
2030 2037 2034
2030 2036 2037
2022 2038 2036
2022 1992 2038
2039 2036 2038
2038 1992 2040
2039 2038 2040
1992 2041 2040
1992 1989 2041
2042 2037 2036
2042 2036 2039
2040 2043 2039
2040 2041 2043
2044 2042 2039
2044 2039 2043
2045 2034 2037
2046 2037 2042
2045 2037 2046
2047 2042 2044
2046 2042 2047
2048 2034 2045
2048 2035 2034
2049 2045 2046
2050 2045 2049
2050 2048 2045
2049 2046 2051
2051 2046 2047
2052 2048 2050
2051 2047 2053
2052 2054 2048
2054 2035 2048
2055 2054 2052
2053 2047 2056
2047 2044 2056
2053 2056 2057
2057 2056 2058
2058 2056 2044
2057 2058 2059
2058 2060 2059
2054 2061 2035
2035 2061 2033
2055 2062 2054
2062 2061 2054
2058 2044 2063
2043 2063 2044
2058 2064 2060
2063 2064 2058
2065 2060 2064
2033 2061 2066
2062 2066 2061
2055 2067 2062
2055 2068 2067
2043 2069 2063
2041 2069 2043
2065 2064 2070
2071 2065 2070
2063 2072 2064
2069 2072 2063
2070 2064 2072
2041 2073 2069
1989 2073 2041
2069 2074 2072
2073 2074 2069
2070 2072 2075
2075 2072 2074
2071 2070 2076
2076 2070 2075
1989 2077 2073
2073 2077 2074
2071 2076 2078
2071 2078 2079
2078 2080 2079
1989 2081 2077
1989 1988 2081
2082 2074 2077
2075 2074 2082
2082 2077 2081
2076 2075 2083
2078 2076 2083
2075 2082 2084
2081 2084 2082
2075 2084 2083
2078 2085 2080
2086 2080 2085
1988 2087 2081
2081 2087 2084
2088 2087 1988
2088 1988 1980
2089 2088 1980
2088 2089 2090
2091 2084 2087
2091 2087 2088
2088 2090 2091
2091 2083 2084
2090 2092 2091
2091 2092 2083
2090 2093 2092
2078 2083 2094
2092 2094 2083
2085 2078 2094
2095 2092 2093
2092 2095 2094
2095 2093 2096
2085 2094 2097
2095 2097 2094
2098 2095 2096
2095 2098 2097
2098 2096 2099
2100 2085 2097
2086 2085 2100
2101 2097 2098
2100 2097 2101
2086 2100 2102
2102 2100 2101
2086 2102 2103
2102 2104 2103
2099 2105 2098
2101 2098 2105
2099 2106 2105
2106 2101 2105
2099 2107 2106
2102 2108 2104
2109 2104 2108
2102 2101 2110
2106 2110 2101
2110 2108 2102
2107 2111 2106
2111 2110 2106
1647 2111 2107
2109 2108 2112
2113 2109 2112
2110 2114 2108
2111 2114 2110
2112 2108 2114
1647 2115 2111
2114 2111 2115
1647 1646 2115
2114 2115 2116
2112 2114 2116
1646 2116 2115
2113 2112 2117
2117 2112 2116
2118 2113 2117
1646 2119 2116
2117 2116 2119
1640 2119 1646
2118 2117 2120
2120 2117 2119
2121 2118 2120
1640 2122 2119
2120 2119 2122
1639 2122 1640
2121 2120 2123
2123 2120 2122
2124 2121 2123
1639 2125 2122
2123 2122 2125
2124 2123 2126
2125 2126 2123
2125 1639 2127
1639 1637 2127
1678 2127 1637
2125 2127 2128
2125 2128 2126
2129 2128 2127
2129 2127 1678
2126 2128 2129
2124 2126 2130
2126 2129 2130
2124 2130 2131
1678 2132 2129
2130 2129 2132
1678 1679 2132
2131 2130 2133
2130 2132 2133
2131 2133 2134
1679 2135 2132
2135 2133 2132
2134 2133 2136
2135 2136 2133
2134 2136 2137
1679 2138 2135
1672 2138 1679
2138 1672 2139
2136 2135 2140
2138 2140 2135
2137 2136 2141
2136 2140 2141
2137 2141 2142
2138 2139 2143
2138 2143 2140
2141 2140 2144
2144 2140 2143
2142 2141 2145
2141 2144 2145
2142 2145 2146
2139 2147 2143
2144 2143 2147
2139 2148 2147
2149 2145 2144
2147 2149 2144
2146 2145 2150
2149 2150 2145
2146 2150 2151
2152 2151 2150
2147 2148 2153
2147 2153 2149
2154 2153 2148
2150 2149 2155
2153 2155 2149
2152 2150 2156
2150 2155 2156
2154 2157 2153
2153 2157 2155
2154 2158 2157
2155 2157 2158
2158 2154 2159
2152 2156 2160
2152 2160 2161
2156 2155 2162
2155 2158 2162
2156 2162 2160
2159 2163 2158
2162 2158 2163
2164 2163 2159
2161 2160 2165
2161 2165 2166
2167 2166 2165
2160 2162 2168
2162 2163 2168
2160 2168 2165
2164 2169 2163
2168 2163 2169
2169 2164 2170
2171 2165 2168
2168 2169 2171
2167 2165 2172
2171 2172 2165
2169 2170 2173
2173 2171 2169
2167 2172 2174
2167 2174 2175
2172 2171 2176
2172 2176 2174
2177 2175 2174
2177 2178 2175
2179 2173 2170
2179 2170 2180
2180 1222 2179
2179 1222 1227
2173 2181 2171
2176 2171 2181
2173 2179 2182
2179 1227 2182
2173 2182 2181
1227 2183 2182
2183 2181 2182
2183 1227 1229
2183 2184 2181
2176 2181 2184
2185 2184 2183
2183 1229 2185
2176 2184 2186
2185 2186 2184
1229 2187 2185
2186 2185 2187
2176 2186 2188
2174 2176 2188
2174 2188 2177
1229 2189 2187
1234 2189 1229
2186 2187 2190
2188 2186 2190
2189 2190 2187
2177 2188 2191
2188 2190 2191
2189 2192 2190
2191 2190 2192
1234 2193 2189
2192 2189 2193
2177 2191 2194
2194 2178 2177
2194 2195 2178
2194 2196 2195
2197 2193 1234
1287 2197 1234
2191 2192 2198
2198 2194 2191
2194 2199 2196
2198 2199 2194
2199 2200 2196
2192 2193 2201
2201 2193 2197
2201 2198 2192
2199 2202 2200
2202 2199 2198
2203 2200 2202
1287 2204 2197
2201 2197 2204
2201 2205 2198
2202 2198 2205
2205 2201 2204
2203 2202 2206
2206 2202 2205
2207 2203 2206
1287 2208 2204
2208 1287 2020
2205 2204 2209
2206 2205 2209
2208 2209 2204
2207 2206 2210
2210 2206 2209
2211 2207 2210
2208 2020 2212
2027 2212 2020
2208 2213 2209
2210 2209 2213
2213 2208 2212
2211 2210 2214
2214 2210 2213
2068 2211 2214
2068 2214 2067
2215 2212 2027
2213 2212 2215
2214 2213 2216
2067 2214 2216
2216 2213 2215
2215 2027 2217
2216 2215 2217
2029 2217 2027
2067 2216 2218
2216 2217 2218
2062 2067 2218
2062 2218 2066
2217 2066 2218
2029 2219 2217
2217 2219 2066
2029 2033 2219
2033 2066 2219
2220 2221 2222
2221 2220 2223
2221 2223 2224
2225 2221 2224
2225 2226 2221
2226 2227 2221
2226 2228 2227
2229 2228 2226
2229 2230 2228
2231 2226 2225
2231 2229 2226
2232 2230 2229
2232 2233 2230
2234 2229 2231
2234 2232 2229
2235 2233 2232
2235 2236 2233
2237 2232 2234
2237 2235 2232
2238 2236 2235
2238 2239 2236
2240 2235 2237
2240 2238 2235
2241 2239 2238
2241 2242 2239
2243 2238 2240
2243 2241 2238
2244 2242 2241
2244 2245 2242
2246 2241 2243
2246 2244 2241
2247 2245 2244
2247 2248 2245
2249 2244 2246
2249 2247 2244
2250 2248 2247
2250 2251 2248
2252 2247 2249
2252 2250 2247
2253 2251 2250
2253 2254 2251
2255 2250 2252
2255 2253 2250
2256 2254 2253
2256 2257 2254
2258 2253 2255
2258 2256 2253
2259 2249 2246
2260 2252 2249
2260 2249 2259
2261 2255 2252
2261 2252 2260
2262 2258 2255
2262 2255 2261
2259 2246 2263
2263 2246 2243
2263 2243 2264
2264 2243 2240
2264 2240 2265
2265 2240 2237
2266 2263 2264
2265 2266 2264
2267 2259 2263
2266 2267 2263
2268 2260 2259
2267 2268 2259
2267 2269 2268
2268 2270 2260
2270 2261 2260
2268 2269 2270
2270 2271 2261
2269 2271 2270
2271 2262 2261
2265 2237 2272
2272 2237 2234
2266 2273 2267
2267 2273 2269
2265 2274 2266
2272 2274 2265
2274 2273 2266
2272 2234 2275
2275 2234 2231
2272 2276 2274
2275 2276 2272
2274 2277 2273
2276 2277 2274
2275 2231 2278
2278 2231 2225
2275 2279 2276
2279 2277 2276
2278 2279 2275
2278 2225 2280
2280 2225 2224
2278 2281 2279
2280 2281 2278
2280 2224 2282
2282 2224 2223
2277 2283 2273
2273 2283 2269
2279 2284 2277
2281 2284 2279
2280 2285 2281
2282 2285 2280
2285 2286 2281
2281 2286 2284
2284 2287 2277
2277 2287 2283
2282 2288 2285
2288 2286 2285
2284 2289 2287
2286 2289 2284
2287 2290 2283
2289 2290 2287
2283 2290 2291
2269 2283 2291
2292 2290 2289
2292 2289 2286
2269 2291 2293
2269 2293 2271
2294 2288 2282
2282 2223 2294
2288 2295 2286
2292 2286 2295
2294 2296 2288
2296 2295 2288
2223 2297 2294
2297 2296 2294
2296 2298 2295
2298 2292 2295
2299 2298 2296
2297 2299 2296
2300 2292 2298
2299 2300 2298
2293 2291 2301
2291 2290 2301
2223 2302 2297
2220 2302 2223
2303 2299 2297
2299 2303 2300
2303 2297 2304
2302 2304 2297
2300 2305 2292
2305 2290 2292
2306 2300 2303
2306 2303 2304
2307 2305 2300
2306 2307 2300
2308 2290 2305
2307 2308 2305
2220 2309 2302
2302 2310 2304
2309 2310 2302
2311 2309 2220
2220 2312 2311
2309 2311 2313
2309 2313 2310
2310 2314 2304
2306 2304 2314
2315 2313 2311
2315 2311 2316
2317 2310 2313
2310 2317 2314
2317 2313 2315
2318 2306 2314
2317 2318 2314
2315 2319 2317
2317 2319 2318
2315 2316 2320
2315 2320 2319
2316 2321 2320
2316 2322 2321
2320 2323 2319
2320 2321 2323
2324 2321 2322
2324 2322 2325
2318 2326 2306
2326 2307 2306
2319 2327 2318
2319 2323 2327
2328 2326 2318
2328 2307 2326
2328 2318 2327
2329 2323 2321
2329 2321 2324
2330 2324 2325
2330 2325 2331
2332 2330 2331
2333 2307 2328
2333 2308 2307
2323 2334 2327
2323 2329 2334
2335 2328 2327
2333 2328 2335
2335 2327 2334
2336 2329 2324
2336 2324 2330
2337 2335 2334
2337 2333 2335
2329 2338 2334
2329 2336 2338
2337 2334 2338
2333 2339 2308
2339 2290 2308
2340 2336 2330
2340 2330 2332
2341 2333 2337
2341 2339 2333
2336 2342 2338
2336 2340 2342
2343 2337 2338
2341 2337 2343
2343 2338 2342
2344 2290 2339
2344 2339 2341
2342 2345 2343
2341 2343 2345
2340 2346 2342
2342 2346 2345
2347 2340 2332
2340 2347 2346
2348 2290 2344
2301 2290 2348
2344 2341 2349
2348 2344 2349
2349 2341 2345
2345 2346 2350
2347 2350 2346
2347 2332 2351
2351 2332 2352
2351 2352 2353
2354 2347 2351
2347 2354 2350
2355 2351 2353
2354 2351 2355
2355 2353 2356
2357 2355 2356
2357 2356 2358
2359 2354 2355
2359 2355 2357
2360 2357 2358
2360 2358 2361
2345 2350 2362
2349 2345 2362
2354 2363 2350
2354 2359 2363
2364 2362 2350
2364 2349 2362
2364 2350 2363
2365 2359 2357
2365 2357 2360
2366 2360 2361
2366 2361 2367
2366 2367 2368
2369 2349 2364
2348 2349 2369
2301 2348 2369
2359 2370 2363
2359 2365 2370
2371 2364 2363
2369 2364 2371
2371 2363 2370
2360 2366 2372
2360 2372 2365
2366 2368 2373
2372 2366 2373
2373 2368 2374
2375 2369 2371
2370 2375 2371
2365 2376 2370
2365 2372 2376
2370 2376 2375
2373 2374 2377
2377 2374 2378
2372 2373 2379
2376 2372 2379
2379 2373 2377
2380 2369 2375
2301 2369 2380
2377 2378 2381
2381 2378 2382
2381 2382 2256
2376 2383 2375
2380 2375 2383
2376 2379 2384
2376 2384 2383
2379 2377 2385
2385 2377 2381
2384 2379 2385
2386 2381 2256
2385 2381 2386
2386 2256 2258
2384 2385 2387
2387 2383 2384
2387 2385 2386
2388 2386 2258
2387 2386 2388
2388 2258 2262
2387 2389 2383
2389 2380 2383
2388 2389 2387
2390 2388 2262
2271 2390 2262
2293 2390 2271
2391 2380 2389
2293 2391 2390
2391 2301 2380
2293 2301 2391
2388 2392 2389
2390 2392 2388
2391 2389 2392
2390 2391 2392
2393 2394 2395
2396 2394 2393
2396 2393 2397
2398 2396 2397
2398 2397 2399
2398 2399 2400
2398 2400 2401
2401 2400 2402
2401 2402 2403
2404 2403 2402
2404 2405 2403
2404 2406 2405
2404 2407 2406
2406 2407 2408
2409 2410 2411
2409 2411 2412
2412 2411 2413
2414 2409 2412
2414 2412 2415
2416 2414 2415
2416 2417 2414
2418 2415 2412
2418 2412 2419
2418 2419 2420
2418 2421 2415
2421 2416 2415
2418 2420 2422
2422 2421 2418
2422 2420 2423
2422 2423 2424
2425 2424 2423
2422 2426 2421
2426 2422 2424
2425 2427 2424
2428 2427 2425
2417 2416 2429
2417 2429 2430
2421 2431 2416
2431 2421 2426
2426 2424 2432
2427 2432 2424
2428 2433 2427
2433 2428 2434
2416 2435 2429
2416 2431 2435
2430 2429 2436
2436 2429 2435
2430 2436 2437
2438 2436 2435
2435 2439 2438
2435 2440 2439
2431 2440 2435
2440 2441 2439
2431 2442 2440
2431 2426 2442
2442 2426 2432
2440 2443 2441
2443 2440 2442
2442 2432 2443
2444 2441 2443
2443 2432 2445
2444 2443 2445
2427 2445 2432
2433 2445 2427
2446 2444 2445
2433 2446 2445
2446 2447 2444
2446 2433 2448
2433 2434 2448
2449 2447 2446
2446 2448 2449
2449 2450 2447
2449 2451 2450
2452 2448 2434
2452 2449 2448
2453 2452 2434
2452 2453 2454
2452 2455 2449
2449 2455 2451
2452 2454 2455
2451 2455 2456
2454 2456 2455
2457 2451 2456
2454 2458 2456
2459 2457 2456
2458 2459 2456
2459 2460 2457
2458 2461 2459
2459 2462 2460
2462 2459 2461
2462 2461 2463
2464 2465 2466
2467 2466 2465
2467 2468 2466
2469 2468 2467
2469 2470 2468
2471 2470 2469
2471 2472 2470
2472 2471 136
2473 2474 2475
2475 2476 2473
2475 2477 2476
2478 2476 2477
2478 2477 2479
2480 2478 2479
2480 2479 2481
2482 2480 2481
2482 2481 2483
2484 2482 2483
2485 2486 2487
2487 2488 2485
2487 2489 2488
2490 2489 2487
2490 2487 2491
2491 2487 2492
2491 2492 2493
2494 2491 2493
2494 2493 2495
2496 2490 2491
2496 2491 2494
2497 2494 2495
2497 2495 2498
2499 2496 2494
2499 2494 2497
2500 2497 2498
2500 2498 2501
2502 2499 2497
2502 2497 2500
2503 2500 2501
2503 2501 2504
2505 2502 2500
2505 2500 2503
2506 2503 2504
2506 2504 2507
2508 2505 2503
2508 2503 2506
2509 2506 2507
2509 2507 2510
2511 2508 2506
2511 2506 2509
2512 2509 2510
2512 2510 2513
2514 2511 2509
2514 2509 2512
2515 2512 2513
2515 2513 2516
2517 2514 2512
2517 2512 2515
2518 2515 2516
2518 2516 2519
2520 2517 2515
2520 2515 2518
2521 2518 2519
2521 2519 2522
2523 2520 2518
2523 2518 2521
2524 2511 2514
2525 2514 2517
2525 2524 2514
2526 2517 2520
2526 2525 2517
2527 2520 2523
2527 2526 2520
2524 2528 2511
2528 2508 2511
2528 2529 2508
2529 2505 2508
2529 2530 2505
2530 2502 2505
2531 2529 2528
2530 2529 2531
2532 2528 2524
2531 2528 2532
2533 2524 2525
2532 2524 2533
2532 2533 2534
2533 2525 2535
2535 2525 2526
2533 2535 2534
2535 2526 2536
2534 2535 2536
2536 2526 2527
2530 2537 2502
2537 2499 2502
2531 2532 2538
2532 2534 2538
2530 2531 2539
2537 2530 2539
2539 2531 2538
2537 2540 2499
2540 2496 2499
2537 2539 2541
2540 2537 2541
2539 2538 2542
2541 2539 2542
2540 2543 2496
2543 2490 2496
2540 2541 2544
2544 2541 2542
2543 2540 2544
2543 2545 2490
2545 2489 2490
2543 2544 2546
2545 2543 2546
2545 2547 2489
2547 2488 2489
2542 2538 2548
2538 2534 2548
2544 2542 2549
2546 2544 2549
2545 2546 2550
2547 2545 2550
2550 2546 2551
2546 2549 2551
2549 2542 2552
2542 2548 2552
2547 2550 2553
2553 2550 2551
2549 2552 2554
2551 2549 2554
2552 2548 2555
2554 2552 2555
2548 2556 2555
2534 2556 2548
2557 2554 2555
2557 2551 2554
2534 2558 2556
2534 2536 2558
2559 2547 2553
2547 2559 2488
2553 2551 2560
2557 2560 2551
2559 2553 2561
2561 2553 2560
2488 2559 2562
2562 2559 2561
2561 2560 2563
2563 2560 2557
2564 2561 2563
2562 2561 2564
2565 2563 2557
2564 2563 2565
2558 2566 2556
2556 2566 2555
2488 2562 2567
2485 2488 2567
2568 2562 2564
2564 2565 2568
2568 2569 2562
2567 2562 2569
2565 2557 2570
2570 2557 2555
2571 2568 2565
2571 2569 2568
2572 2565 2570
2571 2565 2572
2573 2570 2555
2572 2570 2573
2485 2567 2574
2567 2569 2575
2574 2567 2575
2576 2485 2574
2485 2576 2577
2574 2578 2576
2574 2575 2578
2575 2569 2579
2571 2579 2569
2580 2576 2578
2580 2581 2576
2582 2578 2575
2575 2579 2582
2582 2580 2578
2583 2579 2571
2582 2579 2583
2580 2582 2584
2582 2583 2584
2580 2585 2581
2580 2584 2585
2581 2585 2586
2581 2586 2587
2585 2584 2588
2585 2588 2586
2589 2587 2586
2589 2590 2587
2583 2571 2591
2591 2571 2572
2584 2583 2592
2584 2592 2588
2593 2583 2591
2593 2591 2572
2593 2592 2583
2594 2586 2588
2594 2589 2586
2595 2590 2589
2595 2596 2590
2597 2596 2595
2598 2593 2572
2598 2572 2573
2588 2592 2599
2588 2599 2594
2600 2592 2593
2598 2600 2593
2600 2599 2592
2601 2595 2589
2601 2589 2594
2602 2599 2600
2602 2600 2598
2594 2599 2603
2594 2603 2601
2602 2603 2599
2598 2573 2604
2604 2573 2555
2605 2595 2601
2605 2597 2595
2606 2602 2598
2606 2598 2604
2601 2603 2607
2601 2607 2605
2608 2603 2602
2606 2608 2602
2608 2607 2603
2609 2604 2555
2609 2606 2604
2607 2608 2610
2606 2610 2608
2605 2607 2611
2607 2610 2611
2612 2597 2605
2605 2611 2612
2613 2609 2555
2566 2613 2555
2609 2614 2606
2613 2614 2609
2614 2610 2606
2610 2615 2611
2612 2611 2615
2612 2616 2597
2616 2617 2597
2616 2618 2617
2619 2616 2612
2612 2615 2619
2620 2618 2616
2619 2620 2616
2620 2621 2618
2622 2621 2620
2622 2623 2621
2624 2620 2619
2624 2622 2620
2625 2623 2622
2625 2626 2623
2610 2627 2615
2614 2627 2610
2619 2615 2628
2619 2628 2624
2629 2615 2627
2629 2627 2614
2629 2628 2615
2630 2622 2624
2630 2625 2622
2631 2626 2625
2631 2632 2626
2631 2633 2632
2634 2629 2614
2613 2634 2614
2566 2634 2613
2624 2628 2635
2624 2635 2630
2636 2628 2629
2634 2636 2629
2636 2635 2628
2625 2630 2637
2625 2637 2631
2631 2638 2633
2637 2638 2631
2638 2639 2633
2640 2636 2634
2635 2636 2640
2630 2635 2641
2630 2641 2637
2635 2640 2641
2638 2642 2639
2642 2643 2639
2637 2644 2638
2641 2644 2637
2644 2642 2638
2645 2640 2634
2566 2645 2634
2642 2646 2643
2646 2647 2643
2646 2521 2647
2641 2640 2648
2645 2648 2640
2641 2649 2644
2641 2648 2649
2644 2650 2642
2650 2646 2642
2649 2650 2644
2651 2521 2646
2650 2651 2646
2651 2523 2521
2649 2652 2650
2652 2649 2648
2652 2651 2650
2653 2523 2651
2652 2653 2651
2653 2527 2523
2652 2648 2654
2654 2648 2645
2653 2652 2654
2655 2527 2653
2536 2527 2655
2558 2536 2655
2656 2654 2645
2558 2655 2656
2656 2645 2566
2558 2656 2566
2653 2654 2657
2655 2653 2657
2656 2657 2654
2655 2657 2656
2658 2659 2660
2661 2658 2660
2661 2660 2662
2663 2661 2662
2663 2664 2661
2663 2665 2664
2663 2666 2665
2666 2667 2665
2666 2668 2667
2669 2667 2668
2669 2668 2670
2669 2670 2671
2669 2671 2672
2671 2673 2672
2674 2675 2676
2674 2677 2675
2677 2678 2675
2679 2677 2674
2679 2680 2677
2681 2680 2679
2681 2679 2682
2683 2677 2680
2684 2677 2683
2683 2680 2685
2685 2680 2681
2684 2683 2686
2686 2683 2685
2684 2686 2687
2686 2688 2687
2686 2689 2688
2690 2688 2689
2686 2685 2691
2691 2689 2686
2690 2689 2692
2693 2690 2692
2682 2694 2681
2682 2695 2694
2685 2681 2696
2696 2691 2685
2691 2697 2689
2692 2689 2697
2693 2692 2698
2698 2699 2693
2695 2700 2694
2695 2701 2700
2681 2694 2702
2702 2694 2700
2681 2702 2696
2703 2702 2700
2702 2703 2704
2702 2704 2705
2696 2702 2705
2705 2704 2706
2696 2705 2707
2696 2707 2691
2707 2697 2691
2705 2706 2708
2708 2707 2705
2707 2708 2697
2709 2708 2706
2708 2710 2697
2709 2710 2708
2692 2697 2710
2698 2692 2710
2711 2710 2709
2698 2710 2711
2711 2709 2712
2711 2713 2698
2698 2713 2699
2714 2711 2712
2711 2714 2713
2714 2712 2715
2714 2715 2716
2717 2699 2713
2717 2713 2714
2718 2699 2717
2717 2719 2718
2717 2714 2720
2714 2716 2720
2717 2720 2719
2716 2721 2720
2719 2720 2721
2722 2721 2716
2719 2721 2723
2724 2721 2722
2723 2721 2724
2724 2722 2725
2723 2724 2726
2724 2725 2727
2727 2726 2724
2727 2728 2726
2729 2730 2731
2730 2729 2732
2730 2732 2733
2734 2733 2732
2734 2735 2733
2736 2735 2734
2736 2737 2735
2738 2737 2736
2738 2739 2737
2740 2739 2738
2741 2742 2743
2742 2744 2743
2745 2743 2744
2745 2746 2743
2746 2747 2743
2747 2746 2748
2747 2748 2749
2749 2748 2750
2749 2750 2751
2752 2751 2750
2752 2753 2751
2753 2752 2754
2753 2754 2755
2756 2755 2754
2756 2757 2755
2752 2758 2754
2758 2756 2754
2752 2759 2758
2750 2759 2752
2750 2760 2759
2760 2750 2748
2760 2748 2761
2746 2761 2748
2746 2762 2761
2763 2762 2746
2758 2764 2756
2757 2756 2765
2764 2765 2756
2757 2765 2766
2763 2746 2767
2768 2763 2767
2745 2767 2746
2768 2767 2769
2769 2767 2745
2768 2769 2770
2769 2745 2771
2769 2771 2770
2764 2772 2765
2773 2772 2764
2766 2765 2774
2772 2774 2765
2773 2775 2772
2772 2775 2774
2776 2774 2775
2773 2777 2775
2776 2775 2777
2773 2778 2777
2779 2777 2778
2779 2776 2777
2779 2780 2776
2781 2776 2780
2781 2782 2776
2766 2774 2783
2784 2766 2783
2776 2785 2774
2785 2783 2774
2785 2776 2782
2786 2784 2783
2785 2786 2783
2786 2787 2784
2781 2787 2786
2788 2787 2781
2789 2786 2785
2785 2782 2789
2789 2790 2786
2781 2786 2790
2791 2789 2782
2790 2789 2791
2791 2782 2792
2791 2792 2790
2781 2790 2792
2781 2792 2782
2781 2793 2788
2793 2781 2794
2793 2794 2795
2788 2793 2796
2795 2796 2793
2796 2797 2788
2795 2798 2796
2797 2796 2799
2798 2799 2796
2800 2801 2802
2803 2800 2802
2804 2803 2802
2804 2802 2805
2806 2805 2802
2806 2807 2805
2806 2808 2807
2808 2809 2807
2808 2810 2809
2811 2809 2810
2811 2810 2812
2812 2813 2811
2812 2814 2813
2815 2813 2814
2815 2814 2816
2811 2813 2817
2817 2813 2815
2811 2817 2818
2809 2811 2818
2809 2818 2819
2819 2807 2809
2819 2820 2807
2805 2807 2820
2805 2820 2821
2822 2805 2821
2817 2815 2823
2816 2824 2815
2823 2815 2824
2816 2825 2824
2822 2826 2805
2827 2826 2822
2804 2805 2826
2827 2828 2826
2828 2804 2826
2827 2829 2828
2828 2830 2804
2828 2829 2830
2823 2824 2831
2832 2823 2831
2825 2833 2824
2831 2824 2833
2832 2831 2834
2831 2833 2834
2835 2834 2833
2832 2834 2836
2835 2836 2834
2832 2836 2837
2838 2837 2836
2838 2836 2835
2838 2835 2839
2840 2839 2835
2840 2835 2841
2825 2842 2833
2843 2842 2825
2835 2833 2844
2844 2833 2842
2844 2841 2835
2845 2842 2843
2844 2842 2845
2845 2843 2846
2844 2847 2841
2847 2844 2845
2848 2845 2846
2849 2848 2846
2847 2845 2850
2848 2850 2845
2851 2841 2847
2850 2851 2847
2851 2852 2841
2851 2850 2852
2848 2852 2850
2848 2841 2852
2848 2849 2853
2853 2854 2848
2853 2855 2854
2849 2856 2853
2855 2853 2856
2856 2849 2857
2855 2856 2858
2857 2859 2856
2858 2856 2859
2860 2861 2862
2863 2861 2860
2863 2860 2864
2865 2863 2864
2865 2864 2866
2867 2865 2866
2867 2866 2868
2868 305 2867
2869 2870 2871
2869 2871 2872
2873 2874 2875
2873 2875 2876
2877 2878 2879
2877 2879 2880
2881 2882 2883
2881 2883 2884
2885 2886 2887
2885 2887 2888
2889 2890 2891
2889 2891 2892
2893 2894 2895
2893 2895 2896
2897 2898 2899
2897 2899 2900
2901 2902 2903
2901 2903 2904
2905 2906 2907
2905 2907 2908
2909 2910 2911
2909 2911 2912
2913 2914 2915
2913 2915 2916
2917 2918 2919
2917 2919 2920
2921 2922 2923
2921 2923 2924
2925 2926 2927
2925 2927 2928
2929 2930 2931
2929 2931 2932
2933 2934 2935
2933 2935 2936
2937 2938 2939
2937 2939 2940
2941 2942 2943
2941 2943 2944
2945 2946 2947
2945 2947 2948
2949 2950 2951
2949 2951 2952
2953 2954 2955
2953 2955 2956
2957 2958 2959
2957 2959 2960
2961 2962 2963
2961 2963 2964
2965 2966 2967
2965 2967 2968
2969 2970 2971
2969 2971 2972
2973 2974 2975
2973 2975 2976
2977 2978 2979
2977 2979 2980
2981 2982 2983
2981 2983 2984
2985 2986 2987
2985 2987 2988
2989 2990 2991
2989 2991 2992
2993 2994 2995
2993 2995 2996
2997 2998 2999
2997 2999 3000
3001 3002 3003
3001 3003 3004
3005 3006 3007
3005 3007 3008
3009 3010 3011
3009 3011 3012
3013 3014 3015
3013 3015 3016
3017 3018 3019
3017 3019 3020
3021 3022 3023
3021 3023 3024
3025 3026 3027
3025 3027 3028
3029 3030 3031
3029 3032 3030
3033 3030 3032
3034 3032 3029
3034 3029 3035
3033 3032 3036
3034 3036 3032
3037 3033 3036
3038 3034 3035
3038 3035 3039
3034 3040 3036
3037 3036 3040
3041 3040 3034
3041 3034 3038
3041 3037 3040
3042 3038 3039
3042 3039 3043
3038 3044 3041
3038 3042 3044
3045 3042 3043
3045 3043 3046
3041 3047 3037
3047 3041 3044
3048 3044 3042
3048 3042 3045
3049 3045 3046
3049 3046 3050
3047 3044 3051
3048 3051 3044
3052 3048 3045
3052 3045 3049
3053 3049 3050
3053 3050 3054
3049 3053 3055
3049 3055 3052
3056 3053 3054
3055 3053 3056
3056 3054 3057
3055 3056 3058
3058 3052 3055
3052 3059 3048
3048 3059 3051
3058 3060 3052
3052 3060 3059
3058 3061 3060
3061 3059 3060
3051 3059 3062
3061 3062 3059
3058 3063 3061
3063 3058 3064
3051 3062 3065
3065 3047 3051
3066 3061 3063
3063 3064 3067
3066 3063 3067
3068 3067 3064
3068 3064 3069
3070 3067 3068
3070 3066 3067
3071 3066 3070
3061 3066 3072
3071 3072 3066
3061 3072 3062
3073 3072 3071
3062 3072 3074
3073 3074 3072
3062 3074 3065
3074 3073 3075
3074 3075 3076
3065 3074 3076
3076 3075 3077
3065 3076 3078
3065 3078 3047
3076 3077 3079
3078 3076 3079
3047 3078 3080
3078 3079 3080
3047 3080 3037
3081 3037 3080
3079 3081 3080
3081 3082 3037
3077 3083 3079
3079 3083 3081
3083 3082 3081
3077 3084 3083
3083 3085 3082
3085 3083 3084
3085 3084 3086
3087 3086 3088
3087 3088 3089
3090 3089 3088
3091 3087 3089
3091 3092 3087
3090 3093 3089
3091 3089 3093
3094 3093 3090
3095 3092 3091
3095 3096 3092
3091 3093 3097
3094 3097 3093
3098 3091 3097
3098 3095 3091
3098 3097 3094
3099 3096 3095
3099 3100 3096
3095 3098 3101
3095 3101 3099
3102 3100 3099
3102 3103 3100
3098 3094 3104
3104 3101 3098
3105 3099 3101
3105 3102 3099
3106 3103 3102
3106 3107 3103
3104 3108 3101
3105 3101 3108
3109 3102 3105
3109 3106 3102
3110 3107 3106
3110 3111 3107
3106 3112 3110
3106 3109 3112
3113 3111 3110
3112 3113 3110
3113 3069 3111
3112 3114 3113
3114 3112 3109
3109 3105 3115
3105 3108 3115
3114 3109 3116
3109 3115 3116
3114 3116 3117
3117 3116 3115
3108 3118 3115
3117 3115 3118
3114 3117 3119
3119 3120 3114
3108 3121 3118
3104 3121 3108
3122 3119 3117
3119 3123 3120
3122 3123 3119
3124 3120 3123
3124 3057 3120
3125 3124 3123
3125 3123 3122
3126 3125 3122
3117 3127 3122
3126 3122 3127
3117 3118 3127
3128 3126 3127
3118 3129 3127
3128 3127 3129
3118 3121 3129
3129 3130 3128
3129 3131 3130
3121 3131 3129
3131 3132 3130
3121 3133 3131
3104 3133 3121
3131 3134 3132
3133 3134 3131
3104 3135 3133
3133 3135 3134
3104 3094 3135
3136 3135 3094
3134 3135 3136
3136 3094 3137
3132 3134 3138
3134 3136 3138
3138 3136 3137
3132 3138 3139
3138 3137 3140
3140 3139 3138
3140 3031 3139
3141 3142 3143
3141 3143 3144
3141 3145 3142
3146 3142 3145
3147 3146 3145
3147 3145 3148
3148 3145 3141
3141 3144 3149
3148 3141 3149
3150 3149 3144
3148 3149 3151
3150 3152 3149
3149 3152 3151
3153 3152 3150
3151 3152 3154
3153 3154 3152
3155 3151 3154
3153 3156 3154
3155 3154 3156
3153 3157 3156
3158 3156 3157
3158 3159 3156
3159 3155 3156
3159 3158 3160
3161 3155 3159
3159 3160 3161
3162 3155 3161
3162 3161 3160
3163 3164 3165
3164 3166 3165
3163 3167 3164
3168 3167 3163
3169 3167 3168
3169 3170 3167
3170 3164 3167
3164 3171 3166
3170 3171 3164
3172 3166 3171
3170 3173 3171
3172 3171 3174
3171 3173 3174
3175 3172 3174
3173 3176 3174
3175 3174 3176
3177 3176 3173
3175 3176 3178
3177 3178 3176
3175 3178 3179
3180 3179 3178
3180 3178 3181
3181 3178 3177
3181 3182 3180
3183 3181 3177
3181 3183 3182
3184 3183 3177
3184 3182 3183
3185 3186 3187
3187 3188 3185
3189 3188 3187
3186 3190 3187
3189 3187 3190
3186 3191 3190
3190 3192 3189
3193 3190 3191
3190 3193 3192
3193 3191 3194
3193 3195 3192
3196 3193 3194
3193 3196 3195
3196 3194 3197
3196 3198 3195
3197 3199 3196
3196 3199 3198
3197 3200 3199
3201 3198 3199
3202 3199 3200
3201 3199 3202
3202 3200 3203
3204 3201 3202
3205 3202 3203
3204 3202 3205
3205 3203 3206
3207 3204 3205
3208 3205 3206
3207 3205 3208
3208 3206 3209
3208 3210 3207
3211 3208 3209
3208 3211 3210
3211 3209 3212
3213 3210 3211
3214 3211 3212
3213 3211 3214
3214 3212 3215
3216 3213 3214
3216 3214 3215
3217 3218 3219
3218 3217 3220
3221 3218 3220
3219 3218 3222
3221 3222 3218
3219 3222 3223
3222 3221 3224
3225 3223 3222
3222 3224 3225
3225 3226 3223
3225 3224 3227
3228 3226 3225
3225 3227 3228
3228 3229 3226
3228 3227 3230
3229 3228 3231
3228 3230 3231
3229 3231 3232
3233 3231 3230
3234 3232 3231
3233 3234 3231
3234 3235 3232
3236 3234 3233
3237 3235 3234
3236 3237 3234
3237 3238 3235
3239 3237 3236
3240 3238 3237
3239 3240 3237
3240 3241 3238
3240 3239 3242
3243 3241 3240
3240 3242 3243
3243 3244 3241
3245 3243 3242
3246 3244 3243
3245 3246 3243
3246 3247 3244
3248 3246 3245
3248 3247 3246
3249 3250 3251
3252 3249 3251
3249 3253 3250
3253 3254 3250
3252 3255 3249
3256 3255 3252
3253 3257 3254
3258 3254 3257
3253 3249 3259
3259 3249 3255
3256 3260 3255
3260 3256 3261
3258 3257 3262
3263 3258 3262
3257 3253 3264
3253 3259 3264
3260 3261 3265
3265 3261 3266
3263 3262 3267
3268 3263 3267
3262 3257 3269
3257 3264 3269
3265 3266 3270
3270 3266 3271
3268 3267 3272
3273 3268 3272
3267 3262 3274
3262 3269 3274
3270 3271 3275
3275 3271 3276
3273 3272 3277
3278 3273 3277
3272 3267 3279
3267 3274 3279
3275 3276 3280
3280 3276 3281
3278 3277 3282
3283 3278 3282
3277 3272 3284
3272 3279 3284
3280 3281 3285
3285 3281 3286
3283 3282 3287
3287 3288 3283
3282 3277 3289
3277 3284 3289
3285 3286 3290
3290 3286 3291
3287 3292 3288
3292 3293 3288
3287 3282 3294
3282 3289 3294
3295 3291 3293
3290 3291 3295
3295 3293 3296
3292 3296 3293
3290 3295 3297
3297 3295 3296
3285 3290 3298
3290 3297 3298
3292 3287 3299
3287 3294 3299
3300 3296 3292
3297 3296 3300
3285 3298 3301
3280 3285 3301
3292 3299 3302
3300 3292 3302
3280 3301 3303
3275 3280 3303
3275 3303 3304
3270 3275 3304
3270 3304 3305
3265 3270 3305
3265 3305 3306
3260 3265 3306
3260 3306 3307
3255 3260 3307
3255 3307 3308
3259 3255 3308
3309 3303 3301
3310 3304 3303
3310 3303 3309
3311 3305 3304
3311 3304 3310
3312 3306 3305
3312 3305 3311
3313 3311 3310
3310 3309 3313
3313 3312 3311
3309 3314 3313
3309 3301 3314
3313 3315 3312
3315 3306 3312
3315 3307 3306
3314 3301 3298
3316 3307 3315
3316 3308 3307
3313 3316 3315
3314 3298 3317
3314 3317 3313
3317 3298 3297
3318 3308 3316
3313 3318 3316
3318 3259 3308
3317 3297 3319
3317 3319 3313
3319 3297 3300
3320 3259 3318
3313 3320 3318
3320 3264 3259
3319 3321 3313
3319 3300 3321
3313 3322 3320
3322 3264 3320
3321 3323 3313
3302 3321 3300
3302 3323 3321
3322 3269 3264
3323 3302 3299
3324 3269 3322
3313 3324 3322
3324 3274 3269
3323 3299 3325
3323 3325 3313
3325 3299 3294
3326 3274 3324
3313 3326 3324
3326 3279 3274
3325 3294 3327
3325 3327 3313
3327 3294 3289
3328 3279 3326
3313 3328 3326
3328 3284 3279
3327 3329 3313
3327 3289 3329
3329 3328 3313
3329 3289 3284
3329 3284 3328
3330 3331 3332
3333 3331 3330
3330 3332 3334
3334 3332 3335
3333 3330 3336
3337 3333 3336
3334 3335 3338
3339 3338 3335
3337 3336 3340
3340 3341 3337
3339 3342 3338
3343 3342 3339
3340 3344 3341
3344 3345 3341
3343 3346 3342
3347 3346 3343
3344 3348 3345
3348 3349 3345
3347 3350 3346
3351 3350 3347
3348 3352 3349
3352 3353 3349
3352 3354 3353
3354 3355 3353
3348 3356 3352
3356 3354 3352
3344 3357 3348
3348 3357 3356
3351 3358 3350
3359 3358 3351
3354 3360 3355
3360 3361 3355
3344 3362 3357
3340 3362 3344
3359 3363 3358
3364 3363 3359
3360 3365 3361
3365 3366 3361
3340 3367 3362
3336 3367 3340
3364 3368 3363
3368 3364 3369
3365 3370 3366
3370 3371 3366
3372 3369 3371
3368 3369 3372
3336 3373 3367
3330 3373 3336
3370 3374 3371
3372 3371 3374
3330 3375 3373
3334 3375 3330
3334 3376 3375
3338 3376 3334
3338 3377 3376
3342 3377 3338
3342 3378 3377
3346 3378 3342
3346 3379 3378
3350 3379 3346
3350 3380 3379
3358 3380 3350
3358 3381 3380
3363 3381 3358
3363 3382 3381
3368 3382 3363
3368 3383 3382
3372 3383 3368
3372 3384 3383
3374 3384 3372
3374 3385 3384
3370 3385 3374
3370 3386 3385
3365 3386 3370
3365 3387 3386
3360 3387 3365
3360 3388 3387
3354 3388 3360
3354 3389 3388
3356 3389 3354
3383 3390 3382
3384 3391 3383
3383 3391 3390
3385 3392 3384
3384 3392 3391
3386 3393 3385
3385 3393 3392
3392 3394 3391
3391 3394 3390
3393 3394 3392
3390 3394 3395
3382 3390 3395
3396 3394 3393
3386 3396 3393
3382 3395 3381
3387 3396 3386
3381 3395 3397
3395 3394 3397
3381 3397 3380
3387 3398 3396
3398 3394 3396
3388 3398 3387
3380 3397 3399
3394 3399 3397
3380 3399 3379
3388 3400 3398
3400 3394 3398
3389 3400 3388
3379 3399 3401
3394 3401 3399
3379 3401 3378
3389 3402 3400
3402 3394 3400
3394 3403 3401
3378 3401 3403
3404 3394 3402
3356 3402 3389
3356 3404 3402
3378 3403 3377
3357 3404 3356
3377 3403 3405
3394 3405 3403
3377 3405 3376
3357 3406 3404
3394 3404 3406
3362 3406 3357
3376 3405 3407
3394 3407 3405
3376 3407 3375
3362 3408 3406
3394 3406 3408
3367 3408 3362
3375 3407 3409
3394 3409 3407
3375 3409 3373
3367 3410 3408
3394 3408 3410
3394 3410 3409
3373 3409 3410
3373 3410 3367
3411 3412 3413
3414 3412 3411
3411 3413 3415
3416 3415 3413
3416 3417 3415
3418 3417 3416
3414 3411 3419
3420 3414 3419
3420 3419 3421
3411 3421 3419
3411 3422 3421
3411 3415 3422
3422 3415 3417
3422 3417 3423
3418 3424 3417
3423 3417 3424
3424 3418 3425
3423 3424 3426
3426 3424 3425
3427 3428 3429
3430 3427 3429
3427 3431 3428
3432 3428 3431
3432 3431 3433
3434 3432 3433
3430 3435 3427
3436 3435 3430
3436 3437 3435
3427 3435 3437
3427 3437 3438
3427 3438 3431
3438 3433 3431
3438 3439 3433
3434 3433 3440
3439 3440 3433
3440 3441 3434
3439 3442 3440
3442 3441 3440
