byte offset: 0
first index: 45168
index count: 10011
topology: trianglelist
format: DXGI_FORMAT_R16_UINT

11140 11141 11142
11143 11144 11145
11146 11147 11143
11146 11148 11147
11149 11150 11151
11152 11153 11154
11155 11156 11157
11158 11159 11160
11161 11162 11163
11161 11164 11162
11161 11165 11164
11164 11165 11166
11167 11162 11164
11164 11166 11168
11167 11164 11168
11167 11168 11169
11168 11170 11169
11171 11172 11173
11171 11173 11174
11174 11173 11175
11176 11171 11174
11174 11175 11177
11175 11178 11177
11176 11174 11179
11174 11177 11179
11180 11176 11179
11181 11176 11180
11180 11182 11181
11178 11183 11177
11183 11178 11184
11183 11184 11185
11177 11186 11179
11183 11186 11177
11180 11179 11186
11183 11187 11186
11187 11183 11185
11180 11188 11182
11188 11189 11182
11188 11190 11189
11191 11189 11190
11180 11186 11192
11192 11186 11187
11180 11193 11188
11190 11188 11193
11180 11192 11194
11180 11194 11193
11195 11192 11187
11195 11194 11192
11194 11196 11193
11196 11194 11195
11187 11185 11197
11197 11195 11187
11198 11191 11190
11199 11191 11198
11190 11193 11200
11200 11193 11201
11200 11201 11202
11203 11190 11200
11190 11203 11198
11204 11200 11202
11200 11204 11203
11205 11204 11202
11204 11205 11206
11206 11205 11207
11204 11208 11203
11204 11206 11208
11208 11209 11203
11203 11209 11198
11210 11208 11206
11208 11210 11209
11211 11206 11207
11211 11210 11206
11198 11209 11212
11210 11212 11209
11213 11211 11207
11214 11213 11207
11213 11214 11215
11216 11210 11211
11210 11216 11212
11216 11211 11217
11213 11217 11211
11218 11213 11215
11219 11218 11215
11218 11220 11213
11213 11220 11217
11219 11221 11218
11221 11220 11218
11219 11222 11221
11222 11223 11221
11221 11224 11220
11220 11224 11217
11225 11216 11217
11216 11225 11212
11223 11226 11221
11226 11224 11221
11226 11227 11224
11224 11228 11217
11225 11217 11228
11227 11228 11224
11227 11225 11228
11212 11225 11229
11225 11227 11230
11229 11225 11230
11231 11212 11229
11198 11212 11231
11199 11198 11231
11199 11231 11232
11231 11229 11232
11199 11232 11233
11234 11233 11232
11229 11230 11235
11232 11229 11235
11234 11232 11236
11232 11235 11236
11234 11236 11237
11237 11236 11235
11234 11237 11238
11239 11238 11237
11235 11230 11240
11240 11230 11227
11237 11235 11241
11235 11240 11241
11239 11237 11242
11242 11237 11241
11243 11239 11242
11243 11244 11239
11245 11243 11242
11245 11242 11246
11242 11241 11246
11246 11247 11245
11241 11248 11246
11241 11240 11248
11246 11248 11247
11240 11227 11249
11248 11240 11249
11247 11248 11250
11248 11249 11250
11249 11251 11250
11247 11250 11252
11251 11252 11250
11251 11253 11252
11254 11253 11251
11227 11255 11249
11249 11255 11251
11255 11227 11226
11256 11255 11226
11223 11256 11226
11251 11255 11257
11256 11257 11255
11258 11256 11223
11258 11257 11256
11258 11223 11259
11254 11251 11260
11251 11257 11260
11261 11254 11260
11261 11262 11254
11263 11260 11257
11263 11261 11260
11258 11263 11257
11264 11262 11261
11264 11261 11263
11264 11265 11262
11259 11266 11258
11259 11267 11266
11268 11266 11267
11258 11269 11263
11264 11263 11269
11258 11266 11269
11268 11270 11266
11270 11269 11266
11270 11271 11269
11272 11269 11271
11272 11264 11269
11272 11265 11264
11272 11273 11265
11268 11274 11275
11276 11273 11277
11278 11276 11277
11278 11277 11279
11276 11278 11280
11281 11278 11279
11279 11282 11281
11283 11282 11274
11282 11283 11281
11284 11281 11283
11285 11280 11278
11285 11278 11281
11284 11286 11281
11286 11285 11281
11287 11280 11285
11287 11285 11286
11287 11288 11280
11289 11288 11287
11284 11290 11286
11287 11286 11290
11284 11291 11290
11292 11287 11290
11291 11292 11290
11292 11289 11287
11291 11293 11292
11294 11289 11292
11293 11294 11292
11294 11295 11289
11296 11295 11294
11293 11297 11294
11296 11294 11298
11298 11294 11297
11298 11297 11299
11300 11301 11302
11300 11303 11301
11304 11301 11303
11303 11300 11305
11306 11304 11303
11306 11307 11304
11306 11308 11307
11306 11303 11309
11303 11305 11309
11310 11309 11305
11308 11306 11311
11311 11306 11309
11310 11311 11309
11308 11311 11312
11313 11312 11311
11313 11311 11314
11310 11314 11311
11315 11313 11314
11310 11315 11314
11315 11316 11313
11316 11315 11185
11316 11185 11317
11185 11315 11318
11310 11318 11315
11185 11318 11197
11310 11305 11319
11320 11319 11305
11321 11310 11319
11321 11319 11320
11321 11318 11310
11321 11320 11322
11197 11318 11323
11318 11321 11323
11322 11323 11321
11195 11197 11323
11322 11324 11323
11325 11195 11323
11324 11325 11323
11196 11195 11325
11324 11326 11325
11196 11325 11326
11324 11327 11326
11196 11326 11328
11326 11327 11329
11326 11329 11328
11330 11331 11332
11330 11332 11333
11332 11334 11333
11332 11335 11334
11335 11336 11334
11335 11337 11336
11337 11338 11336
11337 11339 11338
11339 11340 11338
11339 11341 11340
11342 11340 11341
11342 11343 11340
11344 11343 11342
11344 11345 11343
11346 11345 11344
11346 11344 11347
11348 11346 11347
11348 11347 11349
11350 11351 11352
11350 11352 11353
11352 11354 11353
11352 11355 11354
11355 11356 11354
11355 11357 11356
11357 11358 11356
11357 11359 11358
11360 11358 11359
11360 11361 11358
11362 11361 11360
11362 11363 11361
11364 11363 11362
11364 11362 11365
11366 11364 11365
11366 11367 11364
11366 11368 11367
11366 11369 11368
11370 11371 11372
11370 11372 11373
11374 11375 11376
11374 11376 11377
11378 11379 11380
11378 11380 11381
11382 11383 11384
11382 11384 11385
11386 11387 11388
11386 11388 11389
11390 11391 11392
11390 11392 11393
11394 11395 11396
11394 11396 11397
11398 11399 11400
11398 11400 11401
11402 11403 11404
11402 11405 11403
11405 11406 11403
11405 11407 11406
11408 11409 11410
11408 11410 11411
11412 11413 11414
11412 11414 11415
11416 11417 11418
11416 11418 11419
11420 11421 11422
11420 11422 11423
11424 11425 11426
11424 11426 11427
11428 11429 11430
11428 11430 11431
11432 11433 11434
11432 11435 11433
11435 11436 11433
11435 11437 11436
11438 11439 11440
11438 11440 11441
11442 11443 11444
11442 11444 11445
11446 11447 11448
11446 11448 11449
11450 11451 11452
11450 11452 11453
11454 11455 11456
11454 11456 11457
11458 11459 11460
11458 11460 11461
11462 11463 11464
11462 11464 11465
11466 11467 11468
11466 11468 11469
11470 11471 11472
11470 11472 11473
11474 11475 11476
11474 11476 11477
11478 11479 11480
11478 11480 11481
11482 11483 11484
11482 11484 11485
11486 11487 11488
11486 11488 11489
11490 11491 11492
11490 11492 11493
11494 11495 11496
11494 11497 11495
11497 11498 11495
11497 11499 11498
11500 11501 11502
11500 11502 11503
11504 11505 11506
11504 11506 11507
11508 11509 11510
11508 11510 11511
11512 11513 11514
11512 11514 11515
11516 11517 11518
11516 11518 11519
11520 11521 11522
11520 11522 11523
11524 11525 11526
11524 11527 11525
11527 11528 11525
11527 11529 11528
11530 11531 11532
11530 11532 11533
11534 11535 11536
11534 11536 11537
11538 11539 11540
11538 11540 11541
11542 11543 11544
11542 11544 11545
11546 11547 11548
11546 11548 11549
11550 11551 11552
11550 11552 11553
11554 11555 11556
11554 11556 11557
11558 11554 11557
11556 11559 11557
11556 11560 11559
11556 11561 11560
11561 11562 11560
11560 11562 11563
11560 11563 11564
11559 11560 11565
11557 11559 11566
11559 11565 11566
11558 11557 11567
11557 11566 11567
11566 11565 11568
11568 11565 11569
11569 11570 11563
11569 11563 11571
11572 11569 11571
11572 11573 11569
11573 11568 11569
11573 11574 11568
11573 11572 11575
11566 11568 11576
11567 11566 11576
11568 11574 11576
11558 11567 11577
11567 11576 11577
11576 11574 11577
11578 11558 11577
11573 11575 11579
11579 11574 11573
11579 11575 11580
11581 11578 11577
11574 11581 11577
11581 11582 11578
11582 11581 11583
11574 11583 11581
11584 11582 11583
11579 11580 11585
11586 11585 11580
11579 11587 11574
11574 11587 11583
11587 11579 11585
11584 11583 11588
11589 11584 11588
11583 11587 11590
11587 11585 11590
11583 11590 11588
11586 11591 11585
11592 11591 11586
11585 11593 11590
11590 11593 11588
11585 11591 11593
11588 11594 11589
11593 11594 11588
11594 11595 11589
11594 11596 11595
11594 11597 11596
11593 11597 11594
11597 11598 11596
11591 11599 11593
11593 11599 11597
11597 11600 11598
11599 11600 11597
11600 11601 11598
11592 11602 11591
11591 11602 11599
11600 11603 11601
11604 11601 11603
11599 11605 11600
11602 11605 11599
11605 11603 11600
11592 11606 11602
11602 11606 11605
11592 11607 11606
11605 11608 11603
11604 11603 11608
11606 11608 11605
11607 11609 11606
11606 11609 11608
11604 11608 11609
11607 11610 11609
11610 11604 11609
11611 11612 11613
11611 11613 11614
11615 11614 11613
11616 11611 11614
11616 11617 11611
11618 11617 11616
11615 11619 11614
11619 11616 11614
11620 11619 11615
11620 11615 11621
11622 11620 11621
11622 11623 11620
11624 11619 11620
11623 11625 11620
11623 11626 11625
11624 11627 11619
11619 11627 11616
11628 11625 11626
11628 11629 11625
11629 11627 11630
11631 11616 11627
11618 11616 11631
11632 11618 11631
11632 11631 11633
11631 11627 11633
11633 11627 11629
11629 11628 11634
11633 11629 11634
11632 11633 11634
11628 11635 11634
11635 11636 11634
11636 11637 11634
11637 11632 11634
11637 11636 11638
11637 11638 11639
11632 11637 11639
11638 11640 11639
11639 11640 11641
11639 11641 11642
11632 11639 11642
11642 11641 11643
11642 11643 11644
11644 11643 11645
11632 11642 11646
11646 11642 11644
11644 11645 11647
11647 11645 11648
11649 11632 11646
11632 11649 11618
11650 11618 11649
11650 11649 11651
11649 11646 11651
11650 11651 11652
11652 11651 11653
11646 11644 11654
11651 11646 11654
11651 11654 11653
11654 11644 11647
11654 11655 11653
11655 11654 11656
11654 11647 11656
11655 11656 11657
11658 11657 11656
11659 11656 11647
11658 11656 11659
11658 11659 11660
11658 11660 11661
11660 11662 11661
11659 11647 11663
11660 11659 11663
11647 11648 11663
11660 11663 11648
11660 11648 11664
11660 11665 11662
11664 11665 11660
11662 11665 11666
11664 11667 11665
11665 11667 11666
11668 11669 11670
11668 11670 11671
11672 11668 11671
11673 11671 11670
11672 11671 11674
11675 11672 11674
11673 11676 11671
11674 11671 11676
11676 11677 11674
11676 11673 11678
11675 11674 11679
11679 11674 11677
11679 11680 11675
11676 11678 11681
11676 11681 11677
11682 11681 11678
11682 11683 11681
11684 11683 11682
11677 11681 11685
11683 11685 11681
11684 11686 11683
11683 11686 11687
11686 11684 11688
11686 11688 11689
11687 11686 11689
11690 11689 11688
11683 11691 11685
11691 11677 11685
11690 11692 11689
11692 11690 11693
11687 11689 11694
11694 11689 11692
11683 11687 11695
11683 11695 11691
11687 11696 11695
11695 11696 11691
11697 11677 11691
11696 11698 11691
11698 11697 11691
11699 11677 11697
11679 11677 11699
11698 11700 11697
11700 11699 11697
11699 11701 11679
11679 11701 11680
11680 11701 11702
11680 11702 11703
11702 11704 11703
11699 11705 11701
11705 11702 11701
11702 11706 11704
11705 11706 11702
11706 11707 11704
11700 11708 11699
11708 11705 11699
11708 11709 11705
11705 11710 11706
11709 11710 11705
11711 11708 11700
11711 11709 11708
11711 11712 11709
11709 11713 11710
11712 11713 11709
11706 11714 11707
11706 11715 11714
11706 11710 11715
11716 11707 11714
11716 11714 11715
11716 11717 11707
11716 11718 11717
11716 11719 11718
11719 11720 11718
11716 11715 11721
11721 11719 11716
11721 11722 11719
11723 11721 11715
11710 11723 11715
11722 11721 11723
11710 11713 11724
11710 11724 11723
11719 11725 11720
11725 11726 11720
11722 11723 11727
11727 11723 11724
11713 11728 11724
11712 11728 11713
11727 11724 11729
11724 11728 11729
11730 11725 11719
11730 11719 11722
11725 11731 11726
11731 11732 11726
11712 11733 11728
11733 11729 11728
11734 11727 11729
11722 11727 11734
11725 11730 11735
11725 11735 11731
11731 11736 11732
11736 11737 11732
11738 11731 11735
11738 11736 11731
11739 11735 11730
11738 11735 11739
11740 11730 11722
11739 11730 11740
11741 11722 11734
11740 11722 11741
11742 11741 11734
11742 11740 11741
11734 11729 11743
11742 11734 11743
11744 11742 11743
11729 11745 11743
11745 11744 11743
11733 11745 11729
11733 11746 11745
11746 11744 11745
11733 11747 11746
11747 11733 11712
11748 11739 11740
11742 11749 11740
11748 11740 11749
11749 11742 11750
11750 11742 11744
11751 11739 11748
11738 11739 11751
11749 11750 11752
11749 11752 11748
11753 11738 11751
11753 11736 11738
11753 11754 11736
11736 11754 11737
11755 11737 11754
11755 11756 11737
11757 11756 11755
11758 11754 11753
11758 11755 11754
11757 11755 11759
11759 11755 11758
11753 11751 11760
11758 11753 11760
11761 11757 11759
11761 11762 11757
11763 11762 11761
11764 11763 11761
11763 11765 11762
11763 11766 11765
11763 11767 11766
11764 11767 11763
11767 11768 11766
11769 11768 11767
11764 11769 11767
11770 11769 11764
11769 11771 11768
11770 11771 11769
11770 11772 11771
11772 11770 11773
11774 11761 11759
11764 11761 11774
11774 11759 11775
11759 11758 11775
11775 11758 11776
11758 11760 11776
11774 11775 11777
11775 11776 11777
11764 11774 11778
11774 11777 11778
11779 11776 11760
11779 11777 11776
11770 11764 11780
11764 11778 11780
11781 11770 11780
11781 11780 11778
11782 11778 11777
11781 11778 11782
11779 11760 11783
11783 11760 11751
11779 11784 11777
11782 11777 11784
11781 11785 11770
11785 11786 11770
11783 11751 11787
11751 11748 11787
11788 11779 11783
11784 11779 11788
11748 11789 11787
11748 11752 11789
11790 11783 11787
11788 11783 11790
11790 11787 11789
11791 11789 11752
11791 11752 11792
11793 11789 11791
11793 11790 11789
11792 11752 11750
11794 11790 11793
11794 11788 11790
11792 11750 11795
11795 11750 11744
11796 11788 11794
11795 11744 11797
11796 11798 11788
11799 11798 11796
11784 11788 11798
11799 11800 11798
11800 11784 11798
11801 11800 11799
11800 11802 11784
11802 11782 11784
11801 11803 11800
11803 11802 11800
11804 11803 11801
11805 11782 11802
11803 11805 11802
11805 11781 11782
11806 11781 11805
11806 11805 11803
11806 11785 11781
11804 11807 11803
11806 11803 11807
11808 11807 11804
11806 11809 11785
11785 11809 11810
11811 11806 11807
11806 11811 11809
11808 11812 11807
11811 11807 11812
11813 11812 11808
11813 11808 11814
11815 11813 11814
11816 11815 11814
11817 11811 11812
11817 11818 11811
11818 11809 11811
11819 11818 11817
11815 11819 11820
11818 11821 11809
11821 11822 11809
11821 11823 11822
11823 11772 11824
11825 11693 11826
11825 11827 11693
11692 11693 11827
11825 11828 11827
11825 11829 11828
11828 11829 11830
11831 11692 11827
11831 11827 11828
11694 11692 11831
11831 11832 11694
11687 11694 11832
11828 11833 11831
11831 11833 11832
11828 11830 11834
11828 11834 11833
11830 11835 11834
11830 11836 11835
11834 11837 11833
11834 11835 11837
11836 11838 11835
11836 11839 11838
11835 11838 11840
11835 11840 11837
11841 11838 11839
11841 11840 11838
11841 11839 11842
11833 11837 11843
11833 11843 11832
11840 11844 11837
11844 11843 11837
11842 11845 11841
11842 11846 11845
11841 11845 11847
11841 11848 11840
11841 11847 11848
11848 11844 11840
11848 11847 11849
11848 11849 11850
11844 11848 11850
11851 11850 11849
11851 11849 11852
11853 11851 11852
11853 11852 11854
11855 11853 11854
11855 11854 11856
11853 11855 11857
11853 11857 11858
11858 11857 11859
11853 11860 11851
11853 11858 11860
11850 11851 11861
11851 11860 11861
11862 11844 11850
11862 11850 11861
11863 11860 11858
11860 11863 11861
11858 11859 11864
11863 11858 11864
11859 11865 11864
11865 11863 11864
11859 11866 11865
11866 11867 11865
11866 11868 11867
11865 11869 11863
11867 11869 11865
11861 11863 11870
11870 11863 11869
11871 11844 11862
11844 11871 11843
11862 11861 11872
11861 11870 11872
11872 11870 11873
11874 11871 11862
11874 11862 11872
11875 11843 11871
11871 11874 11875
11872 11876 11874
11872 11873 11876
11868 11877 11867
11868 11878 11877
11878 11879 11877
11878 11880 11879
11881 11877 11879
11867 11877 11881
11881 11879 11882
11883 11881 11882
11867 11881 11884
11867 11884 11869
11883 11885 11881
11884 11881 11885
11885 11883 11886
11869 11884 11887
11884 11885 11887
11885 11886 11888
11889 11888 11886
11869 11887 11890
11870 11869 11890
11873 11870 11890
11885 11891 11887
11885 11888 11891
11887 11892 11890
11873 11890 11892
11887 11891 11892
11889 11893 11888
11894 11893 11889
11895 11892 11891
11895 11873 11892
11888 11896 11891
11888 11893 11896
11895 11891 11896
11896 11893 11897
11896 11897 11895
11898 11895 11897
11895 11899 11873
11898 11899 11895
11873 11899 11900
11900 11899 11898
11873 11900 11876
11876 11900 11901
11900 11898 11902
11901 11900 11902
11876 11901 11903
11876 11903 11874
11874 11903 11875
11901 11875 11903
11893 11904 11897
11905 11898 11897
11904 11905 11897
11893 11906 11904
11894 11906 11893
11906 11907 11904
11904 11907 11905
11908 11906 11894
11908 11907 11906
11908 11894 11909
11910 11908 11909
11905 11911 11898
11907 11912 11905
11912 11911 11905
11898 11911 11913
11898 11913 11902
11910 11914 11908
11908 11915 11907
11915 11908 11914
11916 11914 11910
11916 11915 11914
11916 11910 11917
11916 11918 11915
11907 11915 11919
11918 11919 11915
11912 11907 11919
11918 11920 11919
11920 11921 11919
11920 11922 11921
11923 11921 11922
11919 11921 11924
11919 11924 11912
11923 11925 11921
11925 11924 11921
11923 11926 11925
11925 11926 11927
11928 11927 11926
11923 11929 11926
11928 11926 11929
11928 11929 11930
11928 11930 11931
11925 11932 11924
11925 11927 11932
11933 11924 11932
11932 11927 11933
11912 11924 11934
11933 11934 11924
11912 11934 11935
11912 11935 11911
11911 11935 11936
11911 11936 11913
11935 11934 11937
11935 11937 11936
11934 11933 11938
11934 11938 11937
11939 11933 11927
11939 11938 11933
11936 11940 11913
11902 11913 11940
11936 11937 11941
11938 11941 11937
11902 11940 11942
11901 11902 11942
11936 11941 11943
11936 11943 11940
11943 11941 11712
11943 11712 11711
11940 11943 11711
11747 11712 11941
11938 11747 11941
11940 11711 11944
11942 11940 11944
11711 11700 11944
11942 11944 11945
11945 11944 11700
11901 11942 11945
11945 11700 11698
11901 11945 11946
11698 11946 11945
11901 11946 11875
11747 11938 11947
11939 11947 11938
11698 11948 11946
11698 11696 11948
11946 11949 11875
11946 11948 11949
11875 11949 11843
11949 11832 11843
11948 11696 11950
11948 11950 11949
11832 11949 11950
11696 11687 11950
11687 11832 11950
11747 11947 11951
11746 11747 11951
11952 11746 11951
11947 11952 11951
11952 11953 11746
11746 11953 11744
11953 11797 11744
11947 11954 11952
11955 11954 11947
11955 11947 11939
11955 11939 11927
11955 11927 11956
11956 11927 11928
11952 11954 11957
11958 11954 11955
11954 11958 11957
11959 11955 11956
11959 11958 11955
11960 11956 11928
11959 11956 11960
11960 11928 11961
11961 11928 11931
11962 11959 11960
11962 11960 11961
11963 11961 11931
11962 11961 11963
11963 11931 11964
11965 11963 11964
11962 11963 11965
11966 11962 11965
11965 11964 11967
11965 11967 11968
11962 11969 11959
11959 11969 11958
11969 11962 11966
11965 11968 11970
11965 11970 11966
11968 11971 11970
11972 11970 11971
11973 11972 11971
11974 11972 11973
11972 11974 11975
11958 11969 11976
11977 11976 11969
11957 11958 11976
11969 11966 11978
11977 11969 11978
11975 11979 11972
11975 11980 11979
11966 11981 11978
11977 11978 11981
11980 11982 11979
11980 11983 11982
11983 11984 11982
11979 11982 11985
11972 11979 11986
11979 11985 11986
11972 11986 11987
11970 11972 11987
11966 11970 11988
11970 11987 11988
11966 11989 11981
11966 11988 11989
11987 11990 11988
11986 11990 11987
11985 11991 11986
11985 11992 11991
11986 11991 11993
11986 11993 11990
11992 11994 11991
11993 11991 11994
11992 11995 11994
11994 11995 11996
11990 11997 11988
11989 11988 11997
11990 11993 11998
11993 11994 11998
11990 11998 11997
11999 11981 11989
11977 11981 11999
11994 11996 12000
11998 11994 12000
11997 12001 11989
11999 11989 12001
11997 11998 12002
11997 12002 12001
11998 12000 12002
12002 11999 12001
11996 12003 12000
12000 12003 12002
11996 12004 12003
12002 12005 11999
12003 12005 12002
12004 12006 12003
12003 12006 12005
12004 12007 12006
12006 12007 12008
12009 11999 12005
12009 12005 12006
12009 11977 11999
12010 12006 12008
12009 12006 12010
12011 12010 12008
12011 12009 12010
12011 12008 12012
12011 12012 12013
12014 11977 12009
12009 12011 12014
12015 12011 12013
12011 12015 12014
12015 12013 12016
12017 12015 12016
12017 12016 12018
11797 12017 12018
12019 12015 12017
11797 12019 12017
12019 12014 12015
11797 11953 12019
12014 12020 11977
11976 11977 12020
12021 12014 12019
11953 12021 12019
12021 12020 12014
11976 12020 12022
12022 12020 12021
11957 11976 12022
12021 11953 12023
12022 12021 12023
12022 12023 11957
11952 12023 11953
12023 11952 11957
12024 12025 12026
12024 12026 12027
12028 12024 12027
12026 12029 12027
12026 12030 12029
12029 12030 12031
12028 12027 12032
12029 12032 12027
12033 12028 12032
12029 12031 12034
12034 12031 12035
12033 12032 12036
12037 12033 12036
12029 12038 12032
12038 12029 12034
12038 12036 12032
12034 12035 12039
12038 12034 12040
12040 12034 12039
12038 12041 12036
12041 12038 12040
12037 12036 12042
12041 12042 12036
12037 12042 12043
12037 12043 12044
12041 12045 12042
12045 12043 12042
12041 12040 12046
12046 12045 12041
12039 12035 12047
12035 12048 12047
12047 12048 12049
12047 12049 12050
12050 12049 12051
12052 12044 12043
12052 12053 12044
12054 12053 12052
12054 12055 12053
12043 12056 12052
12056 12054 12052
12045 12057 12043
12043 12057 12056
12058 12057 12045
12046 12058 12045
12058 12059 12057
12059 12056 12057
12060 12047 12050
12039 12047 12060
12055 12054 12061
12055 12061 12062
12063 12062 12061
12064 12058 12046
12059 12058 12064
12059 12065 12056
12056 12066 12054
12065 12066 12056
12067 12061 12054
12067 12054 12066
12063 12061 12068
12068 12061 12067
12063 12068 12069
12063 12069 12070
12071 12070 12069
12071 12072 12070
12073 12071 12069
12069 12074 12073
12069 12068 12074
12068 12067 12074
12075 12072 12071
12065 12059 12076
12059 12064 12076
12075 12071 12077
12078 12075 12077
12078 12077 12079
12080 12079 12077
12071 12080 12077
12080 12081 12079
12071 12082 12080
12073 12082 12071
12081 12080 12083
12081 12083 12084
12080 12082 12085
12073 12085 12082
12080 12085 12083
12086 12084 12083
12086 12087 12084
12088 12083 12085
12088 12086 12083
12089 12087 12086
12089 12090 12087
12091 12089 12086
12091 12086 12088
12090 12089 12092
12089 12091 12092
12090 12092 12093
12085 12094 12088
12085 12073 12094
12088 12095 12091
12088 12094 12095
12091 12096 12092
12096 12091 12095
12097 12093 12092
12096 12097 12092
12097 12098 12093
12098 12097 12099
12098 12099 12100
12101 12100 12099
12097 12102 12099
12097 12096 12102
12101 12099 12103
12103 12099 12102
12104 12101 12103
12104 12105 12101
12106 12105 12104
12106 12107 12105
12108 12107 12106
12109 12104 12103
12109 12103 12102
12109 12106 12104
12102 12096 12110
12110 12109 12102
12111 12110 12096
12111 12096 12095
12110 12112 12109
12109 12113 12106
12112 12113 12109
12111 12114 12110
12110 12114 12112
12108 12106 12115
12116 12106 12113
12116 12115 12106
12108 12115 12117
12117 12115 12116
12108 12117 12118
12112 12119 12113
12119 12116 12113
12120 12118 12117
12120 12121 12118
12121 12120 12122
12121 12122 12123
12123 12122 12124
12123 12124 12125
12125 12124 12126
12125 12126 12127
12127 12126 12128
12127 12128 12129
12126 12130 12128
12124 12131 12126
12126 12131 12130
12122 12132 12124
12124 12132 12131
12120 12133 12122
12122 12133 12132
12134 12120 12117
12120 12134 12133
12131 12135 12130
12132 12135 12131
12133 12136 12132
12132 12136 12135
12134 12136 12133
12135 12137 12130
12136 12137 12135
12137 12138 12130
12134 12117 12139
12117 12116 12139
12134 12140 12136
12140 12134 12139
12116 12141 12139
12140 12139 12141
12141 12116 12119
12137 12142 12138
12142 12143 12138
12136 12144 12137
12140 12144 12136
12144 12142 12137
12140 12145 12144
12145 12140 12141
12141 12119 12146
12146 12119 12112
12144 12147 12142
12145 12147 12144
12145 12141 12148
12146 12148 12141
12149 12146 12112
12114 12149 12112
12145 12150 12147
12150 12145 12148
12151 12142 12147
12150 12151 12147
12152 12146 12149
12146 12152 12148
12153 12149 12114
12152 12149 12153
12150 12148 12154
12152 12154 12148
12151 12155 12142
12142 12155 12143
12150 12156 12151
12154 12156 12150
12152 12157 12154
12157 12152 12153
12153 12114 12158
12158 12114 12111
12159 12143 12155
12159 12160 12143
12151 12161 12155
12156 12161 12151
12155 12161 12159
12154 12162 12156
12157 12162 12154
12156 12163 12161
12162 12163 12156
12161 12164 12159
12161 12163 12164
12159 12165 12160
12164 12165 12159
12166 12160 12165
12166 12167 12160
12168 12167 12166
12165 12164 12169
12166 12165 12169
12163 12170 12164
12170 12169 12164
12168 12166 12171
12172 12168 12171
12172 12171 12173
12174 12172 12173
12174 12173 12175
12175 12176 12174
12175 12177 12176
12177 12178 12176
12177 12179 12178
12179 12180 12178
12179 12181 12180
12181 12182 12180
12181 12183 12182
12184 12183 12181
12184 12181 12179
12184 12185 12183
12186 12184 12179
12186 12179 12177
12187 12185 12184
12187 12184 12186
12187 12188 12185
12189 12188 12187
12189 12190 12188
12191 12190 12189
12191 12192 12190
12193 12192 12191
12193 12051 12192
12050 12051 12193
12194 12050 12193
12060 12050 12194
12195 12193 12191
12194 12193 12195
12196 12060 12194
12039 12060 12196
12197 12191 12189
12195 12191 12197
12198 12194 12195
12196 12194 12198
12199 12195 12197
12198 12195 12199
12189 12200 12197
12199 12197 12200
12201 12198 12199
12196 12198 12201
12039 12196 12202
12040 12039 12202
12046 12040 12202
12196 12203 12202
12203 12196 12201
12046 12202 12204
12202 12203 12204
12064 12046 12204
12203 12064 12204
12201 12199 12205
12205 12199 12200
12189 12206 12200
12206 12189 12187
12203 12207 12064
12207 12076 12064
12201 12208 12203
12208 12207 12203
12205 12208 12201
12205 12200 12209
12206 12209 12200
12206 12187 12210
12187 12186 12210
12207 12211 12076
12208 12211 12207
12205 12212 12208
12209 12212 12205
12213 12206 12210
12206 12213 12209
12186 12214 12210
12213 12210 12214
12186 12215 12214
12215 12186 12177
12216 12214 12215
12216 12213 12214
12217 12215 12177
12216 12215 12217
12217 12177 12175
12213 12218 12209
12209 12218 12212
12212 12219 12208
12208 12219 12211
12175 12220 12217
12175 12173 12220
12216 12221 12213
12213 12221 12218
12222 12212 12218
12212 12222 12219
12217 12223 12216
12217 12220 12223
12173 12224 12220
12173 12171 12224
12225 12221 12216
12225 12216 12223
12226 12218 12221
12222 12218 12226
12226 12221 12225
12220 12227 12223
12220 12224 12227
12171 12228 12224
12171 12166 12228
12229 12225 12223
12229 12223 12227
12230 12226 12225
12230 12225 12229
12231 12222 12226
12231 12226 12230
12224 12232 12227
12224 12228 12232
12166 12233 12228
12233 12166 12169
12234 12229 12227
12234 12227 12232
12235 12230 12229
12235 12229 12234
12228 12233 12236
12228 12236 12232
12237 12233 12169
12237 12236 12233
12170 12237 12169
12236 12238 12232
12238 12234 12232
12236 12237 12238
12237 12170 12239
12237 12239 12238
12170 12163 12239
12234 12238 12240
12235 12234 12240
12240 12238 12239
12241 12230 12235
12241 12231 12230
12163 12242 12239
12162 12242 12163
12243 12239 12242
12243 12240 12239
12244 12242 12162
12244 12243 12242
12157 12244 12162
12245 12235 12240
12245 12241 12235
12240 12243 12246
12240 12246 12245
12247 12243 12244
12247 12244 12157
12247 12246 12243
12247 12157 12248
12157 12153 12248
12248 12153 12158
12247 12248 12249
12248 12158 12249
12250 12246 12247
12247 12249 12250
12251 12245 12246
12250 12251 12246
12252 12241 12245
12251 12252 12245
12253 12251 12250
12253 12250 12249
12249 12158 12254
12158 12111 12254
12254 12111 12095
12249 12254 12255
12253 12249 12255
12254 12095 12256
12255 12254 12256
12094 12256 12095
12252 12257 12241
12231 12241 12257
12231 12257 12258
12222 12231 12258
12222 12258 12219
12258 12257 12259
12259 12257 12252
12219 12258 12260
12258 12259 12260
12219 12260 12211
12211 12260 12261
12211 12261 12076
12065 12076 12261
12260 12262 12261
12262 12065 12261
12260 12259 12262
12262 12263 12065
12065 12263 12066
12259 12264 12262
12263 12262 12264
12066 12263 12265
12263 12264 12265
12066 12265 12067
12259 12252 12266
12259 12266 12264
12265 12267 12067
12074 12067 12267
12268 12265 12264
12266 12268 12264
12268 12267 12265
12252 12269 12266
12266 12269 12268
12252 12251 12269
12253 12269 12251
12074 12267 12270
12270 12267 12268
12073 12074 12270
12271 12268 12269
12271 12269 12253
12270 12268 12271
12073 12270 12272
12272 12270 12271
12253 12273 12271
12272 12271 12273
12253 12255 12273
12255 12256 12273
12256 12272 12273
12073 12272 12274
12256 12274 12272
12073 12274 12094
12094 12274 12256
12275 12276 12277
12275 12277 12278
12279 12275 12278
12278 12277 12280
12279 12278 12281
12278 12280 12282
12281 12278 12282
12281 12282 12283
12282 12280 12284
12282 12284 12285
12285 12284 12286
12287 12282 12285
12287 12288 12282
12285 12286 12289
12287 12285 12289
12289 12286 12290
12287 12289 12291
12289 12290 12292
12291 12289 12292
12292 12290 12293
12291 12292 12294
12292 12293 12295
12294 12292 12295
12295 12293 12296
12294 12295 12297
12295 12296 12298
12297 12295 12298
12298 12296 12299
12297 12298 12300
12298 12299 12301
12300 12298 12301
12301 12299 12302
12300 12301 12303
12301 12302 12304
12303 12301 12304
12304 12302 12305
12303 12304 12306
12304 12305 12307
12306 12304 12307
12307 12305 12308
12306 12307 12309
12307 12308 12310
12309 12307 12310
12309 12310 12311
12310 12308 12312
12310 12313 12311
12310 12312 12314
12310 12314 12313
12314 12312 12315
12314 12315 12316
12313 12314 12316
12313 12316 12317
12318 12319 12320
12321 12318 12320
12322 12318 12321
12321 12320 12323
12323 12320 12324
12320 12325 12324
12320 12326 12325
12326 12327 12325
12326 12328 12327
12324 12325 12329
12327 12329 12325
12323 12324 12330
12321 12323 12331
12331 12323 12330
12324 12329 12332
12330 12324 12332
12333 12322 12321
12333 12334 12322
12322 12335 12318
12334 12335 12322
12336 12321 12331
12333 12321 12336
12331 12330 12337
12330 12332 12338
12337 12330 12338
12336 12331 12339
12339 12331 12337
12332 12329 12340
12332 12340 12341
12338 12332 12341
12342 12340 12329
12342 12343 12340
12327 12342 12329
12344 12342 12327
12342 12344 12343
12345 12343 12344
12344 12327 12346
12328 12346 12327
12345 12347 12343
12348 12343 12347
12337 12338 12349
12338 12341 12350
12349 12338 12350
12351 12337 12349
12339 12337 12351
12352 12344 12346
12328 12353 12346
12353 12352 12346
12345 12344 12354
12352 12354 12344
12352 12355 12354
12353 12356 12352
12352 12356 12355
12354 12357 12345
12354 12355 12357
12355 12356 12358
12355 12358 12359
12357 12355 12359
12356 12360 12358
12357 12359 12361
12356 12362 12360
12353 12362 12356
12362 12363 12360
12364 12357 12361
12345 12357 12364
12364 12361 12365
12366 12362 12353
12366 12353 12328
12362 12367 12363
12366 12367 12362
12367 12368 12363
12369 12364 12365
12369 12365 12370
12345 12364 12371
12371 12364 12369
12367 12372 12368
12372 12288 12368
12373 12369 12370
12373 12370 12374
12345 12371 12375
12345 12375 12347
12371 12369 12376
12376 12369 12373
12375 12371 12376
12374 12377 12373
12374 12378 12377
12379 12372 12367
12379 12367 12366
12347 12375 12380
12347 12380 12381
12380 12341 12381
12380 12382 12341
12382 12350 12341
12375 12383 12380
12383 12382 12380
12377 12384 12373
12376 12373 12384
12376 12384 12385
12375 12376 12386
12375 12386 12383
12376 12385 12386
12383 12386 12385
12377 12387 12384
12385 12384 12387
12387 12377 12388
12388 12377 12378
12388 12378 12389
12387 12388 12390
12387 12390 12391
12387 12391 12392
12385 12387 12392
12392 12391 12393
12385 12392 12394
12392 12393 12394
12383 12385 12395
12385 12394 12395
12393 12396 12394
12393 12397 12396
12395 12398 12383
12383 12398 12382
12394 12399 12395
12394 12396 12399
12395 12399 12398
12396 12400 12399
12398 12399 12400
12397 12401 12396
12396 12401 12400
12397 12402 12401
12403 12401 12402
12404 12382 12398
12398 12400 12404
12403 12405 12401
12405 12400 12401
12404 12406 12382
12382 12406 12350
12400 12407 12404
12407 12406 12404
12406 12408 12350
12349 12350 12408
12409 12405 12403
12409 12403 12410
12409 12410 12411
12405 12412 12400
12400 12412 12407
12405 12409 12413
12405 12413 12412
12409 12411 12414
12414 12413 12409
12407 12415 12406
12406 12415 12408
12416 12349 12408
12351 12349 12416
12412 12417 12407
12412 12413 12417
12418 12414 12411
12418 12411 12419
12420 12418 12419
12420 12419 12421
12418 12420 12422
12418 12422 12423
12414 12418 12423
12424 12423 12422
12414 12425 12413
12414 12423 12425
12424 12426 12423
12426 12425 12423
12413 12425 12427
12427 12417 12413
12426 12427 12425
12428 12426 12424
12428 12424 12429
12430 12427 12426
12430 12417 12427
12430 12426 12428
12431 12417 12430
12431 12430 12428
12432 12428 12429
12431 12428 12432
12432 12429 12433
12434 12432 12433
12434 12435 12432
12435 12431 12432
12435 12434 12436
12435 12436 12437
12438 12437 12436
12431 12439 12417
12407 12417 12439
12407 12439 12415
12431 12435 12440
12440 12435 12437
12441 12439 12431
12415 12439 12441
12441 12431 12440
12438 12442 12437
12443 12442 12438
12444 12440 12437
12444 12437 12442
12443 12445 12442
12444 12442 12445
12446 12445 12443
12446 12443 12447
12446 12447 12448
12449 12445 12446
12449 12444 12445
12444 12450 12440
12441 12440 12450
12415 12441 12451
12415 12451 12408
12416 12408 12451
12452 12451 12441
12441 12450 12452
12452 12416 12451
12444 12453 12450
12453 12452 12450
12444 12449 12453
12454 12416 12452
12453 12454 12452
12454 12351 12416
12446 12448 12455
12449 12446 12455
12449 12456 12453
12454 12453 12456
12457 12351 12454
12454 12456 12457
12457 12339 12351
12458 12339 12457
12458 12457 12456
12458 12336 12339
12449 12459 12456
12449 12455 12459
12456 12459 12460
12460 12459 12455
12458 12456 12460
12461 12455 12448
12460 12455 12461
12461 12448 12462
12462 12463 12461
12463 12460 12461
12462 12464 12463
12465 12336 12458
12465 12333 12336
12466 12458 12460
12463 12466 12460
12465 12458 12466
12467 12463 12464
12467 12464 12468
12469 12467 12468
12470 12466 12463
12470 12463 12467
12465 12466 12470
12469 12471 12467
12471 12470 12467
12472 12471 12469
12473 12465 12470
12471 12473 12470
12472 12474 12471
12474 12473 12471
12475 12474 12472
12473 12476 12465
12476 12333 12465
12475 12477 12474
12478 12477 12475
12478 12479 12477
12474 12480 12473
12477 12480 12474
12480 12476 12473
12479 12481 12477
12477 12481 12480
12481 12476 12480
12479 12482 12481
12482 12483 12481
12481 12483 12476
12482 12484 12483
12476 12485 12333
12483 12485 12476
12333 12485 12334
12484 12486 12483
12483 12486 12485
12334 12485 12486
12484 12487 12486
12488 12486 12487
12334 12486 12488
12488 12487 12489
12490 12488 12489
12490 12334 12488
12490 12489 12491
12490 12492 12334
12334 12492 12335
12493 12490 12491
12493 12491 12494
12495 12493 12494
12496 12335 12492
12318 12335 12496
12497 12492 12490
12497 12490 12493
12496 12492 12497
12495 12498 12493
12498 12497 12493
12318 12496 12499
12318 12499 12500
12328 12500 12499
12501 12328 12499
12496 12501 12499
12501 12366 12328
12496 12502 12501
12502 12366 12501
12497 12502 12496
12502 12379 12366
12497 12503 12502
12503 12379 12502
12498 12503 12497
12503 12504 12379
12498 12504 12503
12504 12372 12379
12495 12505 12498
12498 12505 12504
12495 12506 12505
12504 12507 12372
12505 12507 12504
12372 12507 12288
12507 12508 12288
12506 12509 12505
12505 12509 12507
12507 12509 12508
12506 12510 12509
12509 12511 12508
12509 12510 12511
12512 12513 12514
12512 12515 12513
12516 12515 12512
12513 12515 12517
12513 12517 12518
12518 12517 12519
12518 12519 12520
12515 12521 12517
12521 12519 12517
12516 12522 12515
12515 12522 12521
12523 12522 12516
12523 12516 12524
12525 12521 12522
12525 12522 12523
12526 12523 12524
12526 12524 12527
12528 12526 12527
12529 12523 12526
12529 12525 12523
12528 12530 12526
12530 12529 12526
12531 12530 12528
12532 12521 12525
12521 12532 12519
12532 12525 12533
12533 12525 12529
12519 12532 12534
12534 12532 12533
12519 12534 12535
12520 12519 12535
12520 12535 12536
12536 12535 12537
12536 12537 12538
12537 12539 12538
12535 12534 12540
12535 12540 12537
12537 12541 12539
12541 12542 12539
12537 12540 12543
12541 12537 12543
12541 12544 12542
12544 12545 12542
12541 12546 12544
12546 12541 12543
12544 12547 12545
12547 12544 12546
12547 12548 12545
12547 12549 12548
12547 12550 12549
12547 12551 12550
12546 12551 12547
12551 12552 12550
12551 12553 12552
12553 12554 12552
12546 12555 12551
12553 12551 12555
12556 12555 12546
12546 12543 12556
12556 12557 12555
12557 12553 12555
12553 12558 12554
12558 12559 12554
12543 12560 12556
12560 12557 12556
12557 12561 12553
12561 12558 12553
12558 12562 12559
12562 12563 12559
12543 12564 12560
12543 12540 12564
12560 12565 12557
12565 12561 12557
12561 12566 12558
12558 12566 12562
12567 12566 12561
12565 12567 12561
12562 12568 12563
12568 12569 12563
12570 12569 12568
12571 12562 12566
12567 12571 12566
12571 12572 12562
12572 12568 12562
12570 12568 12573
12574 12570 12573
12575 12568 12572
12575 12573 12568
12575 12572 12576
12577 12572 12571
12577 12571 12567
12577 12576 12572
12574 12573 12578
12578 12579 12574
12578 12580 12579
12577 12567 12581
12581 12567 12565
12578 12573 12582
12575 12582 12573
12577 12583 12576
12577 12581 12583
12578 12584 12580
12584 12578 12582
12585 12584 12582
12584 12586 12580
12585 12586 12584
12580 12586 12587
12580 12587 12588
12589 12588 12587
12582 12575 12590
12582 12590 12585
12586 12585 12591
12586 12591 12587
12587 12591 12592
12589 12587 12593
12587 12592 12593
12594 12589 12593
12592 12594 12593
12594 12595 12589
12596 12595 12594
12594 12592 12596
12596 12597 12595
12590 12575 12598
12585 12590 12598
12596 12599 12597
12600 12597 12599
12599 12601 12600
12599 12602 12601
12602 12603 12601
12602 12604 12603
12605 12604 12602
12599 12596 12606
12606 12602 12599
12605 12602 12607
12602 12606 12607
12605 12607 12608
12605 12608 12609
12607 12610 12608
12607 12606 12610
12611 12609 12608
12610 12611 12608
12611 12612 12609
12613 12612 12611
12606 12596 12614
12592 12614 12596
12606 12615 12610
12606 12614 12615
12613 12611 12616
12617 12613 12616
12611 12610 12618
12610 12615 12618
12611 12618 12616
12619 12614 12592
12615 12614 12619
12620 12618 12615
12618 12620 12616
12620 12615 12619
12619 12592 12621
12621 12592 12591
12621 12591 12622
12585 12622 12591
12623 12619 12621
12623 12621 12622
12624 12620 12619
12623 12624 12619
12625 12616 12620
12625 12620 12624
12585 12626 12622
12585 12598 12626
12623 12622 12627
12626 12627 12622
12623 12628 12624
12628 12625 12624
12629 12616 12625
12617 12616 12629
12630 12626 12598
12575 12630 12598
12575 12631 12630
12626 12630 12632
12626 12632 12627
12630 12631 12632
12623 12627 12633
12627 12632 12633
12628 12623 12633
12631 12633 12632
12631 12634 12633
12631 12635 12634
12636 12635 12631
12575 12637 12631
12636 12631 12637
12575 12576 12637
12638 12636 12637
12638 12639 12636
12638 12640 12639
12641 12637 12576
12641 12638 12637
12583 12641 12576
12638 12642 12640
12641 12642 12638
12643 12640 12642
12583 12644 12641
12641 12644 12642
12583 12581 12644
12642 12644 12645
12645 12644 12581
12643 12642 12646
12642 12645 12646
12643 12646 12647
12646 12645 12647
12645 12581 12648
12647 12645 12648
12581 12565 12648
12649 12648 12565
12647 12648 12649
12649 12565 12560
12564 12649 12560
12643 12647 12650
12643 12650 12651
12651 12650 12652
12652 12650 12647
12653 12651 12652
12653 12652 12654
12655 12654 12652
12654 12655 12656
12656 12655 12657
12652 12647 12658
12658 12647 12649
12658 12655 12652
12658 12649 12659
12564 12659 12649
12655 12658 12659
12659 12564 12660
12564 12540 12660
12660 12540 12534
12659 12660 12661
12655 12659 12661
12660 12534 12662
12661 12660 12662
12534 12533 12662
12663 12655 12661
12661 12662 12663
12662 12533 12664
12662 12664 12663
12533 12529 12664
12663 12665 12655
12664 12665 12663
12655 12665 12657
12666 12664 12529
12530 12666 12529
12664 12667 12665
12666 12667 12664
12665 12667 12668
12666 12668 12667
12665 12668 12669
12657 12665 12669
12657 12669 12670
12657 12670 12671
12670 12672 12671
12666 12673 12668
12530 12673 12666
12530 12674 12673
12531 12674 12530
12674 12675 12673
12531 12675 12674
12531 12676 12675
12677 12678 12679
12677 12680 12678
12677 12681 12680
12682 12678 12680
12682 12683 12678
12684 12683 12682
12684 12682 12685
12685 12686 12684
12686 12687 12684
12685 12688 12686
12685 12689 12688
12685 12690 12689
12691 12680 12681
12691 12681 12692
12693 12682 12680
12693 12680 12691
12692 12694 12691
12692 12695 12694
12696 12682 12693
12696 12685 12682
12697 12693 12691
12697 12691 12694
12696 12693 12697
12695 12698 12694
12698 12697 12694
12695 12699 12698
12685 12700 12690
12690 12700 12701
12702 12685 12696
12702 12700 12685
12696 12697 12703
12702 12696 12703
12704 12698 12699
12704 12699 12705
12698 12706 12697
12703 12697 12706
12707 12704 12705
12707 12705 12708
12709 12704 12707
12710 12698 12704
12709 12710 12704
12710 12706 12698
12711 12710 12709
12703 12706 12712
12712 12706 12710
12711 12713 12710
12712 12710 12713
12714 12713 12711
12714 12715 12713
12715 12712 12713
12716 12715 12714
12717 12703 12712
12702 12703 12717
12718 12702 12717
12717 12712 12719
12715 12719 12712
12718 12717 12719
12716 12720 12715
12720 12716 12721
12722 12719 12715
12718 12719 12722
12720 12722 12715
12720 12721 12723
12723 12721 12724
12725 12722 12720
12725 12718 12722
12723 12725 12720
12718 12726 12702
12726 12700 12702
12723 12724 12727
12727 12724 12728
12727 12728 12729
12729 12728 12730
12729 12730 12731
12729 12731 12732
12729 12732 12733
12733 12727 12729
12734 12733 12732
12734 12735 12733
12735 12734 12736
12733 12737 12727
12733 12735 12737
12723 12727 12738
12738 12727 12737
12723 12738 12739
12725 12723 12739
12738 12737 12740
12739 12738 12740
12739 12741 12725
12741 12739 12740
12737 12742 12740
12742 12737 12735
12735 12736 12743
12743 12736 12744
12741 12745 12725
12725 12745 12718
12746 12718 12745
12741 12746 12745
12746 12726 12718
12741 12740 12747
12747 12740 12742
12748 12742 12735
12748 12735 12743
12743 12744 12749
12744 12750 12749
12751 12743 12749
12751 12748 12743
12750 12752 12749
12752 12751 12749
12746 12753 12726
12726 12753 12700
12741 12754 12746
12747 12754 12741
12747 12742 12755
12755 12742 12748
12756 12752 12750
12756 12750 12757
12758 12756 12757
12746 12759 12753
12754 12759 12746
12759 12760 12753
12761 12700 12753
12760 12761 12753
12761 12701 12700
12762 12701 12761
12762 12761 12760
12762 12763 12701
12764 12763 12762
12762 12765 12764
12754 12766 12759
12766 12760 12759
12762 12767 12765
12767 12762 12760
12765 12767 12768
12765 12768 12769
12769 12768 12770
12769 12770 12771
12771 12770 12772
12771 12772 12773
12772 12774 12773
12772 12775 12774
12776 12774 12775
12776 12775 12777
12778 12767 12760
12778 12760 12779
12780 12778 12779
12766 12779 12760
12779 12781 12780
12779 12766 12781
12782 12780 12781
12783 12781 12766
12783 12766 12754
12747 12783 12754
12784 12783 12747
12784 12781 12783
12784 12747 12755
12782 12781 12785
12784 12785 12781
12785 12786 12782
12787 12784 12755
12755 12748 12787
12785 12788 12786
12789 12786 12788
12790 12785 12784
12787 12790 12784
12790 12788 12785
12748 12791 12787
12787 12791 12790
12748 12751 12791
12791 12751 12792
12790 12791 12792
12751 12752 12792
12789 12788 12793
12793 12794 12789
12795 12788 12790
12795 12793 12788
12790 12792 12795
12796 12793 12795
12796 12794 12793
12796 12795 12792
12797 12792 12752
12796 12792 12797
12797 12752 12756
12798 12794 12796
12798 12799 12794
12800 12796 12797
12800 12797 12756
12800 12798 12796
12801 12799 12798
12801 12802 12799
12803 12801 12798
12803 12798 12800
12804 12800 12756
12758 12804 12756
12805 12800 12804
12805 12804 12758
12805 12803 12800
12805 12758 12806
12807 12805 12806
12806 12808 12807
12809 12807 12808
12810 12801 12803
12810 12811 12801
12811 12802 12812
12803 12805 12813
12805 12807 12813
12809 12814 12807
12815 12814 12809
12803 12813 12816
12816 12810 12803
12807 12817 12813
12817 12816 12813
12807 12814 12817
12815 12818 12814
12819 12818 12815
12820 12810 12816
12817 12820 12816
12814 12821 12817
12814 12818 12821
12821 12820 12817
12819 12822 12818
12823 12822 12819
12820 12824 12810
12824 12825 12810
12821 12826 12820
12824 12820 12826
12818 12827 12821
12818 12822 12827
12827 12826 12821
12823 12828 12822
12828 12827 12822
12829 12828 12823
12829 12830 12828
12831 12830 12829
12824 12832 12825
12832 12833 12825
12825 12833 12802
12832 12834 12833
12835 12832 12824
12824 12826 12835
12836 12834 12832
12835 12836 12832
12836 12837 12834
12838 12837 12836
12826 12839 12835
12839 12836 12835
12838 12836 12840
12839 12840 12836
12841 12838 12840
12841 12842 12838
12843 12842 12841
12826 12844 12839
12827 12844 12826
12845 12840 12839
12845 12841 12840
12846 12844 12827
12828 12846 12827
12847 12839 12844
12847 12845 12839
12846 12847 12844
12828 12848 12846
12828 12830 12848
12849 12847 12846
12845 12847 12849
12849 12846 12848
12850 12841 12845
12845 12849 12850
12843 12841 12851
12850 12851 12841
12849 12852 12850
12852 12851 12850
12853 12843 12851
12852 12853 12851
12853 12854 12843
12855 12849 12848
12849 12855 12852
12830 12856 12848
12855 12848 12856
12857 12854 12853
12857 12858 12854
12859 12853 12852
12855 12859 12852
12859 12857 12853
12860 12858 12857
12860 12861 12858
12862 12860 12857
12862 12857 12859
12859 12863 12862
12855 12864 12859
12864 12855 12856
12859 12864 12863
12861 12860 12865
12861 12865 12866
12865 12860 12867
12865 12867 12868
12869 12867 12863
12864 12856 12870
12863 12864 12870
12871 12870 12856
12830 12871 12856
12831 12871 12830
12872 12871 12831
12871 12872 12870
12872 12831 12873
12869 12863 12874
12869 12874 12875
12869 12875 12876
12868 12876 12877
12878 12868 12877
12878 12879 12868
12878 12880 12879
12875 12874 12881
12881 12874 12863
12863 12870 12882
12881 12863 12882
12870 12883 12882
12883 12881 12882
12883 12884 12881
12870 12885 12883
12886 12884 12883
12885 12886 12883
12885 12873 12886
12866 12880 12887
12888 12880 12866
12889 12890 12891
12889 12891 12892
12893 12894 12895
12893 12895 12896
12897 12898 12899
12897 12899 12900
12901 12902 12903
12901 12903 12904
12903 12905 12904
12903 12906 12905
12907 12908 12909
12907 12909 12910
12911 12912 12913
12911 12913 12914
12915 12916 12917
12915 12917 12918
12918 12917 12919
12918 12919 12920
12919 12921 12920
12919 12922 12921
12921 12922 12923
12921 12923 12924
12925 12926 12927
12925 12927 12928
12929 12930 12931
12929 12931 12932
12932 12931 12933
12932 12933 12934
12934 12933 12935
12934 12935 12936
12937 12938 12939
12937 12939 12940
12941 12942 12937
12941 12937 12943
12944 12945 12946
12944 12946 12947
12948 12949 12950
12948 12951 12949
12952 12951 12948
12952 12953 12951
12954 12953 12952
12954 12952 12955
12956 12954 12955
12956 12957 12954
12958 12957 12956
12958 12956 12959
12960 12958 12959
12960 12961 12958
12962 12961 12960
12962 12960 12963
12964 12962 12963
12964 12965 12962
12966 12965 12964
12966 12967 12965
12968 12964 12963
12966 12964 12968
12969 12967 12966
12969 12970 12967
12971 12970 12969
12972 12971 12969
12971 12973 12970
12966 12974 12969
12972 12969 12974
12975 12973 12971
12975 12976 12973
12977 12976 12975
12966 12978 12974
12978 12966 12968
12979 12975 12971
12979 12971 12972
12977 12975 12980
12980 12975 12979
12978 12981 12974
12972 12974 12981
12982 12977 12980
12982 12983 12977
12984 12983 12982
12978 12968 12985
12978 12986 12981
12985 12986 12978
12985 12968 12987
12985 12987 12988
12968 12963 12987
12963 12989 12987
12989 12988 12987
12963 12990 12989
12989 12990 12991
12989 12991 12992
12988 12989 12992
12991 12993 12992
12991 12994 12993
12993 12994 12995
12993 12996 12992
12988 12992 12996
12993 12995 12997
12996 12993 12997
12995 12998 12997
12995 12999 12998
12998 12999 13000
12996 12997 13001
12998 13001 12997
12998 13000 13002
13003 13002 13000
13003 13004 13002
13004 13005 13002
13006 12998 13002
12998 13006 13001
13005 13007 13002
13006 13002 13007
13008 13006 13007
13007 13005 13009
13007 13009 13010
13007 13010 13011
13008 13007 13011
13012 13008 13011
13013 13008 13012
13013 13014 13008
13015 13008 13014
13008 13016 13006
13015 13016 13008
13016 13001 13006
13016 13015 13017
13016 13018 13001
13016 13017 13018
13018 12996 13001
13019 13018 13017
13018 12988 12996
13019 13020 13018
13018 13020 12988
13019 13021 13020
12988 13020 13021
12988 13021 12985
13019 13022 13021
12985 13021 12986
13022 12986 13021
13022 13023 12986
12986 13023 13024
12986 13024 12981
13025 12981 13024
13025 13024 13026
13027 13025 13026
12972 12981 13025
13027 13028 13025
13028 12972 13025
13029 13028 13027
13028 13030 12972
13030 12979 12972
12979 13030 13031
12980 12979 13031
13032 13030 13028
13032 13031 13030
13033 12980 13031
13032 13033 13031
13033 12982 12980
13029 13034 13028
13034 13032 13028
13035 12982 13033
13032 13035 13033
13029 13036 13034
13029 13037 13036
13034 13038 13032
13032 13038 13035
13034 13036 13038
13036 13039 13038
13040 13036 13037
13036 13040 13039
13040 13037 13041
13042 13040 13041
13042 13039 13040
13042 13041 13043
13035 13044 12982
12984 12982 13044
13038 13045 13035
13045 13044 13035
13045 13038 13039
13046 12984 13044
13045 13046 13044
13046 13047 12984
13048 13047 13046
13046 13045 13049
13045 13039 13049
13048 13046 13050
13046 13049 13050
13051 13048 13050
13049 13051 13050
13051 13052 13048
13039 13053 13049
13049 13053 13051
13054 13052 13051
13054 13055 13052
13056 13055 13054
13039 13057 13053
13042 13057 13039
13051 13053 13058
13051 13058 13054
13059 13054 13058
13059 13058 13060
13053 13060 13058
13053 13057 13060
13042 13060 13057
13056 13054 13061
13059 13061 13054
13062 13056 13061
13062 13061 13063
13063 13061 13059
13064 13062 13063
13064 13063 13065
13065 13063 13066
13066 13063 13059
13067 13065 13066
13067 13066 13068
13069 13068 13066
13069 13066 13059
13069 13070 13068
13071 13070 13069
13059 13071 13069
13071 13072 13070
13059 13073 13071
13059 13060 13073
13074 13072 13071
13071 13073 13074
13074 13075 13072
13076 13075 13074
13076 13077 13075
13078 13077 13076
13078 13079 13077
13080 13079 13078
13080 13081 13079
13081 13080 13082
13081 13082 13083
13073 13060 13084
13042 13084 13060
13043 13084 13042
13074 13073 13085
13073 13084 13085
13074 13085 13086
13085 13087 13086
13088 13085 13084
13043 13088 13084
13089 13087 13085
13088 13089 13085
13089 13090 13087
13091 13090 13089
13088 13043 13092
13089 13088 13092
13091 13089 13093
13089 13092 13093
13094 13091 13093
13094 13095 13091
13096 13094 13093
13096 13093 13092
13043 13097 13092
13097 13096 13092
13097 13098 13096
13098 13097 13099
13097 13043 13100
13097 13100 13101
13101 13100 13102
13102 13103 13101
13102 13104 13103
13104 13105 13103
13104 13106 13105
13106 13107 13105
13106 13108 13107
13108 13109 13107
13108 13110 13109
13111 13109 13110
13111 13112 13109
13113 13112 13111
13113 13114 13112
13115 13114 13113
13115 13116 13114
13117 13116 13115
13117 13118 13116
13119 13118 13117
13119 13117 13120
13121 13119 13120
13121 13122 13119
13122 13123 13119
13124 13123 13122
13124 13122 13125
13125 13122 13121
13125 13121 13126
13127 13128 13129
13127 13129 13130
13130 13129 13131
13130 13131 13132
13133 13134 13135
13133 13135 13136
13137 13136 13135
13137 13138 13136
13139 13138 13137
13139 13140 13138
13141 13140 13139
13141 13142 13140
13142 13141 13143
13142 13143 13144
13144 13143 13145
13144 13145 13146
13145 13147 13146
13145 13148 13147
13149 13147 13148
13149 13150 13147
13151 13150 13149
13151 13149 13152
13153 13154 13155
13153 13155 13156
13157 13158 13159
13157 13159 13160
13161 13162 13163
13161 13163 13164
13165 13166 13167
13165 13167 13168
13169 13170 13171
13169 13172 13170
13173 13172 13169
13173 13174 13172
13175 13176 13177
13175 13178 13176
13179 13178 13175
13179 13180 13178
13181 13182 13183
13181 13183 13184
13183 13185 13184
13183 13186 13185
13187 13188 13189
13187 13189 13190
13191 13192 13193
13191 13193 13194
13195 13196 13197
13195 13197 13198
13199 13200 13201
13199 13201 13202
13203 13204 13205
13203 13205 13206
13206 13205 13207
13206 13207 13208
13209 13210 13211
13209 13212 13210
13213 13212 13209
13213 13214 13212
13215 13216 13217
13215 13218 13216
13219 13218 13215
13219 13220 13218
13221 13222 13223
13221 13223 13224
13225 13226 13227
13225 13228 13226
13225 13229 13228
13225 13230 13229
13231 13232 13233
13231 13233 13234
13235 13236 13237
13235 13237 13238
13239 13240 13241
13242 13239 13241
13242 13241 13243
13244 13245 13246
13244 13246 13247
13248 13249 13250
13248 13250 13251
13252 13248 13251
13252 13253 13248
13254 13255 13256
13254 13256 13257
13258 13259 13260
13258 13260 13261
13262 13263 13264
13262 13264 13265
13266 13267 13268
13266 13268 13269
13270 13271 13272
13270 13272 13273
13274 13275 13276
13274 13276 13277
13278 13279 13280
13278 13280 13281
13281 13280 13282
13281 13282 13283
13283 13282 13284
13283 13284 13285
13286 13287 13288
13286 13288 13289
13290 13286 13289
13291 13292 13293
13294 13292 13291
13294 13295 13292
13296 13295 13294
13296 13294 13297
13296 13297 13298
13296 13298 13299
13298 13300 13299
13298 13301 13300
13301 13302 13300
13301 13303 13302
13303 13304 13302
13303 13305 13304
13304 13305 13306
13304 13306 13307
13304 13307 13308
13309 13310 13311
13312 13310 13309
13312 13313 13310
13314 13313 13312
13314 13315 13313
13315 13314 13316
13315 13316 13317
13317 13316 13318
13317 13318 13319
13320 13319 13318
13320 13318 13321
13320 13321 13322
13320 13322 13323
13323 13322 13324
13323 13324 13325
13324 13326 13325
13324 13327 13326
13326 13327 13328
13329 13330 13331
13332 13329 13331
13332 13331 13333
13332 13333 13334
13332 13334 13335
13334 13336 13335
13334 13337 13336
13336 13337 13338
13336 13338 13339
13339 13338 13340
13339 13340 13341
13341 13340 13342
13341 13342 13343
13342 13344 13343
13342 13345 13344
13342 13346 13345
13346 13347 13345
13348 13349 13350
13348 13350 13351
13352 13348 13351
13352 13351 13353
13354 13352 13353
13354 13353 13355
13356 13354 13355
13356 13355 13357
13358 13356 13357
13358 13357 13359
13360 13358 13359
13360 13359 13361
13362 13360 13361
13362 13361 13363
13364 13362 13363
13365 13366 13367
13365 13368 13366
13368 13369 13366
13368 13370 13369
13371 13372 13373
13371 13374 13372
13374 13375 13372
13376 13377 13378
13379 13376 13378
13379 13378 13380
13379 13381 13376
13379 13382 13381
13383 13381 13382
13383 13382 13384
13384 13385 13383
13384 13386 13385
13387 13385 13386
13387 13386 13388
13389 13387 13388
13389 13388 13390
13391 13389 13390
13391 13390 13392
13393 13391 13392
13393 13392 13394
13395 13393 13394
13396 13397 13398
13396 13398 13399
13399 13398 13400
13401 13396 13399
13401 13402 13396
13401 13399 13403
13399 13400 13403
13401 13403 13404
13405 13404 13403
13405 13406 13404
13400 13407 13403
13400 13408 13407
13407 13408 13409
13406 13405 13410
13407 13409 13410
13406 13410 13411
13412 13410 13409
13413 13411 13410
13412 13413 13410
13413 13414 13411
13415 13414 13413
13412 13416 13413
13415 13413 13416
13412 13417 13416
13418 13415 13416
13417 13418 13416
13418 13419 13415
13417 13420 13418
13421 13419 13418
13420 13421 13418
13421 13422 13419
13420 13423 13421
13424 13422 13421
13423 13424 13421
13425 13426 13427
13425 13427 13428
13425 13428 13429
13425 13429 13430
13431 13432 13433
13431 13434 13432
13434 13435 13432
13434 13436 13435
13436 13437 13435
13436 13438 13437
13438 13439 13437
13438 13440 13439
13440 13441 13439
13440 13442 13441
13442 13443 13441
13442 13444 13443
13444 13445 13443
13444 13446 13445
13446 13447 13445
13446 13448 13447
13448 13449 13447
13450 13451 13452
13450 13452 13453
13453 13452 13454
13450 13453 13455
13450 13455 13456
13457 13456 13455
13457 13455 13458
13458 13455 13459
13453 13459 13455
13458 13459 13460
13453 13454 13461
13453 13461 13459
13462 13460 13459
13461 13462 13459
13462 13463 13460
13454 13464 13461
13461 13464 13462
13454 13465 13464
13464 13465 13466
13463 13462 13467
13464 13467 13462
13463 13467 13468
13464 13466 13469
13464 13469 13467
13469 13466 13470
13468 13467 13471
13469 13471 13467
13468 13471 13472
13469 13470 13473
13469 13473 13471
13473 13470 13474
13472 13471 13475
13473 13475 13471
13472 13475 13476
13473 13474 13477
13473 13477 13475
13477 13474 13478
13477 13478 13479
13480 13477 13479
13480 13475 13477
13476 13475 13480
13476 13480 13481
13482 13483 13484
13482 13485 13483
13485 13482 13486
13483 13485 13487
13483 13487 13488
13485 13486 13489
13489 13486 13490
13488 13487 13491
13488 13491 13492
13493 13487 13485
13491 13487 13493
13493 13485 13489
13491 13493 13494
13494 13493 13495
13495 13493 13489
13494 13495 13496
13489 13490 13497
13495 13489 13497
13497 13490 13498
13496 13495 13499
13497 13499 13495
13496 13499 13500
13501 13500 13499
13497 13498 13502
13497 13502 13499
13501 13499 13503
13502 13503 13499
13504 13502 13498
13502 13504 13503
13504 13498 13505
13506 13504 13505
13507 13501 13503
13504 13507 13503
13507 13508 13501
13506 13509 13504
13504 13509 13507
13510 13508 13507
13509 13510 13507
13510 13511 13508
13506 13512 13509
13509 13512 13510
13506 13513 13512
13512 13513 13514
13512 13514 13515
13512 13515 13516
13512 13516 13510
13511 13510 13516
13511 13516 13517
13518 13519 13520
13518 13520 13521
13521 13522 13518
13521 13523 13522
13521 13520 13524
13525 13523 13521
13521 13524 13526
13525 13521 13526
13526 13524 13527
13528 13525 13526
13526 13527 13529
13528 13526 13529
13529 13527 13530
13528 13529 13531
13529 13530 13531
13528 13531 13532
13531 13530 13533
13534 13532 13531
13531 13533 13534
13534 13535 13532
13533 13536 13534
13536 13535 13534
13533 13537 13536
13536 13537 13538
13536 13539 13535
13536 13538 13540
13540 13539 13536
13540 13541 13539
13542 13543 13544
13542 13544 13545
13546 13545 13544
13547 13542 13545
13546 13548 13545
13547 13545 13549
13548 13549 13545
13550 13547 13549
13548 13551 13549
13550 13549 13552
13551 13552 13549
13553 13550 13552
13551 13554 13552
13553 13552 13555
13554 13555 13552
13554 13556 13555
13557 13553 13555
13556 13558 13555
13557 13555 13558
13559 13557 13558
13556 13560 13558
13560 13559 13558
13559 13561 13557
13560 13562 13559
13563 13561 13559
13559 13562 13564
13563 13559 13565
13559 13564 13565
13566 13563 13565
13567 13565 13564
13566 13565 13568
13567 13568 13565
11307 13569 13570
13570 13569 13571
13570 13571 13572
13573 13571 13569
13572 13571 13574
13572 13574 13575
13575 13574 13576
13573 13577 13571
13571 13577 13574
13578 13577 13573
13574 13579 13576
13577 13579 13574
13579 13580 13576
13579 13581 13580
13578 13582 13577
13582 13578 13583
13577 13584 13579
13579 13584 13581
13577 13582 13584
13582 13583 13585
13584 13582 13585
13586 13585 13583
13586 13587 13585
13581 13584 13588
13584 13585 13588
13587 13588 13585
13581 13588 13589
13587 13590 13588
13591 13589 13588
13591 13588 13590
13592 13593 13594
13595 13592 13594
13596 13593 13592
13597 13592 13595
13597 13595 13598
13599 13597 13598
13600 13592 13597
13599 13600 13597
13596 13592 13601
13601 13592 13600
13599 13602 13600
13602 13601 13600
13603 13596 13601
13602 13603 13601
13603 13604 13596
13603 13605 13604
13603 13606 13605
13606 13603 13602
13606 13607 13605
13599 13608 13602
13606 13602 13608
13599 13609 13608
13610 13608 13609
13606 13611 13607
13608 13611 13606
13611 13612 13607
13610 13613 13608
13608 13613 13611
13610 13614 13613
13614 13611 13613
13610 13615 13614
13611 13616 13612
13614 13616 13611
13617 13612 13616
13618 13614 13615
13618 13615 13619
13620 13618 13619
13620 13619 13621
13620 13621 13622
13623 13616 13614
13623 13614 13618
13617 13616 13623
13620 13623 13618
13624 13617 13623
13620 13624 13623
13624 13625 13617
13626 13625 13624
13620 13622 13627
13627 13622 13628
13629 13624 13620
13626 13624 13629
13629 13620 13627
13626 13629 13630
13630 13629 13627
13626 13630 13631
13632 13631 13630
13630 13633 13632
13634 13627 13628
13630 13627 13634
13630 13634 13633
13634 13628 13635
13634 13635 13633
13636 13637 12617
13638 13637 13636
13636 12617 12629
13638 13636 13639
13640 13638 13639
13641 13636 12629
13639 13636 13641
13640 13639 13642
13639 13641 13642
12633 13640 13642
12628 12633 13642
12628 13642 13641
13641 12629 13643
12628 13641 13643
12629 12625 13643
12625 12628 13643
