byte offset: 0
first index: 41406
index count: 3762
topology: trianglelist
format: DXGI_FORMAT_R16_UINT

10302 10303 10304
10305 10302 10304
10305 10304 10306
10307 10302 10305
10307 10308 10302
10305 10306 10309
10307 10305 10309
10310 10308 10307
10310 10311 10308
10312 10311 10310
10312 10313 10311
10307 10314 10310
10314 10312 10310
10315 10313 10312
10315 10316 10313
10306 10317 10309
10306 10318 10317
10307 10309 10319
10307 10319 10314
10309 10320 10319
10309 10317 10320
10318 10321 10317
10318 10322 10321
10319 10320 10323
10319 10323 10314
10317 10324 10320
10317 10321 10324
10323 10320 10324
10314 10325 10312
10325 10315 10312
10322 10326 10321
10322 10327 10326
10328 10325 10314
10328 10314 10323
10321 10326 10329
10324 10321 10329
10327 10330 10326
10329 10326 10330
10327 10331 10330
10331 10332 10330
10331 10333 10332
10329 10330 10334
10334 10330 10332
10324 10329 10335
10335 10329 10334
10323 10324 10336
10336 10324 10335
10328 10337 10325
10325 10337 10315
10333 10338 10332
10333 10339 10338
10338 10339 10340
10323 10336 10341
10323 10341 10328
10334 10332 10342
10335 10334 10343
10343 10334 10342
10335 10343 10344
10343 10342 10344
10342 10345 10344
10336 10335 10346
10335 10344 10346
10342 10332 10347
10332 10338 10347
10336 10348 10341
10336 10346 10348
10349 10342 10347
10350 10328 10341
10351 10341 10348
10351 10350 10341
10350 10352 10328
10328 10352 10337
10344 10353 10346
10354 10353 10344
10355 10354 10344
10346 10356 10348
10346 10353 10356
10357 10348 10356
10357 10351 10348
10353 10358 10356
10357 10356 10358
10353 10359 10358
10360 10350 10351
10361 10352 10350
10360 10361 10350
10362 10337 10352
10361 10362 10352
10363 10351 10357
10363 10360 10351
10362 10364 10337
10364 10315 10337
10364 10365 10315
10365 10316 10315
10365 10366 10316
10367 10366 10365
10364 10367 10365
10367 10368 10366
10362 10369 10364
10364 10369 10367
10361 10370 10362
10362 10370 10369
10371 10368 10367
10371 10372 10368
10361 10373 10370
10360 10373 10361
10374 10369 10370
10373 10374 10370
10375 10367 10369
10375 10371 10367
10374 10375 10369
10376 10372 10371
10376 10377 10372
10378 10371 10375
10378 10376 10371
10374 10378 10375
10379 10377 10376
10379 10376 10378
10379 10380 10377
10381 10380 10379
10381 10382 10380
10383 10382 10381
10383 10384 10382
10381 10385 10383
10379 10386 10381
10381 10386 10385
10379 10378 10387
10379 10387 10386
10374 10388 10378
10387 10378 10388
10385 10386 10389
10385 10389 10390
10386 10387 10391
10387 10388 10391
10386 10391 10389
10390 10389 10392
10390 10392 10393
10389 10391 10394
10389 10394 10392
10388 10394 10391
10393 10392 10395
10394 10395 10392
10393 10395 10396
10388 10374 10397
10373 10397 10374
10388 10398 10394
10388 10397 10398
10394 10399 10395
10398 10399 10394
10396 10395 10400
10399 10400 10395
10396 10400 10401
10402 10397 10373
10360 10402 10373
10398 10397 10403
10402 10403 10397
10398 10404 10399
10398 10403 10404
10401 10400 10405
10401 10405 10406
10399 10407 10400
10399 10404 10407
10407 10405 10400
10408 10402 10360
10408 10360 10363
10409 10403 10402
10404 10403 10409
10409 10402 10408
10406 10405 10410
10406 10410 10411
10410 10412 10411
10408 10363 10413
10413 10363 10357
10407 10414 10405
10414 10410 10405
10404 10415 10407
10404 10409 10415
10416 10409 10408
10408 10413 10416
10407 10417 10414
10407 10415 10417
10415 10409 10418
10416 10418 10409
10415 10418 10417
10414 10419 10410
10414 10417 10419
10417 10418 10420
10420 10418 10416
10413 10357 10421
10357 10358 10421
10421 10358 10422
10422 10358 10423
10413 10421 10424
10421 10422 10424
10425 10416 10413
10425 10413 10424
10426 10425 10424
10425 10427 10416
10420 10416 10427
10426 10427 10425
10417 10420 10428
10417 10428 10419
10427 10429 10420
10429 10428 10420
10430 10422 10423
10431 10430 10423
10426 10432 10427
10427 10432 10429
10433 10419 10428
10429 10433 10428
10434 10429 10432
10434 10432 10435
10426 10435 10432
10429 10434 10436
10429 10436 10433
10426 10437 10435
10426 10438 10437
10439 10433 10436
10433 10439 10419
10439 10436 10440
10439 10440 10441
10419 10439 10442
10439 10441 10442
10419 10442 10410
10410 10442 10412
10412 10442 10441
10412 10441 10443
10426 10444 10438
10426 10424 10444
10424 10445 10444
10444 10445 10438
10424 10422 10445
10438 10445 10446
10447 10438 10446
10422 10448 10445
10448 10422 10430
10448 10449 10445
10449 10446 10445
10449 10448 10430
10447 10446 10450
10449 10450 10446
10450 10451 10447
10451 10450 10449
10451 10452 10447
10449 10430 10453
10451 10449 10453
10454 10453 10430
10451 10453 10349
10455 10349 10453
10456 10451 10349
10451 10456 10452
10457 10452 10456
10457 10458 10452
10457 10459 10458
10456 10347 10457
10456 10460 10347
10338 10457 10347
10338 10461 10457
10457 10461 10459
10338 10340 10461
10340 10459 10461
10340 10462 10459
10342 10460 10463
10464 10465 10466
10466 10467 10464
10464 10468 10465
10468 10469 10465
10464 10467 10470
10470 10468 10464
10468 10471 10469
10471 10472 10469
10470 10473 10468
10473 10471 10468
10471 10474 10472
10474 10475 10472
10470 10467 10476
10476 10473 10470
10473 10477 10471
10477 10474 10471
10474 10478 10475
10478 10479 10475
10476 10480 10473
10480 10477 10473
10476 10467 10481
10481 10480 10476
10481 10482 10480
10482 10483 10480
10480 10483 10477
10482 10484 10483
10477 10485 10474
10485 10478 10474
10483 10485 10477
10484 10486 10483
10483 10486 10485
10484 10487 10486
10485 10488 10478
10486 10488 10485
10488 10479 10478
10487 10489 10486
10486 10489 10488
10489 10479 10488
10487 10490 10489
10490 10479 10489
10491 10479 10492
10493 10491 10492
10493 10492 10494
10495 10493 10494
10492 10479 10496
10494 10492 10496
10495 10494 10497
10498 10495 10497
10496 10479 10499
10499 10479 10500
10494 10496 10501
10501 10496 10499
10497 10494 10501
10502 10499 10500
10501 10499 10502
10502 10500 10503
10498 10497 10504
10505 10498 10504
10497 10501 10506
10506 10501 10502
10504 10497 10506
10507 10502 10503
10506 10502 10507
10507 10503 10508
10505 10504 10509
10509 10467 10505
10504 10506 10510
10510 10506 10507
10509 10504 10510
10511 10507 10508
10510 10507 10511
10511 10508 10512
10509 10510 10513
10513 10467 10509
10513 10510 10511
10514 10511 10512
10513 10511 10514
10514 10467 10513
10514 10512 10515
10515 10467 10514
10516 10517 10518
10518 10519 10516
10516 10520 10517
10520 10521 10517
10516 10519 10522
10522 10520 10516
10520 10523 10521
10523 10524 10521
10522 10525 10520
10525 10523 10520
10523 10526 10524
10526 10527 10524
10522 10519 10528
10528 10525 10522
10525 10529 10523
10529 10526 10523
10526 10530 10527
10530 10531 10527
10528 10532 10525
10532 10529 10525
10528 10519 10533
10533 10532 10528
10533 10534 10532
10534 10535 10532
10532 10535 10529
10534 10536 10535
10529 10537 10526
10537 10530 10526
10535 10537 10529
10536 10538 10535
10535 10538 10537
10536 10539 10538
10537 10540 10530
10538 10540 10537
10540 10531 10530
10539 10541 10538
10538 10541 10540
10541 10531 10540
10539 10542 10541
10542 10531 10541
10543 10531 10544
10545 10543 10544
10545 10544 10546
10547 10545 10546
10544 10531 10548
10546 10544 10548
10547 10546 10549
10550 10547 10549
10548 10531 10551
10551 10531 10552
10546 10548 10553
10553 10548 10551
10549 10546 10553
10554 10551 10552
10553 10551 10554
10554 10552 10555
10550 10549 10556
10557 10550 10556
10549 10553 10558
10558 10553 10554
10556 10549 10558
10559 10554 10555
10558 10554 10559
10559 10555 10560
10557 10556 10561
10561 10519 10557
10556 10558 10562
10562 10558 10559
10561 10556 10562
10563 10559 10560
10562 10559 10563
10563 10560 10564
10561 10562 10565
10565 10519 10561
10565 10562 10563
10566 10563 10564
10565 10563 10566
10566 10519 10565
10566 10564 10567
10567 10519 10566
10568 10569 10570
10570 10571 10568
10568 10572 10569
10572 10573 10569
10568 10571 10574
10574 10572 10568
10572 10575 10573
10575 10576 10573
10574 10577 10572
10577 10575 10572
10575 10578 10576
10578 10579 10576
10574 10571 10580
10580 10577 10574
10577 10581 10575
10581 10578 10575
10578 10582 10579
10582 10583 10579
10580 10584 10577
10584 10581 10577
10580 10571 10585
10585 10584 10580
10585 10586 10584
10586 10587 10584
10584 10587 10581
10586 10588 10587
10581 10589 10578
10589 10582 10578
10587 10589 10581
10588 10590 10587
10587 10590 10589
10588 10591 10590
10589 10592 10582
10590 10592 10589
10592 10583 10582
10591 10593 10590
10590 10593 10592
10593 10583 10592
10591 10594 10593
10594 10583 10593
10595 10583 10596
10597 10595 10596
10597 10596 10598
10599 10597 10598
10596 10583 10600
10598 10596 10600
10599 10598 10601
10602 10599 10601
10600 10583 10603
10603 10583 10604
10598 10600 10605
10605 10600 10603
10601 10598 10605
10606 10603 10604
10605 10603 10606
10606 10604 10607
10602 10601 10608
10609 10602 10608
10601 10605 10610
10610 10605 10606
10608 10601 10610
10611 10606 10607
10610 10606 10611
10611 10607 10612
10609 10608 10613
10613 10571 10609
10608 10610 10614
10614 10610 10611
10613 10608 10614
10615 10611 10612
10614 10611 10615
10615 10612 10616
10613 10614 10617
10617 10571 10613
10617 10614 10615
10618 10615 10616
10617 10615 10618
10618 10571 10617
10618 10616 10619
10619 10571 10618
10620 10621 10622
10622 10623 10620
10620 10624 10621
10624 10625 10621
10620 10623 10626
10626 10624 10620
10624 10627 10625
10627 10628 10625
10626 10629 10624
10629 10627 10624
10627 10630 10628
10630 10631 10628
10626 10623 10632
10632 10629 10626
10629 10633 10627
10633 10630 10627
10630 10634 10631
10634 10635 10631
10632 10636 10629
10636 10633 10629
10632 10623 10637
10637 10636 10632
10637 10638 10636
10638 10639 10636
10636 10639 10633
10638 10640 10639
10633 10641 10630
10641 10634 10630
10639 10641 10633
10640 10642 10639
10639 10642 10641
10640 10643 10642
10641 10644 10634
10642 10644 10641
10644 10635 10634
10643 10645 10642
10642 10645 10644
10645 10635 10644
10643 10646 10645
10646 10635 10645
10647 10635 10648
10649 10647 10648
10649 10648 10650
10651 10649 10650
10635 10652 10648
10650 10648 10652
10651 10650 10653
10654 10651 10653
10635 10655 10652
10655 10635 10656
10650 10652 10657
10657 10652 10655
10653 10650 10657
10658 10655 10656
10657 10655 10658
10658 10656 10659
10654 10653 10660
10661 10654 10660
10653 10657 10662
10662 10657 10658
10660 10653 10662
10663 10658 10659
10662 10658 10663
10663 10659 10664
10661 10660 10665
10665 10623 10661
10660 10662 10666
10666 10662 10663
10665 10660 10666
10667 10663 10664
10666 10663 10667
10667 10664 10668
10665 10666 10669
10669 10623 10665
10669 10666 10667
10670 10667 10668
10669 10667 10670
10670 10623 10669
10670 10668 10671
10671 10623 10670
10672 10673 10674
10674 10675 10672
10672 10676 10673
10676 10677 10673
10672 10675 10678
10678 10676 10672
10676 10679 10677
10679 10680 10677
10678 10681 10676
10681 10679 10676
10679 10682 10680
10682 10683 10680
10678 10675 10684
10684 10681 10678
10681 10685 10679
10685 10682 10679
10682 10686 10683
10686 10687 10683
10684 10688 10681
10688 10685 10681
10684 10675 10689
10689 10688 10684
10689 10690 10688
10690 10691 10688
10688 10691 10685
10690 10692 10691
10685 10693 10682
10693 10686 10682
10691 10693 10685
10692 10694 10691
10691 10694 10693
10692 10695 10694
10693 10696 10686
10694 10696 10693
10696 10687 10686
10695 10697 10694
10694 10697 10696
10697 10687 10696
10695 10698 10697
10698 10687 10697
10699 10687 10700
10701 10699 10700
10701 10700 10702
10703 10701 10702
10700 10687 10704
10702 10700 10704
10703 10702 10705
10706 10703 10705
10704 10687 10707
10707 10687 10708
10702 10704 10709
10709 10704 10707
10705 10702 10709
10710 10707 10708
10709 10707 10710
10710 10708 10711
10706 10705 10712
10713 10706 10712
10705 10709 10714
10714 10709 10710
10712 10705 10714
10715 10710 10711
10714 10710 10715
10715 10711 10716
10713 10712 10717
10717 10675 10713
10712 10714 10718
10718 10714 10715
10717 10712 10718
10719 10715 10716
10718 10715 10719
10719 10716 10720
10717 10718 10721
10721 10675 10717
10721 10718 10719
10722 10719 10720
10721 10719 10722
10722 10675 10721
10722 10720 10723
10723 10675 10722
10724 10725 10726
10726 10727 10724
10724 10728 10725
10728 10729 10725
10724 10727 10730
10730 10728 10724
10728 10731 10729
10731 10732 10729
10730 10733 10728
10733 10731 10728
10731 10734 10732
10734 10735 10732
10730 10727 10736
10736 10733 10730
10733 10737 10731
10737 10734 10731
10734 10738 10735
10738 10739 10735
10736 10740 10733
10740 10737 10733
10736 10727 10741
10741 10740 10736
10741 10742 10740
10742 10743 10740
10740 10743 10737
10742 10744 10743
10737 10745 10734
10745 10738 10734
10743 10745 10737
10744 10746 10743
10743 10746 10745
10744 10747 10746
10745 10748 10738
10746 10748 10745
10748 10739 10738
10747 10749 10746
10746 10749 10748
10749 10739 10748
10747 10750 10749
10750 10739 10749
10751 10739 10752
10753 10751 10752
10753 10752 10754
10755 10753 10754
10752 10739 10756
10754 10752 10756
10755 10754 10757
10758 10755 10757
10756 10739 10759
10759 10739 10760
10754 10756 10761
10761 10756 10759
10757 10754 10761
10762 10759 10760
10761 10759 10762
10762 10760 10763
10758 10757 10764
10765 10758 10764
10757 10761 10766
10766 10761 10762
10764 10757 10766
10767 10762 10763
10766 10762 10767
10767 10763 10768
10765 10764 10769
10769 10727 10765
10764 10766 10770
10770 10766 10767
10769 10764 10770
10771 10767 10768
10770 10767 10771
10771 10768 10772
10769 10770 10773
10773 10727 10769
10773 10770 10771
10774 10771 10772
10773 10771 10774
10774 10727 10773
10774 10772 10775
10775 10727 10774
10776 10777 10778
10778 10779 10776
10776 10780 10777
10780 10781 10777
10776 10779 10782
10782 10780 10776
10780 10783 10781
10783 10784 10781
10782 10785 10780
10785 10783 10780
10783 10786 10784
10786 10787 10784
10782 10779 10788
10788 10785 10782
10785 10789 10783
10789 10786 10783
10786 10790 10787
10790 10791 10787
10788 10792 10785
10792 10789 10785
10788 10779 10793
10793 10792 10788
10793 10794 10792
10794 10795 10792
10792 10795 10789
10794 10796 10795
10789 10797 10786
10797 10790 10786
10795 10797 10789
10796 10798 10795
10795 10798 10797
10796 10799 10798
10797 10800 10790
10798 10800 10797
10800 10791 10790
10799 10801 10798
10798 10801 10800
10801 10791 10800
10799 10802 10801
10802 10791 10801
10803 10791 10804
10805 10803 10804
10805 10804 10806
10807 10805 10806
10804 10791 10808
10806 10804 10808
10807 10806 10809
10810 10807 10809
10808 10791 10811
10811 10791 10812
10806 10808 10813
10813 10808 10811
10809 10806 10813
10814 10811 10812
10813 10811 10814
10814 10812 10815
10810 10809 10816
10817 10810 10816
10809 10813 10818
10818 10813 10814
10816 10809 10818
10819 10814 10815
10818 10814 10819
10819 10815 10820
10817 10816 10821
10821 10779 10817
10816 10818 10822
10822 10818 10819
10821 10816 10822
10823 10819 10820
10822 10819 10823
10823 10820 10824
10821 10822 10825
10825 10779 10821
10825 10822 10823
10826 10823 10824
10825 10823 10826
10826 10779 10825
10826 10824 10827
10827 10779 10826
10828 10829 10830
10830 10831 10828
10828 10832 10829
10832 10833 10829
10828 10831 10834
10834 10832 10828
10832 10835 10833
10835 10836 10833
10834 10837 10832
10837 10835 10832
10835 10838 10836
10838 10839 10836
10834 10831 10840
10840 10837 10834
10837 10841 10835
10841 10838 10835
10838 10842 10839
10842 10843 10839
10840 10844 10837
10844 10841 10837
10840 10831 10845
10845 10844 10840
10845 10846 10844
10846 10847 10844
10844 10847 10841
10846 10848 10847
10841 10849 10838
10849 10842 10838
10847 10849 10841
10848 10850 10847
10847 10850 10849
10848 10851 10850
10849 10852 10842
10850 10852 10849
10852 10843 10842
10851 10853 10850
10850 10853 10852
10853 10843 10852
10851 10854 10853
10854 10843 10853
10855 10843 10856
10857 10855 10856
10857 10856 10858
10859 10857 10858
10856 10843 10860
10858 10856 10860
10859 10858 10861
10862 10859 10861
10860 10843 10863
10863 10843 10864
10858 10860 10865
10865 10860 10863
10861 10858 10865
10866 10863 10864
10865 10863 10866
10866 10864 10867
10862 10861 10868
10869 10862 10868
10861 10865 10870
10870 10865 10866
10868 10861 10870
10871 10866 10867
10870 10866 10871
10871 10867 10872
10869 10868 10873
10873 10831 10869
10868 10870 10874
10874 10870 10871
10873 10868 10874
10875 10871 10872
10874 10871 10875
10875 10872 10876
10873 10874 10877
10877 10831 10873
10877 10874 10875
10878 10875 10876
10877 10875 10878
10878 10831 10877
10878 10876 10879
10879 10831 10878
10880 10881 10882
10882 10883 10880
10880 10884 10881
10884 10885 10881
10880 10883 10886
10886 10884 10880
10884 10887 10885
10887 10888 10885
10886 10889 10884
10889 10887 10884
10887 10890 10888
10890 10891 10888
10886 10883 10892
10892 10889 10886
10889 10893 10887
10893 10890 10887
10890 10894 10891
10894 10895 10891
10892 10896 10889
10896 10893 10889
10892 10883 10897
10897 10896 10892
10897 10898 10896
10898 10899 10896
10896 10899 10893
10898 10900 10899
10893 10901 10890
10901 10894 10890
10899 10901 10893
10900 10902 10899
10899 10902 10901
10900 10903 10902
10901 10904 10894
10902 10904 10901
10904 10895 10894
10903 10905 10902
10902 10905 10904
10905 10895 10904
10903 10906 10905
10906 10895 10905
10907 10895 10908
10909 10907 10908
10909 10908 10910
10911 10909 10910
10908 10895 10912
10910 10908 10912
10911 10910 10913
10914 10911 10913
10912 10895 10915
10915 10895 10916
10910 10912 10917
10917 10912 10915
10913 10910 10917
10918 10915 10916
10917 10915 10918
10918 10916 10919
10914 10913 10920
10921 10914 10920
10913 10917 10922
10922 10917 10918
10920 10913 10922
10923 10918 10919
10922 10918 10923
10923 10919 10924
10921 10920 10925
10925 10883 10921
10920 10922 10926
10926 10922 10923
10925 10920 10926
10927 10923 10924
10926 10923 10927
10927 10924 10928
10925 10926 10929
10929 10883 10925
10929 10926 10927
10930 10927 10928
10929 10927 10930
10930 10883 10929
10930 10928 10931
10931 10883 10930
10932 10933 10934
10934 10935 10932
10932 10936 10933
10936 10937 10933
10932 10935 10938
10938 10936 10932
10936 10939 10937
10939 10940 10937
10938 10941 10936
10941 10939 10936
10939 10942 10940
10942 10943 10940
10938 10935 10944
10944 10941 10938
10941 10945 10939
10945 10942 10939
10942 10946 10943
10946 10947 10943
10944 10948 10941
10948 10945 10941
10944 10935 10949
10949 10948 10944
10949 10950 10948
10950 10951 10948
10948 10951 10945
10950 10952 10951
10945 10953 10942
10953 10946 10942
10951 10953 10945
10952 10954 10951
10951 10954 10953
10952 10955 10954
10953 10956 10946
10954 10956 10953
10956 10947 10946
10955 10957 10954
10954 10957 10956
10957 10947 10956
10955 10958 10957
10958 10947 10957
10959 10947 10960
10961 10959 10960
10961 10960 10962
10963 10961 10962
10960 10947 10964
10962 10960 10964
10963 10962 10965
10966 10963 10965
10964 10947 10967
10967 10947 10968
10962 10964 10969
10969 10964 10967
10965 10962 10969
10970 10967 10968
10969 10967 10970
10970 10968 10971
10966 10965 10972
10973 10966 10972
10965 10969 10974
10974 10969 10970
10972 10965 10974
10975 10970 10971
10974 10970 10975
10975 10971 10976
10973 10972 10977
10977 10935 10973
10972 10974 10978
10978 10974 10975
10977 10972 10978
10979 10975 10976
10978 10975 10979
10979 10976 10980
10977 10978 10981
10981 10935 10977
10981 10978 10979
10982 10979 10980
10981 10979 10982
10982 10935 10981
10982 10980 10983
10983 10935 10982
10984 10985 10986
10987 10985 10984
10986 10985 10988
10989 10985 10987
10988 10985 10990
10991 10985 10989
10990 10985 10992
10992 10985 10991
10993 10994 10995
10996 10994 10993
10995 10994 10997
10998 10994 10996
10997 10994 10999
11000 10994 10998
10999 10994 11001
11001 10994 11000
11002 11003 11004
11005 11003 11002
11004 11003 11006
11007 11003 11005
11006 11003 11008
11009 11003 11007
11008 11003 11010
11010 11003 11009
11011 11012 11013
11014 11012 11011
11013 11012 11015
11016 11012 11014
11015 11012 11017
11018 11012 11016
11017 11012 11019
11019 11012 11018
11020 11021 11022
11023 11021 11020
11022 11021 11024
11025 11021 11023
11024 11021 11026
11027 11021 11025
11026 11021 11028
11028 11021 11027
11029 11030 11031
11032 11030 11029
11031 11030 11033
11034 11030 11032
11033 11030 11035
11036 11030 11034
11035 11030 11037
11037 11030 11036
11038 11039 11040
11039 11041 11040
11038 11040 11042
11043 11039 11038
11042 11040 11044
11040 11041 11044
11042 11044 11045
11043 11046 11039
11046 11041 11039
11047 11046 11043
11045 11044 11048
11044 11041 11048
11045 11048 11049
11047 11050 11046
11050 11041 11046
11051 11050 11047
11049 11048 11052
11048 11041 11052
11049 11052 11053
11053 11054 11051
11051 11054 11050
11054 11041 11050
11053 11052 11054
11052 11041 11054
11055 11056 11057
11056 11058 11057
11055 11057 11059
11060 11056 11055
11059 11057 11061
11057 11058 11061
11059 11061 11062
11060 11063 11056
11063 11058 11056
11064 11063 11060
11062 11061 11065
11061 11058 11065
11062 11065 11066
11064 11067 11063
11067 11058 11063
11068 11067 11064
11066 11065 11069
11065 11058 11069
11066 11069 11070
11070 11071 11068
11068 11071 11067
11071 11058 11067
11070 11069 11071
11069 11058 11071
11072 11073 11074
11073 11075 11074
11072 11074 11076
11077 11073 11072
11076 11074 11078
11074 11075 11078
11076 11078 11079
11077 11080 11073
11080 11075 11073
11081 11080 11077
11079 11078 11082
11078 11075 11082
11079 11082 11083
11081 11084 11080
11084 11075 11080
11085 11084 11081
11083 11082 11086
11082 11075 11086
11083 11086 11087
11087 11088 11085
11085 11088 11084
11088 11075 11084
11087 11086 11088
11086 11075 11088
11089 11090 11091
11090 11092 11091
11089 11091 11093
11094 11090 11089
11093 11091 11095
11091 11092 11095
11093 11095 11096
11094 11097 11090
11097 11092 11090
11098 11097 11094
11096 11095 11099
11095 11092 11099
11096 11099 11100
11098 11101 11097
11101 11092 11097
11102 11101 11098
11100 11099 11103
11099 11092 11103
11100 11103 11104
11104 11105 11102
11102 11105 11101
11105 11092 11101
11104 11103 11105
11103 11092 11105
11106 11107 11108
11107 11109 11108
11106 11108 11110
11111 11107 11106
11110 11108 11112
11108 11109 11112
11110 11112 11113
11111 11114 11107
11114 11109 11107
11115 11114 11111
11113 11112 11116
11112 11109 11116
11113 11116 11117
11115 11118 11114
11118 11109 11114
11119 11118 11115
11117 11116 11120
11116 11109 11120
11117 11120 11121
11121 11122 11119
11119 11122 11118
11122 11109 11118
11121 11120 11122
11120 11109 11122
11123 11124 11125
11124 11126 11125
11123 11125 11127
11128 11124 11123
11127 11125 11129
11125 11126 11129
11127 11129 11130
11128 11131 11124
11131 11126 11124
11132 11131 11128
11130 11129 11133
11129 11126 11133
11130 11133 11134
11132 11135 11131
11135 11126 11131
11136 11135 11132
11134 11133 11137
11133 11126 11137
11134 11137 11138
11138 11139 11136
11136 11139 11135
11139 11126 11135
11138 11137 11139
11137 11126 11139
