byte offset: 0
first index: 1188
index count: 15324
topology: trianglelist
format: DXGI_FORMAT_R16_UINT

240 241 242
243 244 245
246 247 248
249 250 251
252 253 251
254 252 251
254 255 251
254 251 256
254 251 256
257 258 259
260 261 262
263 264 265
266 267 268
269 267 270
271 267 269
271 267 272
271 273 267
271 273 267
274 275 276
277 278 279
280 281 282
283 284 285
286 287 288
289 290 291
292 293 294
295 296 293
295 293 297
297 298 295
297 299 298
300 301 299
302 303 300
302 304 303
304 305 306
304 306 307
308 309 306
308 310 309
311 312 309
311 313 312
313 314 312
313 315 314
315 316 314
315 317 316
317 318 316
317 319 318
319 320 318
319 321 320
321 322 320
321 323 322
324 322 323
323 325 324
325 326 324
326 327 324
326 328 327
327 328 329
330 331 332
333 334 331
333 335 334
335 333 336
335 336 337
338 337 336
339 338 340
339 340 341
341 342 343
341 343 344
344 343 345
344 345 346
347 348 349
350 351 352
353 354 355
356 357 358
359 360 361
362 363 364
365 366 367
368 369 370
371 372 373
374 375 376
377 378 379
380 381 382
383 384 385
386 387 388
389 390 391
389 392 390
389 393 392
392 393 394
392 394 395
396 397 398
396 398 399
396 399 400
399 401 400
399 402 401
403 404 405
403 406 404
403 406 407
403 407 408
409 410 411
409 411 412
413 414 415
413 415 416
413 417 416
413 418 417
419 420 421
419 422 420
423 422 424
423 424 425
426 427 428
426 427 429
426 430 427
426 430 427
431 432 433
431 434 433
431 433 435
431 433 435
436 437 438
436 438 439
436 440 439
436 441 440
442 443 444
442 445 443
442 445 446
442 446 447
448 449 450
448 451 449
448 451 452
448 452 453
454 455 456
454 456 457
454 458 457
454 459 458
460 461 462
460 462 463
460 464 463
460 465 464
466 467 468
466 468 469
470 471 472
470 473 471
470 473 474
470 474 475
476 477 478
476 478 479
480 481 479
480 482 481
483 484 485
483 486 485
483 485 487
483 485 487
488 489 490
488 489 491
488 492 489
488 492 489
493 494 495
493 496 494
493 496 497
493 497 498
499 500 501
499 501 502
499 503 502
499 504 503
505 506 507
505 507 508
505 509 508
505 510 509
511 512 513
511 514 512
511 514 515
511 515 516
517 518 519
517 518 520
517 521 518
517 521 518
522 523 524
522 525 523
522 525 526
522 526 527
528 529 530
528 530 531
528 532 531
528 533 532
534 535 536
534 536 537
534 538 537
534 539 538
540 541 542
540 543 541
544 543 545
544 545 546
547 548 549
547 549 550
551 549 550
551 552 549
553 554 555
553 555 556
557 558 559
557 558 560
557 561 558
557 561 558
562 563 564
562 565 563
566 565 563
566 563 567
568 569 570
568 571 572
573 570 574
573 572 574
573 574 575
573 574 575
576 577 578
576 578 579
580 578 579
580 581 578
582 583 584
582 585 584
582 584 586
582 584 586
587 588 589
587 589 590
587 591 590
587 592 591
593 594 595
593 596 594
593 596 597
593 597 598
599 600 601
599 602 600
599 602 603
599 603 604
605 606 607
605 607 608
609 610 608
609 611 610
612 613 614
612 615 613
616 615 613
616 613 617
618 619 620
618 620 621
622 623 624
622 625 624
622 624 626
622 624 626
627 628 629
627 629 630
631 629 630
631 632 629
633 634 635
633 636 637
638 639 634
638 639 636
638 640 639
638 640 639
641 642 643
641 644 642
645 644 642
645 642 646
647 648 649
647 650 648
651 650 648
651 648 652
653 654 655
653 656 655
653 655 657
653 655 657
658 659 660
658 660 661
658 662 661
658 663 662
664 665 666
664 666 667
664 668 669
664 669 670
671 672 673
671 673 674
675 673 674
675 676 673
677 678 679
677 679 680
677 681 680
677 682 681
683 684 685
683 686 685
683 685 687
683 685 687
688 689 690
688 691 690
688 690 692
688 690 692
693 694 695
693 695 696
693 697 696
693 698 697
699 700 701
699 701 702
703 701 702
703 704 701
705 706 707
705 706 708
705 709 706
705 709 706
710 711 712
710 713 711
710 713 714
710 714 715
716 717 718
716 718 719
716 720 721
716 721 722
723 724 725
723 726 724
727 726 724
727 724 728
729 730 731
729 732 730
729 732 733
729 733 734
735 736 737
735 736 738
735 739 736
735 739 736
740 741 742
740 741 743
740 744 741
740 744 741
745 746 747
745 748 746
745 748 749
745 749 750
751 752 753
751 753 754
751 754 755
756 755 754
756 757 755
757 756 758
757 758 759
758 760 759
758 761 760
761 762 760
761 763 762
764 762 763
764 765 762
765 764 766
765 766 767
765 767 768
769 768 767
769 770 768
771 770 769
771 772 770
773 772 771
773 774 772
773 775 774
773 776 775
776 777 775
778 777 776
779 777 778
779 780 777
781 780 779
781 782 780
782 781 783
781 784 783
784 785 783
786 787 788
789 787 786
789 786 790
791 789 790
791 792 789
792 791 793
792 793 794
793 795 794
793 796 795
797 795 796
797 798 795
799 798 797
799 797 800
801 799 800
802 803 804
802 804 805
805 804 806
805 806 807
807 806 808
807 808 809
809 808 810
809 810 811
811 810 812
811 812 813
813 812 814
813 814 815
815 814 816
816 817 815
816 818 817
818 816 819
818 819 820
819 821 820
822 823 824
822 825 823
822 826 825
827 825 826
827 826 828
828 829 827
828 830 829
829 830 831
829 831 832
832 831 833
832 833 834
835 834 833
835 833 836
836 837 835
836 838 837
836 839 838
840 838 839
840 839 841
842 840 841
842 841 843
844 842 843
844 843 845
846 844 845
846 847 844
847 846 848
849 847 848
850 849 848
850 848 851
852 850 851
852 851 853
853 854 852
852 854 855
855 854 856
857 858 859
860 857 859
860 859 861
862 860 861
862 861 863
863 864 862
863 865 864
865 866 864
865 867 866
867 868 866
867 869 868
870 868 869
870 871 868
872 873 874
872 874 875
872 875 876
877 876 875
872 876 878
872 878 879
876 880 878
877 881 876
881 877 882
876 883 880
883 876 881
884 880 883
881 882 885
885 882 886
887 885 886
884 883 888
889 884 888
883 881 890
890 881 885
890 888 883
887 891 885
892 891 887
892 893 891
889 888 894
894 895 889
890 896 888
894 888 896
890 885 897
891 897 885
896 890 897
898 891 893
891 898 897
898 893 899
894 900 895
900 901 895
894 896 902
902 900 894
896 897 903
898 903 897
903 902 896
899 904 898
898 904 903
899 905 904
900 906 901
907 901 906
902 908 900
906 900 908
903 909 902
904 909 903
909 908 902
910 904 905
904 910 909
910 905 911
907 906 912
912 913 907
909 914 908
910 914 909
911 915 910
910 915 914
911 916 915
906 908 917
917 908 914
912 906 917
912 918 913
918 919 913
916 920 915
916 921 920
922 914 915
917 914 922
922 915 920
912 917 923
923 917 922
918 912 923
918 924 919
924 925 919
924 926 925
923 922 927
927 922 920
918 923 928
924 918 928
928 923 927
926 924 929
924 928 929
926 929 930
931 930 929
931 929 932
933 931 932
929 928 934
929 934 932
933 932 935
934 935 932
936 933 935
936 935 937
938 937 935
934 938 935
938 939 937
928 940 934
928 927 940
940 938 934
940 927 941
938 940 941
927 920 941
939 938 942
938 941 942
939 942 943
944 941 920
944 942 941
944 920 921
921 945 944
945 942 944
945 946 942
946 943 942
946 947 943
948 949 950
948 950 951
952 948 951
952 951 953
954 952 953
954 953 955
956 954 955
956 955 957
957 958 956
957 959 958
960 958 959
960 959 961
961 962 960
961 963 962
964 962 963
964 963 965
966 964 965
966 965 967
968 966 967
968 967 969
966 968 970
966 970 971
964 966 971
972 971 970
964 971 973
962 964 973
973 971 972
973 972 974
974 972 975
962 973 976
974 976 973
960 962 976
960 976 977
977 976 974
958 960 977
958 977 978
978 977 974
956 958 978
978 974 979
980 978 979
956 978 980
954 956 980
974 975 981
979 974 981
975 982 981
954 980 983
983 980 979
952 954 983
952 983 984
984 983 979
948 952 984
948 984 985
985 984 979
986 948 985
987 981 982
979 981 988
987 988 981
985 979 989
988 989 979
986 985 990
990 985 989
991 987 982
991 982 992
992 993 991
992 994 993
995 993 994
995 994 996
997 995 996
997 996 998
998 999 997
998 1000 999
1001 997 999
1001 1002 997
1002 995 997
1002 1001 1003
1002 1004 995
993 995 1004
1002 1003 1005
1002 1005 1004
1006 1005 1003
1006 1007 1005
1004 1005 1007
1007 1006 1008
1009 993 1004
1004 1007 1009
1007 1008 1010
1009 1007 1010
1011 1010 1008
1009 1012 993
991 993 1012
1011 1013 1010
1014 1013 1011
1015 1009 1010
1015 1012 1009
1013 1015 1010
1014 1016 1013
1015 1013 1016
1016 1014 1017
991 1012 1018
1015 1018 1012
1015 1016 1019
1018 1015 1019
1016 1017 1020
1019 1016 1020
1021 1020 1017
991 1018 1022
1022 987 991
1018 1019 1023
1023 1022 1018
1021 1024 1020
1025 1024 1021
1019 1020 1026
1023 1019 1026
1026 1020 1024
1027 987 1022
1023 1027 1022
1025 1028 1024
1028 1025 1029
1023 1026 1030
1030 1027 1023
1026 1024 1031
1031 1024 1028
1030 1026 1031
1027 1032 987
988 987 1032
1031 1028 1033
1030 1031 1033
1028 1029 1034
1034 1033 1028
1030 1035 1027
1032 1027 1035
988 1032 1036
988 1036 989
986 1034 1029
986 1029 950
990 1034 986
990 1037 1034
1034 1037 1033
1037 990 989
1030 1033 1038
1037 1038 1033
1035 1030 1038
1037 989 1039
1037 1039 1038
1036 1039 989
1032 1040 1036
1032 1035 1040
1035 1038 1041
1041 1038 1039
1041 1040 1035
1036 1042 1039
1041 1039 1042
1042 1040 1041
1036 1040 1042
1043 1044 1045
1045 1044 1046
1046 1044 1047
1048 1046 1047
1048 1047 1049
1050 1048 1049
1049 1047 1051
1050 1049 1052
1052 1049 1051
1053 1050 1052
1054 1050 1053
1052 1051 1055
1055 1051 1056
1053 1052 1057
1052 1055 1057
1054 1053 1058
1053 1057 1059
1058 1053 1059
1054 1058 1060
1054 1060 1061
1058 1059 1062
1062 1060 1058
1059 1057 1063
1064 1057 1055
1064 1063 1057
1065 1062 1059
1059 1063 1065
1055 1056 1066
1067 1064 1055
1067 1055 1066
1056 1068 1066
1056 1069 1068
1066 1068 1070
1066 1070 1067
1069 1071 1068
1071 1070 1068
1069 1072 1071
1072 1073 1071
1072 1074 1073
1071 1075 1070
1075 1071 1073
1076 1073 1074
1076 1074 1077
1077 1078 1076
1077 1079 1078
1078 1079 1080
1078 1080 1081
1081 1080 1082
1083 1076 1078
1083 1078 1081
1073 1076 1084
1083 1084 1076
1082 1085 1081
1082 1086 1085
1075 1073 1087
1073 1084 1087
1087 1084 1088
1089 1075 1087
1087 1088 1089
1083 1081 1090
1090 1081 1085
1084 1083 1091
1084 1091 1088
1083 1090 1092
1083 1092 1091
1085 1086 1093
1093 1086 1094
1093 1094 1095
1090 1085 1096
1096 1092 1090
1097 1085 1093
1097 1096 1085
1093 1095 1098
1097 1093 1098
1099 1098 1095
1099 1100 1098
1100 1097 1098
1100 1099 1101
1100 1102 1097
1100 1101 1103
1103 1102 1100
1097 1104 1096
1104 1097 1102
1105 1103 1101
1105 1101 1106
1107 1105 1106
1107 1106 1108
1108 1109 1107
1108 1110 1109
1111 1109 1110
1111 1110 1112
1111 1112 1113
1111 1113 1114
1114 1113 1115
1114 1115 1116
1116 1115 1117
1118 1103 1105
1119 1105 1107
1119 1118 1105
1120 1107 1109
1119 1107 1120
1120 1109 1121
1111 1121 1109
1119 1120 1122
1121 1122 1120
1118 1123 1103
1103 1123 1102
1118 1119 1124
1119 1122 1124
1125 1123 1118
1118 1124 1125
1102 1123 1126
1125 1126 1123
1102 1126 1127
1126 1128 1127
1104 1102 1127
1128 1104 1127
1128 1129 1104
1130 1129 1128
1096 1104 1129
1096 1129 1131
1129 1130 1131
1096 1131 1092
1130 1092 1131
1130 1132 1092
1132 1091 1092
1132 1133 1091
1088 1091 1133
1134 1126 1125
1126 1135 1128
1134 1135 1126
1128 1135 1136
1136 1135 1134
1130 1128 1137
1128 1136 1137
1138 1134 1125
1138 1125 1124
1139 1138 1124
1139 1124 1122
1139 1122 1140
1121 1140 1122
1140 1121 1141
1111 1141 1121
1111 1142 1141
1114 1142 1111
1140 1141 1143
1143 1141 1142
1139 1140 1144
1143 1144 1140
1134 1138 1145
1138 1139 1146
1138 1146 1145
1139 1144 1147
1139 1147 1146
1143 1148 1144
1148 1147 1144
1143 1142 1149
1149 1148 1143
1114 1150 1142
1150 1149 1142
1114 1151 1150
1151 1114 1116
1150 1152 1149
1151 1152 1150
1149 1153 1148
1152 1153 1149
1148 1154 1147
1153 1154 1148
1155 1146 1147
1156 1147 1154
1156 1155 1147
1153 1157 1154
1156 1154 1157
1152 1158 1153
1158 1157 1153
1151 1159 1152
1159 1158 1152
1151 1116 1160
1159 1151 1160
1159 1160 1161
1160 1116 1162
1116 1117 1162
1160 1162 1163
1163 1161 1160
1163 1164 1161
1165 1161 1164
1159 1166 1158
1161 1166 1159
1158 1167 1157
1166 1167 1158
1165 1168 1161
1168 1165 1169
1170 1157 1167
1156 1157 1170
1170 1167 1171
1166 1172 1167
1171 1167 1172
1161 1173 1166
1173 1161 1168
1173 1172 1166
1168 1169 1174
1174 1169 1175
1173 1168 1176
1176 1168 1174
1173 1177 1172
1176 1177 1173
1171 1172 1178
1178 1172 1177
1178 1179 1171
1180 1171 1179
1174 1175 1181
1181 1175 1182
1176 1174 1183
1183 1174 1181
1176 1184 1177
1184 1176 1183
1178 1177 1185
1185 1177 1184
1185 1184 1186
1181 1182 1187
1188 1187 1182
1180 1179 1189
1156 1180 1189
1156 1189 1190
1190 1155 1156
1184 1183 1191
1186 1184 1191
1191 1183 1192
1183 1181 1193
1187 1193 1181
1193 1192 1183
1188 1194 1187
1195 1194 1188
1187 1196 1193
1192 1193 1196
1196 1187 1194
1195 1197 1194
1197 1195 1198
1196 1194 1199
1199 1194 1197
1197 1198 1200
1201 1200 1198
1192 1202 1191
1186 1191 1202
1199 1203 1196
1192 1196 1203
1199 1197 1204
1200 1204 1197
1199 1205 1203
1205 1199 1204
1201 1206 1200
1200 1207 1204
1200 1206 1207
1206 1201 1208
1201 1209 1208
1209 1210 1208
1206 1211 1207
1211 1206 1208
1212 1204 1207
1211 1212 1207
1208 1210 1213
1214 1213 1210
1213 1214 1215
1216 1211 1208
1213 1216 1208
1213 1215 1217
1217 1216 1213
1218 1217 1215
1219 1211 1216
1211 1219 1212
1218 1220 1217
1220 1218 1221
1217 1222 1216
1222 1219 1216
1222 1217 1220
1222 1220 1223
1223 1219 1222
1224 1220 1221
1223 1220 1224
1221 1225 1224
1221 1226 1225
1226 1227 1225
1226 1228 1227
1227 1228 1229
1223 1230 1219
1223 1224 1231
1231 1230 1223
1224 1225 1232
1232 1231 1224
1233 1225 1227
1233 1232 1225
1234 1219 1230
1234 1212 1219
1227 1229 1235
1227 1236 1233
1227 1235 1236
1229 1237 1235
1229 1238 1237
1235 1237 1239
1235 1239 1236
1238 1240 1237
1239 1237 1240
1238 1241 1240
1240 1241 1242
1240 1242 1243
1244 1240 1243
1239 1240 1244
1244 1243 1245
1236 1239 1246
1244 1246 1239
1247 1244 1245
1244 1247 1246
1247 1245 1248
1249 1247 1248
1246 1247 1249
1249 1248 1250
1236 1246 1251
1251 1246 1249
1233 1236 1251
1233 1251 1252
1252 1232 1233
1251 1249 1253
1252 1251 1253
1252 1254 1232
1254 1231 1232
1255 1254 1252
1252 1253 1255
1253 1249 1256
1256 1249 1257
1256 1257 1258
1231 1254 1259
1255 1259 1254
1255 1253 1260
1253 1256 1260
1261 1256 1258
1260 1256 1261
1261 1258 1262
1255 1260 1263
1259 1255 1263
1264 1261 1262
1264 1262 1265
1260 1261 1266
1263 1260 1266
1266 1261 1264
1267 1264 1265
1267 1265 1268
1267 1268 1269
1266 1264 1270
1270 1264 1267
1263 1266 1271
1271 1266 1270
1267 1269 1272
1272 1269 1273
1270 1267 1274
1274 1267 1272
1272 1273 1275
1275 1273 1276
1277 1263 1271
1259 1263 1277
1271 1270 1278
1278 1270 1274
1274 1272 1279
1279 1272 1275
1275 1276 1280
1280 1276 1281
1277 1271 1282
1271 1278 1282
1259 1277 1283
1282 1283 1277
1278 1274 1284
1284 1274 1279
1279 1275 1285
1285 1275 1280
1282 1278 1286
1286 1278 1284
1284 1279 1287
1287 1279 1285
1285 1280 1288
1287 1285 1289
1284 1287 1290
1289 1290 1287
1284 1290 1286
1289 1291 1290
1292 1290 1291
1293 1282 1286
1290 1293 1286
1292 1293 1290
1293 1283 1282
1288 1280 1294
1288 1294 1295
1280 1281 1294
1296 1295 1294
1296 1294 1281
1296 1281 1297
1296 1298 1295
1296 1297 1299
1298 1296 1300
1296 1299 1300
1300 1299 1301
1298 1300 1302
1300 1301 1303
1302 1300 1303
1303 1301 1304
1302 1303 1305
1305 1306 1302
1303 1304 1307
1307 1305 1303
1307 1304 1308
1305 1309 1306
1309 1310 1306
1307 1311 1305
1311 1309 1305
1307 1308 1312
1312 1308 1313
1309 1314 1310
1314 1315 1310
1316 1311 1307
1316 1307 1312
1311 1317 1309
1317 1314 1309
1316 1317 1311
1314 1318 1315
1319 1315 1318
1317 1320 1314
1314 1320 1318
1318 1320 1321
1316 1322 1317
1322 1320 1317
1312 1323 1316
1322 1316 1323
1312 1313 1324
1312 1324 1323
1319 1318 1325
1321 1325 1318
1322 1326 1320
1321 1320 1326
1322 1323 1327
1327 1326 1322
1328 1324 1313
1328 1313 1329
1324 1330 1323
1327 1323 1330
1327 1331 1326
1326 1331 1321
1328 1332 1324
1324 1332 1330
1333 1328 1329
1332 1328 1333
1333 1329 1334
1331 1327 1335
1327 1330 1335
1336 1333 1334
1336 1334 1337
1338 1336 1337
1338 1337 1339
1336 1338 1340
1336 1340 1341
1341 1333 1336
1342 1341 1340
1332 1333 1343
1341 1343 1333
1344 1330 1332
1344 1332 1343
1345 1343 1341
1342 1345 1341
1345 1344 1343
1346 1345 1342
1346 1344 1345
1346 1342 1347
1348 1330 1344
1346 1348 1344
1348 1335 1330
1347 1349 1346
1347 1350 1349
1350 1351 1349
1352 1335 1348
1331 1335 1352
1346 1353 1348
1346 1349 1353
1352 1348 1353
1351 1354 1349
1354 1353 1349
1354 1351 1355
1356 1331 1352
1353 1356 1352
1356 1353 1354
1321 1331 1356
1357 1354 1355
1356 1354 1357
1356 1358 1321
1358 1356 1357
1359 1357 1355
1357 1359 1358
1359 1355 1360
1358 1361 1321
1321 1361 1325
1360 1362 1359
1360 1363 1362
1359 1364 1358
1361 1358 1364
1362 1364 1359
1361 1365 1325
1365 1361 1364
1363 1366 1362
1362 1366 1367
1363 1368 1366
1369 1366 1368
1362 1370 1364
1370 1365 1364
1362 1367 1370
1369 1371 1366
1371 1367 1366
1369 1372 1371
1373 1371 1372
1374 1373 1372
1365 1375 1325
1319 1325 1375
1319 1375 1376
1377 1365 1370
1367 1377 1370
1365 1378 1375
1378 1376 1375
1365 1377 1378
1371 1379 1367
1379 1371 1373
1374 1380 1373
1380 1374 1381
1382 1380 1381
1367 1383 1377
1378 1377 1383
1378 1384 1376
1385 1376 1384
1367 1379 1386
1383 1367 1386
1387 1379 1373
1373 1380 1387
1386 1379 1387
1382 1388 1380
1387 1380 1388
1388 1382 1389
1378 1383 1390
1390 1384 1378
1386 1391 1383
1391 1386 1387
1383 1391 1390
1385 1384 1392
1392 1393 1385
1388 1389 1394
1395 1394 1389
1388 1396 1387
1391 1387 1396
1394 1396 1388
1390 1397 1384
1392 1384 1397
1398 1390 1391
1398 1391 1396
1397 1390 1398
1392 1399 1393
1399 1400 1393
1392 1397 1401
1398 1401 1397
1399 1392 1401
1398 1396 1402
1394 1402 1396
1402 1403 1398
1403 1402 1394
1398 1403 1401
1403 1404 1401
1403 1394 1405
1404 1403 1405
1395 1405 1394
1406 1405 1395
1406 1407 1405
1404 1405 1407
1061 1407 1406
1061 1408 1407
1404 1407 1408
1060 1408 1061
1399 1401 1409
1401 1404 1409
1410 1408 1060
1062 1410 1060
1409 1411 1399
1399 1411 1400
1411 1412 1400
1413 1404 1408
1410 1413 1408
1414 1409 1404
1409 1414 1411
1414 1404 1413
1411 1415 1412
1415 1411 1414
1415 1416 1412
1413 1417 1414
1413 1410 1417
1415 1414 1417
1418 1410 1062
1418 1417 1410
1065 1418 1062
1415 1419 1416
1419 1415 1417
1419 1417 1418
1419 1420 1416
1421 1419 1418
1419 1421 1420
1421 1418 1065
1421 1422 1420
1065 1423 1421
1421 1423 1422
1065 1063 1423
1423 1424 1422
1425 1423 1063
1423 1425 1424
1425 1063 1064
1425 1426 1424
1064 1427 1425
1425 1427 1426
1064 1067 1427
1427 1428 1426
1429 1427 1067
1427 1429 1428
1429 1067 1070
1430 1428 1429
1431 1428 1430
1432 1429 1070
1430 1429 1432
1432 1070 1075
1089 1432 1075
1431 1430 1433
1433 1434 1431
1430 1432 1435
1432 1089 1435
1435 1433 1430
1089 1436 1435
1435 1437 1433
1436 1437 1435
1438 1436 1089
1088 1438 1089
1436 1439 1437
1438 1439 1436
1434 1433 1440
1433 1437 1441
1433 1441 1440
1442 1437 1439
1442 1441 1437
1438 1443 1439
1443 1442 1439
1434 1440 1444
1434 1444 1445
1444 1446 1445
1447 1438 1088
1448 1443 1438
1448 1438 1447
1088 1449 1447
1088 1133 1449
1443 1450 1442
1450 1443 1448
1451 1448 1447
1451 1447 1449
1452 1449 1133
1132 1452 1133
1453 1449 1452
1453 1451 1449
1454 1452 1132
1454 1453 1452
1455 1454 1132
1455 1132 1130
1130 1456 1455
1130 1137 1456
1137 1457 1456
1137 1136 1457
1455 1456 1458
1457 1458 1456
1454 1455 1459
1455 1458 1459
1460 1457 1136
1457 1461 1458
1457 1460 1461
1458 1461 1462
1459 1458 1463
1458 1462 1463
1460 1136 1464
1464 1136 1134
1134 1145 1464
1465 1460 1464
1465 1464 1145
1466 1461 1460
1466 1460 1465
1467 1465 1145
1467 1466 1465
1467 1145 1146
1155 1467 1146
1468 1467 1155
1467 1468 1466
1461 1466 1469
1461 1469 1462
1469 1466 1470
1466 1468 1470
1468 1155 1471
1190 1471 1155
1468 1471 1472
1470 1468 1472
1472 1471 1190
1473 1469 1470
1469 1473 1462
1472 1190 1474
1472 1474 1475
1190 1476 1474
1476 1475 1474
1190 1189 1476
1476 1477 1475
1478 1477 1476
1179 1476 1189
1179 1478 1476
1179 1479 1478
1480 1479 1179
1481 1480 1179
1481 1482 1480
1178 1481 1179
1483 1481 1178
1482 1481 1484
1483 1484 1481
1186 1484 1483
1186 1485 1484
1202 1485 1186
1486 1484 1485
1484 1486 1487
1484 1487 1488
1489 1488 1487
1490 1489 1487
1490 1491 1489
1202 1492 1485
1486 1485 1493
1492 1493 1485
1494 1492 1202
1192 1494 1202
1494 1192 1495
1495 1192 1203
1495 1203 1496
1496 1203 1205
1486 1497 1487
1486 1498 1497
1487 1497 1499
1486 1500 1498
1486 1493 1500
1487 1499 1490
1500 1493 1501
1500 1501 1502
1492 1501 1493
1502 1501 1503
1502 1503 1504
1505 1501 1492
1505 1503 1501
1494 1505 1492
1506 1504 1503
1506 1507 1504
1508 1505 1494
1494 1495 1508
1509 1503 1505
1509 1506 1503
1508 1509 1505
1507 1506 1510
1507 1510 1511
1508 1495 1512
1512 1495 1496
1509 1508 1513
1508 1512 1513
1506 1509 1514
1506 1514 1510
1509 1513 1514
1511 1510 1515
1511 1515 1516
1515 1517 1516
1510 1514 1518
1510 1518 1515
1519 1514 1513
1519 1518 1514
1513 1512 1520
1513 1520 1519
1512 1496 1521
1521 1520 1512
1522 1521 1496
1496 1205 1522
1522 1205 1523
1205 1204 1523
1523 1204 1212
1524 1523 1212
1522 1523 1524
1524 1212 1234
1522 1525 1521
1524 1525 1522
1234 1526 1524
1524 1526 1525
1525 1527 1521
1521 1527 1520
1234 1528 1526
1528 1234 1230
1526 1529 1525
1525 1529 1527
1528 1530 1526
1526 1530 1529
1528 1230 1531
1231 1531 1230
1231 1259 1531
1259 1283 1531
1532 1528 1531
1532 1531 1283
1528 1532 1530
1532 1283 1293
1532 1293 1533
1533 1530 1532
1292 1533 1293
1292 1534 1533
1533 1535 1530
1534 1535 1533
1535 1529 1530
1534 1536 1535
1535 1537 1529
1537 1535 1536
1527 1529 1537
1537 1536 1538
1527 1537 1539
1539 1537 1538
1520 1527 1539
1539 1538 1540
1520 1539 1541
1540 1541 1539
1541 1519 1520
1540 1542 1541
1541 1543 1519
1542 1543 1541
1543 1518 1519
1542 1544 1543
1543 1545 1518
1545 1543 1544
1545 1515 1518
1545 1544 1546
1547 1546 1544
1545 1548 1515
1548 1545 1546
1548 1549 1515
1549 1548 1550
1548 1546 1550
1549 1550 1551
1547 1552 1546
1550 1546 1552
1551 1550 1553
1550 1552 1553
1551 1553 1554
1555 1552 1547
1553 1552 1555
1555 1547 1556
1555 1556 1557
1554 1553 1558
1553 1555 1558
1554 1558 1559
1560 1555 1557
1558 1555 1560
1560 1557 1561
1446 1560 1561
1559 1558 1562
1558 1560 1562
1559 1562 1563
1446 1564 1560
1562 1560 1564
1563 1562 1564
1563 1564 1565
1444 1564 1446
1564 1566 1565
1564 1444 1566
1567 1566 1444
1567 1444 1440
1568 1566 1567
1569 1567 1440
1569 1568 1567
1569 1440 1441
1568 1569 1570
1571 1568 1570
1572 1571 1570
1441 1573 1569
1570 1569 1573
1441 1442 1573
1572 1570 1574
1570 1573 1574
1442 1575 1573
1575 1574 1573
1442 1450 1575
1576 1572 1574
1575 1576 1574
1576 1577 1572
1575 1450 1578
1450 1448 1578
1577 1576 1579
1577 1579 1580
1581 1580 1579
1576 1575 1582
1576 1582 1579
1575 1578 1582
1582 1581 1579
1581 1582 1578
1583 1578 1448
1581 1578 1583
1583 1448 1451
1581 1583 1584
1581 1584 1585
1584 1586 1585
1585 1587 1581
1585 1588 1587
1588 1585 1586
1588 1586 1589
1586 1590 1589
1583 1451 1591
1584 1583 1591
1591 1451 1453
1584 1591 1453
1586 1592 1590
1592 1593 1590
1584 1453 1594
1453 1454 1594
1454 1595 1594
1595 1584 1594
1454 1459 1595
1584 1595 1596
1595 1459 1596
1584 1596 1586
1459 1463 1596
1463 1586 1596
1463 1592 1586
1462 1592 1463
1592 1597 1593
1462 1597 1592
1598 1593 1597
1462 1599 1597
1598 1597 1599
1462 1473 1599
1599 1600 1598
1599 1473 1601
1473 1470 1601
1601 1470 1602
1599 1603 1600
1599 1601 1603
1604 1600 1603
1601 1602 1605
1605 1603 1601
1606 1605 1602
1604 1603 1607
1605 1607 1603
1607 1608 1604
1606 1609 1605
1609 1607 1605
1610 1609 1606
1607 1611 1608
1609 1611 1607
1610 1612 1609
1612 1611 1609
1613 1612 1610
1614 1608 1611
1612 1614 1611
1614 1615 1608
1615 1614 1616
1612 1616 1614
1617 1615 1616
1499 1617 1616
1490 1499 1616
1613 1618 1612
1612 1618 1616
1490 1616 1618
1618 1613 1491
1490 1619 1491
1618 1491 1619
1490 1618 1619
1620 1621 1622
1620 1623 1621
1624 1623 1620
1624 1625 1623
1626 1625 1624
1626 1627 1625
1628 1627 1626
1628 1629 1627
1628 1630 1629
1628 1631 1630
1632 1630 1631
1632 1631 1633
1633 1634 1632
1633 1635 1634
1636 1634 1635
1636 1635 1637
1638 1636 1637
1638 1637 1639
1639 1640 1638
1639 1641 1640
1641 1642 1640
1641 1643 1642
1644 1645 1646
1644 1647 1645
1647 1648 1645
1647 1649 1648
1650 1648 1649
1650 1651 1648
1652 1651 1650
1652 1653 1651
1654 1653 1652
1654 1655 1653
1655 1654 1656
1655 1656 1657
1657 1656 1658
1657 1658 1659
1660 1659 1658
1660 1661 1659
1662 1661 1660
1662 1663 1661
1663 1662 1664
1663 1664 1665
1666 1665 1664
1666 1667 1665
1668 1669 1670
1668 1671 1669
1672 1671 1668
1672 1673 1671
1673 1672 1674
1673 1674 1675
1676 1675 1674
1676 1677 1675
1677 1676 1678
1677 1678 1679
1680 1679 1678
1680 1681 1679
1681 1680 1682
1681 1682 1683
1683 1682 1684
1683 1684 1685
1686 1685 1684
1686 1687 1685
1687 1686 1688
1687 1688 1689
1690 1691 1692
1690 1693 1691
1691 1693 1694
1691 1694 1695
1696 1697 1698
1696 1698 1699
1699 1700 1696
1699 1701 1700
1702 1700 1701
1702 1701 1703
1704 1702 1703
1704 1703 1705
1705 1706 1704
1705 1707 1706
1708 1706 1707
1708 1707 1709
1710 1708 1709
1710 1709 1711
1712 1710 1711
1712 1711 1713
1713 1714 1712
1713 1715 1714
1716 1714 1715
1716 1715 1717
1718 1719 1720
1720 1719 1721
1721 1722 1720
1721 1723 1722
1722 1724 1720
1725 1722 1723
1722 1725 1724
1725 1723 1726
1724 1725 1727
1726 1727 1725
1726 1728 1727
1727 1728 1729
1724 1727 1730
1727 1729 1731
1731 1730 1727
1732 1731 1729
1733 1730 1731
1732 1733 1731
1733 1734 1730
1733 1732 1735
1736 1734 1733
1733 1735 1736
1736 1737 1734
1735 1738 1736
1736 1739 1737
1738 1739 1736
1740 1741 1742
1740 1742 1743
1744 1740 1743
1745 1743 1742
1744 1743 1746
1746 1747 1744
1745 1748 1743
1748 1746 1743
1746 1749 1747
1748 1749 1746
1749 1750 1747
1745 1751 1748
1748 1751 1749
1745 1752 1751
1749 1753 1750
1753 1749 1751
1754 1750 1753
1752 1755 1751
1753 1751 1755
1752 1756 1755
1754 1753 1757
1757 1753 1755
1758 1754 1757
1756 1759 1755
1757 1755 1759
1756 1760 1759
1761 1757 1759
1758 1757 1761
1762 1759 1760
1761 1759 1762
1762 1760 1763
1764 1762 1763
1761 1762 1765
1764 1765 1762
1766 1761 1765
1758 1761 1766
1764 1766 1765
1766 1767 1758
1758 1767 1768
1764 1769 1766
1767 1766 1769
1764 1770 1769
1767 1769 1771
1771 1769 1770
1767 1771 1768
1771 1770 1772
1768 1771 1772
1768 1772 1773
1774 1775 1776
1774 1776 1777
1777 1776 1778
1777 1778 1779
1780 1779 1778
1780 1781 1779
1782 1781 1780
1782 1783 1781
1783 1782 1784
1783 1784 1785
1785 1784 1786
1785 1786 1787
1788 1787 1786
1788 1789 1787
1789 1788 1790
1789 1790 1791
1791 1790 1792
1791 1792 1793
1793 1792 1794
1793 1794 1795
1795 1796 1793
1795 1797 1796
1798 1796 1797
1793 1799 1791
1793 1796 1799
1791 1800 1789
1791 1799 1800
1789 1801 1787
1789 1800 1801
1798 1802 1796
1803 1802 1798
1796 1802 1804
1796 1804 1799
1803 1805 1802
1804 1802 1805
1806 1805 1803
1806 1807 1805
1808 1805 1807
1804 1805 1808
1808 1807 1809
1799 1804 1810
1810 1804 1808
1799 1811 1800
1799 1810 1811
1809 1812 1808
1809 1813 1812
1808 1814 1810
1810 1814 1811
1808 1812 1814
1800 1811 1815
1800 1815 1801
1816 1812 1813
1816 1813 1817
1818 1812 1816
1818 1819 1812
1819 1814 1812
1820 1819 1818
1811 1814 1821
1819 1821 1814
1819 1820 1821
1811 1821 1815
1822 1821 1820
1822 1823 1821
1815 1821 1823
1824 1823 1822
1801 1815 1825
1815 1823 1825
1824 1826 1823
1826 1825 1823
1826 1824 1827
1801 1825 1828
1787 1801 1828
1787 1828 1785
1826 1827 1829
1830 1829 1827
1826 1831 1825
1831 1828 1825
1829 1831 1826
1832 1785 1828
1831 1832 1828
1832 1783 1785
1830 1833 1829
1833 1830 1834
1829 1835 1831
1835 1832 1831
1833 1835 1829
1783 1832 1836
1835 1836 1832
1783 1836 1781
1833 1834 1837
1838 1837 1834
1838 1839 1837
1833 1840 1835
1836 1835 1840
1837 1840 1833
1841 1781 1836
1836 1840 1841
1841 1779 1781
1839 1842 1837
1837 1842 1840
1841 1840 1842
1839 1843 1842
1843 1844 1842
1779 1841 1845
1841 1842 1845
1845 1842 1844
1845 1844 1846
1779 1845 1777
1846 1777 1845
1846 1847 1777
1774 1777 1847
1774 1847 1848
1774 1848 1849
1850 1851 1852
1850 1853 1851
1854 1851 1855
1854 1855 1856
1857 1856 1855
1857 1855 1858
1858 1859 1857
1858 1860 1859
1860 1861 1859
1860 1862 1861
1863 1861 1862
1863 1862 1864
1864 1865 1863
1864 1866 1865
1866 1867 1865
1866 1868 1867
1869 1863 1865
1865 1867 1869
1870 1861 1863
1869 1870 1863
1871 1859 1861
1870 1871 1861
1872 1857 1859
1871 1872 1859
1873 1867 1868
1873 1868 1874
1872 1875 1857
1856 1857 1875
1876 1872 1871
1876 1875 1872
1877 1871 1870
1877 1876 1871
1878 1870 1869
1878 1877 1870
1869 1867 1879
1879 1867 1873
1874 1880 1873
1874 1881 1880
1882 1873 1880
1882 1879 1873
1883 1880 1881
1883 1882 1880
1883 1881 1884
1869 1879 1885
1869 1885 1878
1879 1882 1886
1879 1886 1885
1884 1887 1883
1884 1888 1887
1883 1889 1882
1886 1882 1889
1883 1887 1889
1890 1887 1888
1890 1888 1891
1887 1890 1892
1887 1892 1889
1889 1892 1893
1889 1893 1886
1894 1886 1893
1895 1885 1886
1894 1895 1886
1895 1878 1885
1895 1894 1896
1895 1897 1878
1877 1878 1897
1895 1896 1898
1897 1895 1898
1877 1897 1899
1899 1897 1898
1876 1877 1899
1898 1896 1900
1901 1900 1896
1902 1900 1901
1903 1900 1902
1903 1904 1900
1898 1900 1904
1902 1901 1905
1899 1898 1906
1904 1906 1898
1876 1899 1907
1906 1907 1899
1907 1908 1876
1876 1908 1875
1909 1875 1908
1856 1875 1909
1910 1856 1909
1910 1854 1856
1854 1910 1911
1854 1911 1912
1909 1913 1910
1910 1913 1911
1909 1908 1914
1909 1914 1913
1907 1915 1908
1915 1914 1908
1906 1916 1907
1915 1907 1916
1915 1917 1914
1917 1915 1916
1906 1918 1916
1918 1917 1916
1918 1914 1917
1918 1913 1914
1904 1918 1906
1904 1913 1918
1904 1903 1913
1911 1913 1903
1912 1911 1919
1911 1903 1919
1912 1919 1920
1920 1853 1912
1920 1921 1853
1920 1919 1922
1919 1903 1922
1923 1921 1920
1920 1922 1923
1923 1924 1921
1922 1903 1925
1923 1922 1925
1926 1924 1923
1923 1925 1926
1926 1927 1924
1925 1903 1928
1926 1925 1928
1928 1903 1902
1927 1926 1929
1926 1928 1929
1927 1929 1930
1929 1928 1931
1928 1902 1931
1932 1930 1929
1929 1931 1932
1932 1933 1930
1931 1902 1934
1932 1931 1934
1933 1932 1935
1932 1934 1935
1933 1935 1936
1902 1937 1934
1935 1934 1937
1937 1902 1905
1938 1936 1935
1935 1937 1938
1938 1939 1936
1937 1905 1940
1938 1937 1940
1905 1941 1940
1942 1939 1938
1938 1940 1942
1942 1940 1941
1942 1943 1939
1942 1941 1944
1944 1943 1942
1944 1945 1943
1946 1947 1948
1947 1949 1948
1949 1950 1948
1951 1950 1949
1951 1952 1950
1953 1952 1951
1952 1954 1950
1953 1955 1952
1955 1954 1952
1956 1955 1953
1957 1956 1953
1955 1958 1954
1958 1959 1954
1956 1960 1955
1955 1960 1958
1957 1961 1956
1956 1962 1960
1961 1962 1956
1957 1963 1961
1957 1964 1963
1961 1965 1962
1965 1961 1963
1962 1966 1960
1967 1958 1960
1967 1960 1966
1968 1962 1965
1962 1968 1966
1958 1969 1959
1970 1958 1967
1970 1969 1958
1959 1969 1971
1959 1971 1972
1969 1973 1971
1969 1970 1973
1972 1971 1974
1974 1971 1973
1972 1974 1975
1975 1974 1976
1975 1976 1977
1974 1973 1978
1978 1976 1974
1979 1977 1976
1979 1980 1977
1980 1979 1981
1980 1981 1982
1981 1983 1982
1981 1984 1983
1984 1985 1983
1986 1981 1979
1986 1984 1981
1976 1987 1979
1986 1979 1987
1985 1984 1988
1985 1988 1989
1978 1990 1976
1976 1990 1987
1990 1991 1987
1992 1990 1978
1990 1992 1991
1986 1993 1984
1993 1988 1984
1987 1994 1986
1987 1991 1994
1986 1995 1993
1986 1994 1995
1988 1996 1989
1996 1997 1989
1996 1998 1997
1993 1999 1988
1999 1993 1995
2000 1996 1988
2000 1988 1999
1996 2001 1998
2000 2001 1996
2002 1998 2001
2002 2001 2003
2003 2001 2000
2003 2004 2002
2003 2000 2005
2003 2006 2004
2006 2003 2005
2000 1999 2007
2007 2005 2000
2008 2004 2006
2008 2009 2004
2010 2009 2008
2010 2011 2009
2011 2010 2012
2011 2012 2013
2014 2013 2012
2014 2015 2013
2014 2016 2015
2014 2017 2016
2017 2018 2016
2017 2019 2018
2019 1117 2018
2019 2020 1117
2021 2020 2019
2021 2022 2020
2022 2021 2023
2022 2023 2024
2025 2024 2023
2026 2021 2019
2026 2019 2017
2025 2023 2027
2027 2028 2025
2029 2023 2021
2029 2021 2026
2027 2030 2028
2030 2031 2028
2030 2032 2031
2032 2033 2031
2032 2034 2033
2035 2033 2034
2035 2034 2036
2037 2035 2036
2037 2036 2038
2038 2039 2037
2038 2040 2039
2041 2039 2040
2042 2030 2027
2043 2032 2030
2042 2043 2030
2034 2032 2044
2043 2044 2032
2044 2043 2045
2034 2044 2046
2046 2036 2034
2045 2046 2044
2047 2038 2036
2046 2047 2036
2040 2038 2048
2047 2048 2038
2047 2046 2049
2045 2049 2046
2050 2042 2027
2050 2027 2023
2051 2048 2047
2047 2049 2051
2023 2052 2050
2023 2029 2052
2042 2050 2053
2050 2052 2054
2050 2054 2053
2042 2053 2055
2055 2043 2042
2056 2045 2043
2055 2056 2043
2029 2057 2052
2052 2058 2054
2052 2057 2058
2029 2059 2057
2026 2059 2029
2026 2060 2059
2017 2060 2026
2017 2061 2060
2017 2014 2061
2060 2062 2059
2060 2061 2062
2059 2063 2057
2059 2062 2063
2057 2064 2058
2057 2063 2064
2065 2054 2058
2066 2058 2064
2066 2065 2058
2067 2066 2064
2063 2068 2064
2067 2064 2068
2062 2069 2063
2063 2069 2068
2070 2062 2061
2062 2070 2069
2014 2071 2061
2070 2061 2071
2065 2072 2054
2072 2065 2073
2074 2073 2065
2072 2053 2054
2069 2075 2068
2067 2068 2075
2014 2076 2071
2014 2012 2076
2077 2070 2071
2077 2071 2076
2070 2078 2069
2069 2078 2075
2070 2077 2078
2072 2079 2053
2079 2055 2053
2080 2076 2012
2080 2012 2010
2076 2081 2077
2076 2080 2081
2082 2078 2077
2082 2075 2078
2082 2077 2081
2083 2080 2010
2083 2081 2080
2083 2010 2008
2083 2084 2081
2082 2081 2084
2083 2008 2085
2085 2084 2083
2085 2008 2006
2085 2006 2086
2006 2005 2086
2085 2087 2084
2087 2085 2086
2082 2084 2088
2088 2084 2087
2082 2089 2075
2088 2089 2082
2005 2090 2086
2087 2086 2090
2088 2087 2091
2091 2087 2090
2092 2075 2089
2067 2075 2092
2088 2093 2089
2091 2093 2088
2005 2094 2090
2090 2094 2095
2007 2094 2005
2095 2094 2007
2092 2089 2096
2096 2089 2093
2091 2090 2097
2090 2095 2097
2091 2097 2098
2095 2098 2097
2091 2099 2093
2099 2091 2098
2100 2093 2099
2096 2093 2100
2100 2099 2101
2101 2099 2098
2096 2100 2102
2102 2100 2101
2095 2007 2103
2104 2095 2103
1999 2103 2007
1999 2105 2103
2103 2105 2104
1999 1995 2105
2104 2105 1995
2095 2106 2098
2104 2106 2095
2101 2098 2107
2106 2107 2098
2096 2102 2108
2108 2092 2096
2104 1995 2109
2109 1995 1994
2104 2110 2106
2106 2110 2107
2107 2111 2101
2102 2101 2111
2104 2112 2110
2112 2104 2109
2107 2110 2113
2107 2113 2111
2112 2113 2110
2109 1994 2114
1991 2114 1994
2115 2102 2111
2113 2116 2111
2115 2111 2116
2102 2115 2117
2102 2117 2108
2112 2109 2118
2109 2114 2119
2118 2109 2119
2112 2120 2113
2118 2120 2112
1991 2121 2114
2114 2121 2119
2113 2122 2116
2120 2122 2113
2123 2117 2115
2108 2117 2124
2125 2117 2123
2126 2115 2116
2123 2115 2126
2122 2127 2116
2126 2116 2127
2128 2108 2124
2108 2128 2092
2129 2092 2128
2129 2128 2124
2129 2067 2092
2129 2124 2130
2124 2131 2130
2130 2131 2132
2130 2132 2133
2129 2130 2133
2133 2132 2134
2067 2129 2135
2129 2133 2135
2067 2135 2074
2074 2135 2073
2073 2135 2133
2073 2133 2134
2073 2134 2136
2073 2136 2137
2138 2073 2137
2072 2073 2138
2138 2137 2139
2079 2072 2138
2139 2140 2138
2079 2138 2140
2141 2079 2140
2079 2141 2055
2141 2056 2055
2141 2142 2056
2045 2056 2142
2141 2140 2143
2142 2141 2143
2045 2142 2144
2142 2143 2145
2144 2142 2145
2144 2146 2045
2146 2049 2045
2146 2147 2049
2147 2051 2049
2148 2143 2140
2145 2143 2149
2148 2149 2143
2140 2150 2148
2140 2151 2150
2150 2151 2152
2153 2150 2152
2153 2152 2154
2153 2154 2155
2156 2155 2154
2156 2157 2155
2157 2153 2155
2158 2157 2156
2159 2157 2158
2160 2159 2158
2158 2156 2161
2161 2160 2158
2161 2162 2160
2160 2162 2125
2157 2163 2153
2159 2163 2157
2150 2153 2164
2153 2163 2164
2150 2164 2165
2166 2164 2163
2166 2163 2159
2148 2150 2165
2148 2165 2167
2159 2168 2166
2148 2167 2169
2148 2169 2149
2159 2170 2168
2169 2171 2149
2169 2172 2171
2145 2149 2171
2159 2173 2170
2160 2173 2159
2174 2170 2173
2174 2173 2160
2174 2175 2170
2172 2176 2171
2172 2177 2176
2178 2145 2171
2178 2171 2176
2144 2145 2178
2174 2160 2179
2160 2125 2179
2125 2123 2179
2175 2174 2180
2180 2174 2179
2180 2179 2123
2175 2180 2181
2180 2123 2126
2182 2181 2180
2180 2126 2182
2182 2183 2181
2126 2127 2182
2183 2182 2127
2183 2127 2184
2185 2184 2127
2122 2185 2127
2185 2186 2184
2187 2185 2122
2120 2187 2122
2188 2186 2185
2187 2188 2185
2188 2189 2186
2190 2188 2187
2190 2187 2191
2187 2120 2191
2192 2189 2188
2118 2191 2120
2192 2188 2193
2190 2193 2188
2193 2194 2192
2193 2195 2194
2195 2193 2190
2196 2194 2195
2118 2197 2191
2197 2190 2191
2197 2118 2198
2190 2197 2198
2118 2119 2198
2119 2199 2198
2119 2121 2199
2190 2198 2200
2198 2199 2200
2190 2200 2201
2195 2190 2201
2200 2199 2201
2199 2121 2202
1991 2202 2121
2201 2199 2203
2199 2202 2203
2202 1991 2204
2203 2202 2204
1991 1992 2204
2195 2201 2205
2201 2203 2205
2195 2205 2206
2207 2206 2205
2206 2196 2195
2196 2206 2207
2208 2205 2203
2207 2205 2208
2208 2203 2209
2203 2204 2209
2209 2210 2208
2210 2207 2208
2204 2211 2209
2209 2211 2210
2204 2212 2211
2204 1992 2212
2212 2213 2211
2210 2211 2213
1992 2214 2212
2212 2214 2213
2215 2214 1992
1992 1978 2215
2215 1978 1973
2215 1973 2216
2216 1973 1970
2217 2214 2215
2217 2215 2216
2214 2218 2213
2214 2217 2218
2210 2213 2219
2218 2219 2213
2216 1970 2220
1967 2220 1970
2217 2216 2221
2220 2221 2216
2222 2217 2221
2222 2218 2217
2220 2223 2221
2218 2222 2224
1967 2225 2220
2225 2223 2220
2225 1967 1966
2225 2226 2223
2225 1966 2227
2227 2226 2225
2227 2228 2226
1968 2227 1966
2229 2228 2227
1968 2229 2227
2229 2230 2228
2224 2231 2218
2218 2231 2219
2229 1968 2232
1968 1965 2232
2233 2230 2229
2229 2232 2233
2233 2234 2230
2232 1965 2235
1965 1963 2235
2233 2232 2236
2232 2235 2236
2237 2234 2233
2233 2236 2237
2237 2238 2234
2235 1963 2239
1963 1964 2239
2240 2236 2235
2235 2239 2240
2240 2239 2241
1964 2242 2239
2241 2239 2242
1964 2243 2242
2240 2244 2236
2237 2236 2244
2244 2240 2241
2245 2238 2237
2237 2244 2245
2245 2246 2238
2243 2247 2242
2241 2242 2247
2243 2248 2247
2249 2245 2244
2244 2241 2249
2250 2246 2245
2249 2250 2245
2250 2251 2246
2248 2252 2247
2248 2253 2252
2241 2247 2254
2254 2247 2252
2255 2249 2241
2250 2249 2255
2254 2255 2241
2256 2251 2250
2250 2255 2256
2256 2257 2251
2257 2256 2258
2257 2258 2259
2256 2255 2260
2256 2260 2258
2261 2255 2254
2261 2260 2255
2262 2258 2260
2260 2261 2262
2263 2259 2258
2262 2263 2258
2254 2252 2264
2264 2261 2254
2252 2265 2264
2261 2264 2265
2261 2266 2262
2261 2265 2266
2252 2267 2265
2267 2252 2253
2267 2253 2268
2267 2269 2265
2266 2265 2269
2268 2270 2267
2269 2267 2270
2268 2271 2270
2270 2271 2272
2272 2273 2270
2273 2269 2270
2272 2274 2273
2275 2262 2266
2263 2262 2275
2266 2269 2276
2276 2275 2266
2275 2276 2277
2276 2269 2278
2269 2273 2278
2277 2276 2278
2273 2274 2279
2278 2273 2279
2279 2277 2278
2280 2279 2274
2280 2281 2279
2279 2281 2277
2280 2282 2281
2283 2281 2282
2283 2284 2281
2284 2277 2281
2285 2284 2283
2277 2286 2275
2263 2275 2286
2277 2287 2286
2284 2287 2277
2285 2288 2284
2288 2285 2289
2290 2263 2286
2286 2287 2290
2284 2291 2287
2284 2288 2291
2287 2291 2290
2290 2292 2263
2263 2292 2259
2293 2259 2292
2290 2294 2292
2293 2292 2294
2290 2291 2295
2295 2294 2290
2296 2294 2295
2293 2294 2297
2296 2297 2294
2293 2297 2298
2295 2291 2299
2288 2299 2291
2299 2296 2295
2300 2298 2297
2300 2301 2298
2302 2299 2288
2288 2289 2302
2299 2302 2303
2303 2296 2299
2302 2289 2304
2303 2302 2304
2304 2289 2305
2305 2306 2304
2307 2306 2305
2308 2306 2307
2304 2306 2309
2303 2304 2309
2308 2310 2306
2310 2309 2306
2310 2308 2311
2309 2312 2303
2296 2303 2313
2303 2312 2313
2312 2309 2314
2310 2314 2309
2313 2312 2315
2312 2314 2315
2310 2311 2316
2310 2317 2314
2310 2316 2317
2314 2318 2315
2314 2317 2318
2313 2315 2319
2319 2315 2318
2320 2296 2313
2319 2320 2313
2311 2321 2316
2311 2322 2321
2316 2323 2317
2316 2321 2323
2296 2320 2324
2297 2296 2324
2300 2297 2324
2319 2325 2320
2325 2324 2320
2326 2321 2322
2326 2322 2327
2317 2323 2328
2317 2328 2318
2321 2329 2323
2321 2326 2329
2328 2323 2329
2327 2330 2326
2327 2331 2330
2326 2330 2332
2326 2332 2329
2329 2332 2333
2329 2333 2334
2328 2329 2334
2334 2333 2335
2334 2336 2328
2336 2318 2328
2334 2335 2336
2336 2337 2318
2319 2318 2337
2325 2319 2337
2338 2336 2335
2338 2337 2336
2338 2335 2339
2325 2337 2340
2338 2340 2337
2341 2338 2339
2340 2338 2341
2341 2339 2342
2340 2343 2325
2325 2343 2324
2343 2300 2324
2340 2344 2343
2340 2341 2344
2343 2345 2300
2344 2345 2343
2345 2301 2300
2345 2346 2301
2344 2347 2345
2347 2346 2345
2341 2347 2344
2347 2348 2346
2341 2349 2347
2348 2347 2349
2349 2341 2350
2349 2350 2351
2348 2349 2352
2352 2349 2351
2353 2348 2352
2352 2351 2354
2353 2352 2355
2355 2352 2354
2355 2354 2356
2355 2357 2353
2355 2356 2358
2355 2359 2357
2355 2358 2359
2360 2357 2359
2361 2359 2358
2360 2359 2361
2361 2358 2362
2363 2360 2361
2364 2361 2362
2363 2361 2364
2364 2362 2365
2366 2364 2365
2366 2365 2367
2368 2363 2364
2368 2364 2366
2369 2366 2367
2369 2367 2370
2369 2370 2371
2372 2363 2368
2372 2373 2363
2374 2368 2366
2374 2366 2369
2369 2371 2375
2375 2371 2376
2373 2372 2377
2373 2377 2378
2379 2378 2377
2380 2372 2368
2380 2368 2374
2380 2377 2372
2381 2374 2369
2381 2369 2375
2375 2376 2382
2382 2376 2383
2384 2380 2374
2384 2374 2381
2380 2385 2377
2385 2380 2384
2379 2377 2386
2377 2385 2386
2387 2381 2375
2387 2375 2382
2382 2383 2388
2388 2383 2389
2388 2389 2390
2391 2384 2381
2391 2381 2387
2392 2385 2384
2386 2385 2392
2391 2392 2384
2393 2387 2382
2393 2382 2388
2394 2391 2387
2394 2387 2393
2395 2392 2391
2395 2391 2394
2396 2393 2388
2396 2388 2390
2392 2395 2397
2386 2392 2397
2398 2394 2393
2398 2393 2396
2399 2395 2394
2399 2397 2395
2399 2394 2398
2400 2386 2397
2399 2401 2397
2400 2397 2401
2400 2402 2386
2379 2386 2402
2379 2402 2403
2403 2402 2404
2403 2404 2405
2402 2400 2406
2402 2406 2404
2407 2405 2404
2407 2408 2405
2400 2401 2409
2409 2406 2400
2404 2406 2410
2404 2410 2407
2411 2408 2407
2411 2412 2408
2409 2413 2406
2413 2410 2406
2414 2407 2410
2414 2411 2407
2412 2411 2415
2412 2415 2416
2413 2417 2410
2417 2414 2410
2418 2411 2414
2418 2415 2411
2416 2415 2419
2416 2419 2420
2417 2421 2414
2421 2418 2414
2415 2418 2422
2415 2422 2419
2423 2413 2409
2424 2417 2413
2423 2424 2413
2425 2421 2417
2424 2425 2417
2409 2426 2423
2409 2401 2426
2427 2426 2401
2427 2401 2399
2427 2399 2428
2398 2428 2399
2398 2429 2428
2429 2398 2396
2428 2430 2427
2429 2430 2428
2429 2396 2431
2431 2396 2390
2429 2432 2430
2432 2429 2431
2423 2426 2433
2427 2434 2426
2434 2433 2426
2430 2435 2427
2434 2427 2435
2432 2436 2430
2435 2430 2436
2423 2433 2437
2424 2423 2437
2424 2437 2438
2425 2424 2438
2425 2438 2051
2147 2425 2051
2051 2438 2048
2438 2437 2048
2425 2147 2421
2439 2421 2147
2421 2439 2418
2439 2147 2146
2437 2440 2048
2040 2048 2440
2441 2418 2439
2441 2422 2418
2442 2439 2146
2442 2441 2439
2144 2442 2146
2442 2144 2178
2442 2178 2443
2443 2441 2442
2443 2178 2176
2444 2440 2437
2444 2437 2433
2040 2440 2445
2445 2440 2444
2041 2040 2445
2445 2446 2041
2444 2446 2445
2041 2446 2447
2447 2446 2448
2443 2449 2441
2422 2441 2449
2443 2176 2450
2450 2449 2443
2450 2176 2177
2450 2177 2451
2451 2452 2450
2450 2452 2449
2451 2453 2452
2422 2449 2454
2452 2454 2449
2419 2422 2454
2453 2455 2452
2452 2455 2454
2453 2456 2455
2455 2456 2457
2419 2454 2458
2458 2454 2455
2458 2420 2419
2458 2455 2459
2455 2460 2459
2460 2461 2459
2461 2458 2459
2460 2462 2461
2458 2463 2420
2461 2463 2458
2464 2420 2463
2462 2465 2461
2465 2463 2461
2462 2466 2465
2466 2467 2465
2466 2468 2467
2467 2468 2469
2465 2470 2463
2464 2463 2470
2467 2470 2465
2471 2464 2470
2467 2471 2470
2471 2472 2464
2471 2473 2472
2474 2473 2471
2474 2471 2467
2474 2475 2473
2476 2475 2474
2476 2474 2477
2478 2476 2477
2474 2467 2479
2467 2469 2479
2477 2474 2479
2477 2479 2469
2477 2469 2480
2477 2480 2481
2478 2477 2482
2477 2481 2482
2224 2478 2482
2224 2482 2231
2483 2482 2481
2483 2231 2482
2484 2483 2481
2485 2231 2483
2485 2483 2484
2485 2219 2231
2486 2485 2484
2219 2485 2487
2486 2487 2485
2219 2487 2210
2210 2487 2207
2486 2488 2487
2207 2487 2488
2486 2489 2488
2486 2490 2489
2488 2489 2491
2207 2488 2492
2488 2491 2492
2196 2207 2492
2491 2196 2492
2491 2493 2196
2494 2495 2496
2494 2496 2497
2498 2494 2497
2498 2497 2499
2500 2498 2499
2500 2499 2501
2502 2500 2501
2502 2501 2503
2502 2503 2504
2502 2504 2505
2506 2505 2504
2506 2507 2505
2507 2506 2508
2507 2508 2509
2510 2509 2508
2510 2511 2509
2512 2511 2510
2512 2513 2511
2513 2512 2514
2513 2514 2515
2515 2514 2516
2515 2516 2517
2518 2519 2520
2518 2520 2521
2521 2520 2522
2521 2522 2523
2524 2523 2522
2524 2522 2525
2526 2524 2525
2526 2525 2527
2528 2526 2527
2528 2527 2529
2529 2530 2528
2529 2531 2530
2531 2532 2530
2531 2533 2532
2534 2532 2533
2534 2533 2535
2536 2534 2535
2536 2535 2537
2537 2538 2536
2537 2539 2538
2540 2538 2539
2540 2539 2541
2390 2542 2543
2390 2543 2544
2544 2543 2545
2546 2390 2544
2431 2390 2546
2544 2545 2547
2547 2546 2544
2547 2545 2548
2549 2431 2546
2432 2431 2549
2547 2548 2550
2550 2548 2551
2550 2551 2552
2553 2550 2552
2547 2554 2546
2554 2547 2550
2549 2546 2554
2553 2555 2550
2554 2550 2555
2556 2555 2553
2557 2554 2555
2557 2549 2554
2556 2557 2555
2558 2432 2549
2558 2549 2557
2558 2557 2556
2558 2556 2559
2560 2558 2559
2432 2558 2436
2560 2436 2558
2561 2436 2560
2561 2435 2436
2435 2561 2562
2434 2435 2562
2562 2561 2563
2564 2434 2562
2434 2564 2433
2563 2565 2562
2564 2562 2565
2563 2566 2565
2564 2567 2433
2565 2567 2564
2433 2567 2444
2567 2446 2444
2568 2565 2566
2565 2568 2567
2568 2446 2567
2568 2566 2569
2446 2568 2448
2569 2448 2568
2570 2571 2572
2570 2572 2573
2572 2574 2573
2572 2575 2574
2576 2577 2570
2576 2578 2577
2578 2576 2579
2578 2579 2580
2581 2580 2579
2581 2582 2580
2583 2582 2581
2583 2584 2582
2584 2583 2585
2584 2585 2586
2587 2586 2585
2587 2588 2586
2589 2588 2587
2589 2590 2588
2591 2590 2589
2591 2592 2590
2592 2591 2593
2592 2593 2594
2595 2594 2593
2595 2596 2594
2597 2598 2599
2597 2599 2600
2600 2601 2597
2600 2602 2601
2603 2601 2602
2603 2602 2604
2605 2603 2604
2605 2604 2606
2606 2607 2605
2606 2608 2607
2609 2607 2608
2609 2608 2610
2610 2611 2609
2610 2612 2611
2613 2611 2612
2613 2612 2614
2614 2615 2613
2614 2616 2615
2616 2617 2615
2616 2574 2617
2618 2619 2620
2619 2621 2620
2621 2619 2622
2621 2622 2623
2622 2619 2624
2625 2623 2622
2622 2624 2625
2625 2626 2623
2624 2627 2625
2626 2625 2627
2626 2627 2628
2627 2629 2628
2624 2630 2627
2627 2631 2629
2631 2627 2630
2632 2629 2631
2633 2631 2630
2632 2631 2633
2633 2630 2634
2633 2635 2632
2636 2633 2634
2633 2636 2635
2636 2634 2637
2635 2636 2638
2636 2637 2639
2638 2636 2639
2640 2641 2642
2640 2643 2641
2644 2643 2640
2645 2641 2643
2644 2646 2643
2646 2644 2647
2645 2643 2648
2648 2643 2646
2646 2647 2649
2648 2646 2649
2649 2647 2650
2645 2648 2651
2648 2649 2651
2645 2651 2652
2649 2650 2653
2653 2651 2649
2654 2653 2650
2652 2651 2655
2653 2655 2651
2652 2655 2656
2654 2657 2653
2657 2655 2653
2658 2657 2654
2656 2655 2659
2657 2659 2655
2656 2659 2660
2661 2659 2657
2658 2661 2657
2662 2660 2659
2661 2662 2659
2662 2663 2660
2664 2663 2662
2661 2665 2662
2664 2662 2665
2666 2665 2661
2658 2666 2661
2664 2665 2666
2666 2658 2667
2658 2668 2667
2664 2666 2669
2667 2669 2666
2664 2669 2670
2667 2671 2669
2671 2670 2669
2667 2668 2671
2671 2672 2670
2668 2672 2671
2668 2673 2672
2674 2675 2676
2675 2674 2677
2678 2677 2674
2678 2679 2677
2679 2678 2680
2679 2680 2681
2681 2680 2682
2681 2682 2683
2682 2684 2683
2682 2685 2684
2684 2685 2686
2687 2688 2689
2689 2690 2687
2691 2687 2690
2691 2690 2692
2692 2693 2691
2692 2694 2693
2694 2695 2693
2694 2696 2695
2696 2697 2695
2695 2697 2698
2698 2697 2699
2700 2701 2702
2700 2702 2703
2704 2705 2706
2704 2706 2707
2708 2709 2710
2708 2710 2711
2712 2713 2714
2712 2714 2715
2716 2717 2718
2718 2717 2719
2718 2719 2720
2721 2720 2719
2721 2722 2720
2723 2722 2721
2723 2724 2722
2724 2723 2725
2724 2725 2726
2726 2725 2727
2726 2727 2728
2729 2728 2727
2729 2727 2730
2731 2729 2730
2731 2732 2729
2731 2733 2732
2731 2734 2733
2734 2735 2733
2734 2736 2735
2736 2737 2735
2736 2738 2737
2739 2737 2738
2739 2738 2740
2741 2739 2740
2741 2740 2742
2742 2743 2741
2742 2744 2743
2744 2745 2743
2744 2746 2745
2745 2746 2747
2748 2749 2750
2749 2751 2750
2749 2752 2751
2753 2751 2752
2753 2752 2754
2755 2753 2754
2755 2754 2756
2756 2757 2755
2756 2758 2757
2758 2759 2757
2758 2760 2759
2761 2759 2760
2761 2760 2762
2763 2761 2762
2763 2762 2764
2763 2764 2765
2763 2765 2766
2765 2767 2766
2765 2768 2767
2767 2768 2769
2767 2769 2770
2771 2770 2769
2771 2769 2772
2773 2771 2772
2773 2774 2771
2774 2773 2775
2774 2775 2776
2775 2777 2776
2775 2778 2777
2778 2779 2777
2780 2781 2782
2780 2783 2781
2783 2784 2781
2780 2785 2783
2780 2786 2785
2783 2787 2784
2787 2783 2785
2784 2787 2788
2784 2788 2789
2788 2790 2789
2788 2791 2790
2792 2788 2787
2787 2785 2792
2791 2788 2793
2792 2793 2788
2791 2793 2794
2786 2795 2785
2786 2796 2795
2797 2792 2785
2797 2793 2792
2797 2785 2795
2798 2794 2793
2797 2798 2793
2798 2799 2794
2796 2800 2795
2796 2801 2800
2802 2797 2795
2802 2798 2797
2802 2795 2800
2803 2799 2798
2802 2803 2798
2803 2804 2799
2805 2800 2801
2802 2800 2805
2805 2801 2806
2807 2805 2806
2802 2805 2808
2803 2802 2808
2805 2807 2808
2804 2803 2809
2803 2808 2809
2808 2807 2809
2804 2809 2810
2809 2807 2810
2811 2812 2813
2811 2813 2814
2814 2813 2815
2811 2814 2816
2811 2816 2817
2814 2815 2818
2818 2816 2814
2815 2819 2818
2815 2820 2819
2819 2820 2821
2819 2821 2822
2823 2818 2819
2818 2823 2816
2822 2824 2819
2823 2819 2824
2822 2825 2824
2817 2816 2826
2817 2826 2827
2828 2816 2823
2828 2823 2824
2828 2826 2816
2829 2824 2825
2828 2824 2829
2829 2825 2830
2827 2826 2831
2827 2831 2832
2833 2826 2828
2833 2828 2829
2833 2831 2826
2834 2829 2830
2833 2829 2834
2834 2830 2835
2836 2832 2831
2833 2836 2831
2836 2837 2832
2838 2837 2836
2833 2839 2836
2834 2839 2833
2836 2839 2838
2835 2840 2834
2834 2840 2839
2839 2840 2838
2835 2841 2840
2840 2841 2838
2842 2843 2844
2845 2843 2842
2846 2845 2842
2847 2846 2842
2848 2849 2850
2848 2850 2851
2852 2848 2851
2852 2851 2853
2854 2851 2850
2855 2853 2851
2854 2855 2851
2855 2856 2853
2854 2857 2855
2857 2856 2855
2854 2858 2857
2857 2859 2856
2858 2860 2857
2860 2859 2857
2858 2861 2860
2860 2862 2859
2863 2864 2865
2863 2865 2866
2867 2863 2866
2867 2868 2863
2869 2868 2867
2869 2867 2870
2871 2869 2870
2871 2870 2872
2873 2874 2875
2876 2873 2875
2877 2873 2876
2878 2873 2877
2879 2880 2881
2879 2882 2880
2883 2882 2879
2883 2884 2882
2885 2880 2882
2886 2882 2884
2885 2882 2886
2886 2884 2887
2885 2886 2888
2888 2886 2887
2885 2888 2889
2888 2887 2890
2889 2888 2891
2891 2888 2890
2889 2891 2892
2891 2890 2893
2894 2895 2896
2894 2897 2895
2898 2897 2894
2898 2894 2899
2900 2898 2899
2900 2901 2898
2902 2901 2900
2902 2903 2901
2904 2905 2906
2904 2907 2905
2908 2905 2907
2908 2909 2905
2910 2909 2908
2910 2911 2909
2910 2912 2911
2913 2914 2915
2913 2915 2916
2913 2916 2917
2917 2916 2918
2917 2918 2919
2918 2920 2919
2918 2921 2920
2918 2922 2921
2923 2922 2918
2923 2924 2922
2924 2923 2925
2926 2924 2925
2920 2921 2927
2920 2927 2928
2922 2929 2921
2921 2929 2927
2922 2930 2929
2924 2930 2922
2927 2929 2931
2924 2932 2930
2924 2933 2932
2934 2927 2931
2926 2935 2924
2924 2935 2933
2936 2935 2926
2937 2933 2935
2928 2927 2938
2927 2934 2938
2928 2938 2939
2936 2940 2935
2937 2935 2940
2936 2941 2940
2940 2941 2937
2942 2938 2934
2939 2938 2942
2942 2934 2943
2939 2942 2944
2945 2942 2943
2944 2942 2945
2945 2943 2946
2944 2945 2947
2946 2948 2945
2947 2945 2948
2946 2949 2948
2947 2948 2950
2951 2948 2949
2950 2948 2951
2951 2949 2952
2950 2951 2953
2954 2951 2952
2953 2951 2954
2954 2952 2955
2953 2954 2956
2957 2954 2955
2956 2954 2957
2957 2955 2958
2956 2957 2959
2958 2960 2957
2959 2957 2960
2958 2961 2960
2959 2960 2962
2963 2960 2961
2962 2960 2963
2963 2961 2964
2964 2965 2963
2962 2963 2966
2966 2963 2965
2964 2967 2965
2965 2967 2968
2966 2965 2969
2968 2970 2965
2969 2965 2971
2970 2971 2965
2969 2971 2972
2970 2973 2971
2973 2972 2971
2970 2974 2973
2973 2975 2972
2976 2973 2974
2975 2973 2976
2976 2974 2977
2975 2976 2978
2977 2979 2976
2979 2978 2976
2980 2981 2982
2980 2982 2983
2984 2983 2982
2984 2982 2985
2986 2984 2985
2986 2985 2987
2986 2987 2988
2989 2990 2991
2989 2992 2990
2989 2993 2992
2993 2994 2992
2993 2995 2994
2994 2995 2996
2994 2996 2997
2994 2997 2998
2999 2994 2998
2999 2998 3000
3000 3001 2999
3002 3001 3000
2996 3003 2997
2996 3004 3003
2998 2997 3005
2997 3003 3005
2998 3005 3006
3000 2998 3006
3003 3007 3005
3000 3006 3008
3000 3008 3009
3010 3007 3003
3002 3000 3011
3000 3009 3011
3012 3002 3011
3013 3011 3009
3004 3014 3003
3003 3014 3010
3004 3015 3014
3012 3011 3016
3013 3016 3011
3012 3016 3017
3016 3013 3017
3018 3010 3014
3015 3018 3014
3018 3019 3010
3015 3020 3018
3021 3019 3018
3020 3021 3018
3021 3022 3019
3020 3023 3021
3022 3021 3024
3023 3024 3021
3022 3024 3025
3023 3026 3024
3027 3025 3024
3026 3027 3024
3027 3028 3025
3026 3029 3027
3030 3028 3027
3029 3030 3027
3030 3031 3028
3029 3032 3030
3033 3031 3030
3032 3033 3030
3033 3034 3031
3032 3035 3033
3034 3033 3036
3035 3036 3033
3034 3036 3037
3035 3038 3036
3039 3037 3036
3038 3039 3036
3039 3040 3037
3040 3039 3041
3038 3042 3039
3042 3041 3039
3040 3041 3043
3041 3044 3043
3042 3045 3041
3044 3041 3046
3045 3047 3041
3046 3041 3047
3045 3048 3047
3046 3047 3049
3049 3047 3048
3046 3049 3050
3049 3048 3051
3052 3050 3049
3051 3052 3049
3052 3053 3050
3051 3054 3052
3053 3052 3055
3055 3052 3054
3056 3057 3058
3056 3057 3058
3056 3058 3059
3056 3058 3059
3060 3061 3062
3060 3061 3062
3060 3062 3063
3060 3062 3063
3064 3065 3066
3064 3065 3066
3064 3066 3067
3064 3066 3067
3068 3069 3070
3068 3069 3070
3068 3070 3071
3068 3070 3071
3072 3073 3074
3072 3075 3073
3076 3073 3074
3076 3075 3073
3077 3078 3079
3077 3078 3079
3077 3079 3080
3077 3079 3080
3081 3082 3083
3081 3082 3083
3081 3083 3084
3081 3083 3084
3085 3086 3087
3085 3086 3087
3085 3088 3086
3085 3088 3086
3089 3090 3091
3089 3090 3091
3089 3091 3092
3089 3091 3092
3093 3094 3095
3093 3094 3095
3093 3096 3094
3093 3096 3094
3097 3098 3099
3097 3098 3099
3097 3099 3100
3097 3099 3100
3101 3102 3103
3101 3102 3103
3101 3103 3104
3101 3103 3104
3105 3106 3107
3105 3106 3107
3105 3108 3106
3105 3108 3106
3109 3110 3111
3109 3111 3112
3113 3110 3111
3113 3111 3112
3114 3115 3116
3114 3115 3116
3114 3117 3115
3114 3117 3115
3118 3119 3120
3118 3119 3120
3118 3120 3121
3118 3120 3121
3122 3123 3124
3122 3123 3124
3122 3125 3123
3122 3125 3123
3126 3127 3128
3126 3127 3128
3126 3128 3129
3126 3128 3129
3130 3131 3132
3130 3131 3132
3130 3132 3133
3130 3132 3133
3134 3135 3136
3134 3135 3136
3134 3136 3137
3134 3136 3137
3138 3139 3140
3138 3139 3140
3138 3140 3141
3138 3140 3141
3142 3143 3144
3142 3145 3143
3146 3143 3144
3146 3145 3143
3147 3148 3149
3147 3148 3149
3147 3150 3148
3147 3150 3148
3151 3152 3153
3151 3152 3153
3151 3153 3154
3151 3153 3154
3155 3156 3157
3155 3156 3157
3155 3157 3158
3155 3157 3158
3159 3160 3161
3159 3160 3161
3159 3161 3162
3159 3161 3162
3163 3164 3165
3163 3164 3165
3163 3166 3164
3163 3166 3164
3167 3168 3169
3167 3168 3169
3167 3169 3170
3167 3169 3170
3171 3172 3173
3171 3172 3173
3171 3174 3172
3171 3174 3172
3175 3176 3177
3175 3177 3178
3179 3176 3177
3179 3177 3178
3180 3181 3182
3180 3181 3182
3180 3182 3183
3180 3182 3183
3184 3185 3186
3184 3185 3186
3184 3187 3185
3184 3187 3185
3188 3189 3190
3188 3189 3190
3188 3191 3189
3188 3191 3189
3192 3193 3194
3192 3193 3194
3192 3195 3193
3192 3195 3193
3196 3197 3198
3196 3197 3198
3196 3199 3197
3196 3199 3197
3200 3201 3202
3200 3201 3202
3200 3203 3201
3200 3203 3201
3204 3205 3206
3204 3205 3206
3204 3207 3205
3204 3207 3205
3208 3209 3210
3208 3209 3210
3208 3210 3211
3208 3210 3211
3212 3213 3214
3212 3213 3214
3212 3214 3215
3212 3214 3215
3215 3214 3216
3215 3214 3216
3215 3216 3217
3215 3216 3217
3218 3212 3219
3218 3212 3219
3218 3219 3220
3218 3219 3220
3221 3214 3222
3221 3214 3222
3221 3222 3223
3221 3222 3223
3224 3225 3217
3224 3225 3217
3224 3217 3226
3224 3217 3226
3227 3228 3229
3227 3228 3229
3227 3229 3230
3227 3229 3230
3231 3232 3233
3231 3233 3234
3231 3232 3235
3231 3235 3234
3236 3237 3238
3236 3237 3238
3236 3238 3239
3236 3238 3239
3240 3241 3242
3240 3241 3242
3240 3243 3241
3240 3243 3241
3244 3245 3246
3244 3245 3246
3244 3246 3247
3244 3246 3247
3248 3249 3250
3248 3249 3250
3248 3250 3251
3248 3250 3251
3252 3251 3250
3252 3251 3250
3252 3253 3251
3252 3253 3251
3254 3253 3252
3254 3253 3252
3254 3252 3255
3254 3252 3255
3256 3257 3258
3256 3257 3258
3256 3259 3257
3256 3259 3257
3259 3256 3260
3259 3256 3260
3259 3260 3261
3259 3260 3261
3260 3262 3261
3260 3262 3261
3260 3263 3262
3260 3263 3262
3264 3265 3266
3264 3265 3266
3264 3266 3267
3264 3266 3267
3268 3269 3270
3268 3269 3270
3268 3271 3269
3268 3271 3269
3272 3271 3268
3272 3271 3268
3272 3273 3271
3272 3273 3271
3274 3275 3276
3274 3275 3276
3274 3276 3277
3274 3276 3277
3278 3279 3280
3278 3279 3280
3278 3280 3281
3278 3280 3281
3282 3283 3284
3282 3283 3284
3282 3285 3283
3282 3285 3283
3285 3286 3283
3285 3286 3283
3285 3287 3286
3285 3287 3286
3288 3289 3282
3288 3289 3282
3288 3290 3289
3288 3290 3289
3291 3292 3283
3291 3292 3283
3291 3293 3292
3291 3293 3292
3294 3295 3287
3294 3295 3287
3294 3287 3296
3294 3287 3296
3297 3298 3299
3297 3298 3299
3297 3299 3300
3297 3299 3300
3301 3297 3300
3301 3297 3300
3301 3300 3302
3301 3300 3302
3303 3304 3305
3303 3305 3306
3303 3304 3307
3303 3307 3306
3308 3309 3310
3308 3309 3310
3308 3311 3309
3308 3311 3309
3312 3313 3314
3312 3313 3314
3312 3314 3315
3312 3314 3315
3316 3317 3318
3316 3317 3318
3316 3319 3317
3316 3319 3317
3320 3321 3322
3320 3321 3322
3320 3323 3321
3320 3323 3321
3324 3325 3326
3324 3325 3326
3324 3327 3325
3324 3327 3325
3328 3329 3330
3328 3329 3330
3328 3330 3331
3328 3330 3331
3331 3332 3328
3331 3332 3328
3331 3333 3332
3331 3333 3332
3332 3333 3334
3332 3333 3334
3332 3334 3335
3332 3334 3335
3336 3337 3338
3339 3338 3337
3336 3338 3340
3340 3341 3336
3339 3342 3338
3343 3342 3339
3340 3344 3341
3345 3341 3344
3345 3344 3346
3347 3345 3346
3340 3338 3348
3344 3340 3349
3340 3348 3349
3344 3349 3350
3346 3344 3350
3338 3342 3351
3338 3351 3348
3352 3349 3348
3350 3349 3352
3348 3351 3353
3348 3353 3352
3342 3354 3351
3351 3354 3353
3355 3352 3353
3355 3356 3352
3350 3352 3356
3355 3353 3357
3354 3357 3353
3346 3350 3358
3358 3350 3356
3342 3359 3354
3343 3359 3342
3360 3346 3358
3347 3346 3360
3356 3361 3358
3360 3358 3361
3359 3362 3354
3354 3362 3357
3343 3363 3359
3359 3363 3362
3343 3364 3363
3347 3360 3365
3347 3365 3366
3356 3367 3361
3355 3367 3356
3360 3361 3368
3360 3368 3365
3368 3361 3367
3357 3362 3369
3369 3362 3363
3370 3363 3364
3369 3363 3370
3370 3364 3371
3366 3365 3372
3366 3372 3373
3365 3368 3374
3374 3368 3367
3365 3374 3372
3369 3375 3357
3355 3357 3375
3370 3376 3369
3369 3376 3375
3371 3377 3370
3370 3377 3376
3371 3378 3377
3373 3372 3379
3373 3379 3380
3374 3367 3381
3355 3381 3367
3372 3374 3382
3382 3374 3381
3372 3382 3379
3379 3382 3383
3380 3379 3384
3379 3383 3384
3380 3384 3385
3386 3385 3384
3382 3381 3387
3355 3387 3381
3383 3382 3387
3386 3384 3388
3388 3384 3383
3389 3386 3388
3355 3390 3387
3383 3387 3390
3355 3391 3390
3383 3390 3391
3355 3392 3391
3355 3393 3392
3383 3391 3394
3388 3383 3394
3394 3391 3392
3389 3388 3395
3395 3388 3394
3396 3389 3395
3394 3392 3397
3395 3394 3397
3397 3392 3393
3396 3395 3398
3398 3395 3397
3399 3396 3398
3397 3393 3400
3398 3397 3400
3399 3398 3401
3401 3398 3400
3402 3399 3401
3400 3393 3403
3355 3403 3393
3402 3401 3404
3405 3402 3404
3401 3400 3406
3400 3403 3406
3404 3401 3406
3406 3403 3407
3355 3407 3403
3404 3406 3408
3406 3407 3408
3405 3404 3409
3409 3404 3408
3408 3407 3410
3355 3410 3407
3408 3410 3411
3409 3408 3411
3405 3409 3412
3405 3412 3413
3411 3410 3414
3355 3414 3410
3415 3409 3411
3411 3414 3415
3415 3412 3409
3413 3412 3416
3413 3416 3417
3355 3418 3414
3415 3414 3418
3412 3415 3419
3415 3418 3419
3412 3419 3416
3355 3420 3418
3419 3418 3420
3355 3421 3420
3355 3422 3421
3419 3420 3423
3416 3419 3423
3423 3420 3421
3417 3416 3424
3416 3423 3424
3417 3424 3425
3423 3421 3426
3424 3423 3426
3426 3421 3422
3425 3424 3427
3424 3426 3427
3425 3427 3428
3426 3422 3429
3427 3426 3429
3430 3428 3427
3427 3429 3430
3430 3431 3428
3429 3422 3432
3355 3432 3422
3430 3429 3433
3429 3432 3433
3431 3430 3434
3430 3433 3434
3431 3434 3435
3434 3436 3435
3433 3432 3437
3355 3437 3432
3434 3433 3438
3433 3437 3438
3434 3439 3436
3434 3438 3439
3440 3436 3439
3440 3439 3441
3441 3439 3438
3442 3440 3441
3438 3437 3443
3355 3443 3437
3442 3441 3444
3445 3442 3444
3441 3438 3446
3438 3443 3446
3444 3441 3446
3445 3444 3447
3448 3445 3447
3446 3443 3449
3355 3449 3443
3444 3446 3450
3446 3449 3450
3447 3444 3450
3448 3447 3451
3378 3448 3451
3378 3451 3377
3355 3452 3449
3450 3449 3452
3447 3450 3453
3451 3447 3453
3450 3452 3453
3377 3451 3454
3451 3453 3454
3377 3454 3376
3454 3375 3376
3355 3375 3455
3355 3455 3452
3453 3452 3455
3454 3455 3375
3453 3455 3454
3456 3457 3458
3459 3458 3457
3456 3460 3457
3460 3456 3461
3459 3457 3462
3463 3459 3462
3460 3461 3464
3465 3464 3461
3465 3466 3464
3467 3466 3465
3460 3468 3457
3464 3469 3460
3460 3469 3468
3464 3470 3469
3466 3470 3464
3457 3471 3462
3457 3468 3471
3472 3468 3469
3470 3472 3469
3468 3473 3471
3468 3472 3473
3462 3471 3474
3471 3473 3474
3475 3473 3472
3475 3472 3476
3470 3476 3472
3475 3477 3473
3474 3473 3477
3466 3478 3470
3478 3476 3470
3462 3474 3479
3463 3462 3479
3480 3478 3466
3467 3480 3466
3476 3478 3481
3480 3481 3478
3479 3474 3482
3474 3477 3482
3463 3479 3483
3479 3482 3483
3463 3483 3484
3467 3485 3480
3467 3486 3485
3476 3481 3487
3475 3476 3487
3480 3488 3481
3480 3485 3488
3488 3487 3481
3477 3489 3482
3489 3483 3482
3490 3484 3483
3489 3490 3483
3490 3491 3484
3486 3492 3485
3486 3493 3492
3485 3494 3488
3494 3487 3488
3485 3492 3494
3489 3477 3495
3475 3495 3477
3490 3489 3496
3489 3495 3496
3491 3490 3497
3490 3496 3497
3491 3497 3498
3493 3499 3492
3493 3500 3499
3492 3501 3494
3492 3499 3501
3499 3502 3501
3500 3503 3499
3499 3503 3502
3500 3504 3503
3505 3503 3504
3505 3506 3503
3506 3502 3503
3507 3506 3505
3497 3496 3508
3508 3496 3495
3501 3509 3494
3494 3509 3487
3475 3487 3509
3501 3510 3509
3502 3510 3501
3475 3509 3510
3507 3511 3506
3512 3511 3507
3475 3513 3495
3508 3495 3513
3475 3510 3514
3502 3514 3510
3475 3514 3515
3502 3515 3514
3475 3516 3513
3506 3517 3502
3502 3517 3515
3511 3517 3506
3512 3518 3511
3519 3518 3512
3520 3508 3513
3520 3513 3516
3517 3521 3515
3475 3515 3521
3511 3522 3517
3517 3522 3521
3518 3522 3511
3519 3523 3518
3524 3523 3519
3522 3525 3521
3475 3521 3525
3518 3526 3522
3522 3526 3525
3523 3526 3518
3524 3527 3523
3528 3527 3524
3526 3529 3525
3475 3525 3529
3523 3530 3526
3526 3530 3529
3527 3530 3523
3530 3531 3529
3475 3529 3531
3527 3532 3530
3530 3532 3531
3528 3533 3527
3533 3532 3527
3475 3531 3534
3532 3534 3531
3475 3534 3535
3475 3535 3536
3475 3536 3537
3532 3538 3534
3538 3535 3534
3533 3538 3532
3538 3539 3535
3539 3536 3535
3539 3538 3533
3528 3540 3533
3539 3533 3540
3528 3541 3540
3539 3542 3536
3540 3542 3539
3542 3537 3536
3541 3543 3540
3540 3543 3542
3541 3544 3543
3542 3545 3537
3543 3545 3542
3544 3546 3543
3543 3546 3545
3544 3547 3546
3545 3548 3537
3475 3537 3548
3547 3549 3546
3547 3550 3549
3546 3551 3545
3545 3551 3548
3546 3549 3551
3552 3549 3550
3552 3550 3553
3551 3554 3548
3475 3548 3554
3549 3555 3551
3551 3555 3554
3549 3552 3555
3553 3556 3552
3553 3557 3556
3556 3557 3558
3555 3559 3554
3475 3554 3559
3552 3560 3555
3555 3560 3559
3552 3556 3560
3556 3558 3561
3562 3561 3558
3560 3563 3559
3475 3559 3563
3556 3564 3560
3556 3561 3564
3560 3564 3563
3562 3565 3561
3565 3564 3561
3566 3565 3562
3475 3563 3567
3564 3567 3563
3566 3568 3565
3569 3568 3566
3565 3570 3564
3564 3570 3567
3568 3570 3565
3475 3567 3571
3570 3571 3567
3475 3571 3516
3570 3572 3571
3572 3516 3571
3568 3572 3570
3572 3520 3516
3569 3573 3568
3573 3572 3568
3573 3520 3572
3574 3573 3569
3575 3520 3573
3574 3575 3573
3575 3508 3520
3498 3575 3574
3497 3508 3575
3498 3497 3575
3576 3577 3578
3576 3578 3579
3576 3580 3577
3576 3579 3581
3576 3582 3580
3576 3581 3583
3576 3584 3582
3576 3583 3585
3576 3586 3584
3576 3585 3587
3576 3588 3586
3576 3587 3589
3576 3590 3588
3576 3589 3591
3576 3592 3590
3576 3591 3593
3576 3593 3592
3594 3595 3596
3597 3595 3594
3597 3594 3598
3599 3597 3598
3599 3598 3600
3601 3599 3600
3601 3600 3602
3603 3601 3602
3603 3602 3604
3605 3603 3604
3605 3604 3606
3607 3605 3606
3607 3606 3608
3609 3607 3608
3609 3608 3610
3611 3609 3610
3611 3610 3612
3613 3611 3612
3613 3612 3614
3615 3613 3614
3615 3614 3616
3617 3615 3616
3617 3616 3618
3619 3617 3618
3619 3618 3620
3621 3619 3620
3621 3620 3622
3623 3621 3622
3623 3622 3624
3625 3623 3624
3625 3624 3626
3627 3625 3626
3627 3626 3628
3629 3627 3628
3629 3628 3630
3631 3629 3630
3631 3630 3632
3633 3631 3632
3633 3632 3634
3635 3633 3634
3635 3634 3636
3637 3635 3636
3637 3636 3638
3639 3637 3638
3639 3638 3640
3641 3639 3640
3641 3640 3642
3643 3641 3642
3643 3642 3644
3645 3643 3644
3646 3632 3630
3647 3634 3632
3647 3632 3646
3648 3647 3646
3646 3630 3649
3648 3646 3649
3649 3630 3628
3650 3634 3647
3647 3648 3650
3650 3636 3634
3649 3628 3651
3648 3649 3651
3651 3628 3626
3652 3636 3650
3648 3652 3650
3652 3638 3636
3651 3626 3653
3653 3648 3651
3653 3626 3624
3652 3648 3654
3654 3638 3652
3648 3653 3655
3653 3624 3655
3648 3656 3654
3654 3640 3638
3656 3640 3654
3655 3624 3622
3656 3642 3640
3655 3622 3657
3648 3655 3657
3657 3622 3620
3658 3642 3656
3648 3658 3656
3658 3644 3642
3657 3620 3659
3648 3657 3659
3659 3620 3618
3659 3618 3660
3660 3648 3659
3660 3618 3616
3660 3616 3661
3648 3660 3661
3661 3616 3614
3648 3662 3658
3662 3644 3658
3648 3661 3663
3661 3614 3663
3662 3648 3664
3663 3614 3612
3662 3665 3644
3664 3665 3662
3645 3644 3665
3663 3612 3666
3648 3663 3666
3666 3612 3610
3667 3645 3665
3664 3667 3665
3667 3668 3645
3669 3668 3667
3666 3610 3670
3670 3648 3666
3670 3610 3608
3670 3608 3671
3648 3670 3671
3671 3608 3606
3671 3606 3672
3672 3648 3671
3672 3606 3604
3672 3604 3673
3648 3672 3673
3673 3604 3602
3674 3648 3673
3673 3602 3674
3674 3602 3600
3675 3648 3674
3674 3600 3675
3648 3675 3676
3675 3600 3598
3675 3598 3676
3676 3598 3594
3676 3594 3677
3648 3676 3677
3677 3594 3678
3594 3596 3678
3677 3678 3679
3679 3648 3677
3596 3680 3678
3679 3678 3680
3596 3681 3680
3680 3681 3682
3679 3680 3683
3648 3679 3683
3680 3682 3684
3683 3680 3684
3682 3685 3684
3682 3686 3685
3683 3684 3687
3687 3648 3683
3687 3684 3685
3686 3688 3685
3686 3689 3688
3687 3685 3690
3648 3687 3690
3690 3685 3688
3691 3648 3690
3690 3688 3691
3648 3691 3692
3648 3692 3693
3689 3694 3688
3691 3688 3694
3691 3694 3692
3689 3695 3694
3692 3694 3696
3695 3696 3694
3692 3696 3693
3695 3697 3696
3696 3698 3693
3648 3693 3698
3697 3699 3696
3696 3699 3698
3697 3700 3699
3700 3701 3699
3698 3699 3701
3700 3702 3701
3698 3701 3703
3703 3648 3698
3702 3704 3701
3703 3701 3704
3702 3705 3704
3703 3704 3706
3648 3703 3706
3705 3707 3704
3706 3704 3707
3705 3708 3707
3706 3707 3709
3648 3706 3709
3708 3710 3707
3709 3707 3710
3708 3711 3710
3648 3709 3712
3709 3710 3712
3711 3713 3710
3712 3710 3713
3711 3669 3713
3669 3667 3713
3714 3648 3712
3712 3713 3714
3714 3713 3667
3648 3714 3664
3714 3667 3664
3715 3716 3717
3715 3718 3716
3715 3717 3719
3715 3720 3718
3715 3719 3721
3715 3722 3720
3715 3721 3723
3715 3724 3722
3715 3723 3725
3715 3726 3724
3715 3725 3727
3715 3728 3726
3715 3727 3729
3715 3730 3728
3715 3729 3731
3715 3732 3730
3715 3731 3732
3733 3734 3735
3736 3733 3735
3733 3737 3734
3734 3737 3738
3734 3738 3739
3738 3740 3739
3736 3741 3733
3742 3741 3736
3742 3736 3743
3744 3742 3743
3745 3737 3733
3746 3733 3741
3745 3733 3746
3746 3747 3745
3748 3737 3745
3748 3738 3737
3747 3748 3745
3746 3741 3749
3749 3741 3742
3747 3746 3749
3750 3738 3748
3747 3750 3748
3738 3751 3740
3750 3751 3738
3749 3742 3752
3747 3749 3752
3744 3753 3742
3752 3742 3753
3740 3751 3754
3740 3754 3755
3754 3756 3755
3757 3751 3750
3750 3747 3757
3757 3754 3751
3747 3752 3758
3752 3753 3758
3757 3747 3759
3759 3754 3757
3760 3747 3758
3761 3753 3744
3758 3753 3761
3758 3761 3760
3761 3744 3762
3763 3761 3762
3754 3764 3756
3759 3764 3754
3764 3765 3756
3760 3761 3766
3763 3766 3761
3767 3764 3759
3747 3767 3759
3764 3768 3765
3767 3768 3764
3768 3769 3765
3760 3766 3770
3747 3760 3770
3771 3766 3763
3770 3766 3771
3771 3763 3772
3773 3771 3772
3774 3768 3767
3767 3747 3774
3768 3775 3769
3774 3775 3768
3775 3776 3769
3770 3771 3777
3747 3770 3777
3773 3778 3771
3777 3771 3778
3779 3775 3774
3747 3779 3774
3775 3780 3776
3779 3780 3775
3780 3781 3776
3747 3777 3782
3777 3778 3782
3779 3747 3783
3783 3780 3779
3784 3747 3782
3785 3778 3773
3782 3778 3785
3782 3785 3784
3785 3773 3786
3787 3785 3786
3780 3788 3781
3783 3788 3780
3784 3785 3789
3787 3789 3785
3781 3788 3790
3781 3790 3791
3790 3792 3791
3793 3788 3783
3793 3790 3788
3747 3793 3783
3784 3789 3794
3747 3784 3794
3795 3789 3787
3794 3789 3795
3795 3787 3796
3797 3795 3796
3798 3790 3793
3747 3798 3793
3790 3799 3792
3798 3799 3790
3794 3795 3800
3747 3794 3800
3797 3801 3795
3800 3795 3801
3792 3799 3802
3792 3802 3803
3802 3804 3803
3805 3799 3798
3747 3805 3798
3805 3802 3799
3747 3800 3806
3800 3801 3806
3805 3747 3807
3807 3802 3805
3808 3747 3806
3809 3801 3797
3806 3801 3809
3806 3809 3808
3809 3797 3810
3811 3809 3810
3802 3812 3804
3807 3812 3802
3808 3809 3813
3811 3813 3809
3804 3812 3814
3804 3814 3815
3814 3816 3815
3817 3812 3807
3817 3814 3812
3747 3817 3807
3808 3813 3818
3747 3808 3818
3819 3813 3811
3818 3813 3819
3819 3811 3820
3821 3819 3820
3822 3814 3817
3747 3822 3817
3814 3823 3816
3822 3823 3814
3818 3819 3824
3747 3818 3824
3821 3825 3819
3824 3819 3825
3816 3823 3826
3816 3826 3827
3826 3828 3827
3829 3823 3822
3747 3829 3822
3829 3826 3823
3747 3824 3830
3824 3825 3830
3829 3747 3831
3831 3826 3829
3832 3747 3830
3833 3825 3821
3830 3825 3833
3830 3833 3832
3833 3821 3834
3835 3833 3834
3826 3836 3828
3831 3836 3826
3832 3833 3837
3835 3837 3833
3828 3836 3838
3828 3838 3839
3838 3840 3839
3841 3836 3831
3841 3838 3836
3747 3841 3831
3832 3837 3842
3747 3832 3842
3843 3837 3835
3842 3837 3843
3843 3835 3844
3845 3843 3844
3838 3846 3840
3846 3847 3840
3848 3838 3841
3747 3848 3841
3848 3846 3838
3842 3843 3849
3747 3842 3849
3850 3845 3847
3846 3850 3847
3851 3846 3848
3747 3851 3848
3851 3850 3846
3845 3852 3843
3849 3843 3852
3850 3852 3845
3851 3747 3853
3853 3747 3849
3853 3850 3851
3853 3852 3850
3849 3852 3853
3854 3855 3856
3854 3857 3855
3854 3856 3858
3858 3856 3859
3858 3859 3860
3860 3859 3861
3862 3860 3861
3862 3858 3860
3862 3863 3858
3858 3863 3864
3858 3864 3854
3865 3854 3864
3865 3866 3854
3854 3866 3857
3867 3866 3865
3857 3866 3868
3867 3868 3866
3857 3868 3869
3870 3868 3867
3869 3868 3870
3871 3872 3873
3871 3873 3874
3871 3875 3872
3875 3876 3872
3875 3877 3876
3877 3878 3876
3879 3878 3877
3879 3877 3875
3879 3875 3880
3875 3881 3880
3875 3871 3881
3882 3881 3871
3882 3871 3883
3871 3874 3883
3884 3882 3883
3874 3885 3883
3884 3883 3885
3874 3886 3885
3887 3884 3885
3886 3887 3885
3888 3889 3890
3888 3889 3890
3888 3890 3891
3888 3890 3891
3892 3893 3894
3892 3893 3894
3892 3894 3895
3892 3894 3895
3896 3897 3898
3896 3897 3898
3896 3898 3899
3896 3898 3899
3900 3901 3902
3900 3901 3902
3900 3902 3903
3900 3902 3903
3904 3905 3906
3904 3905 3906
3904 3906 3907
3904 3906 3907
3908 3909 3910
3908 3909 3910
3908 3910 3911
3908 3910 3911
3912 3913 3914
3912 3913 3914
3912 3914 3915
3912 3914 3915
3916 3917 3918
3916 3917 3918
3916 3918 3919
3916 3918 3919
3920 3921 3922
3920 3921 3922
3920 3922 3923
3920 3922 3923
3924 3925 3926
3924 3925 3926
3924 3926 3927
3924 3926 3927
3928 3929 3930
3928 3929 3930
3928 3930 3931
3928 3930 3931
3932 3933 3934
3932 3933 3934
3932 3934 3935
3932 3934 3935
3936 3937 3938
3936 3937 3938
3936 3938 3939
3936 3938 3939
3940 3941 3942
3940 3941 3942
3940 3942 3943
3940 3942 3943
3944 3945 3946
3944 3945 3946
3944 3946 3947
3944 3946 3947
3948 3949 3950
3948 3949 3950
3948 3950 3951
3948 3950 3951
3952 3953 3954
3952 3953 3954
3952 3954 3955
3952 3954 3955
3956 3957 3958
3956 3957 3958
3956 3958 3959
3956 3958 3959
3960 3961 3962
3960 3961 3962
3960 3962 3963
3960 3962 3963
3964 3965 3966
3964 3965 3966
3964 3966 3967
3964 3966 3967
3968 3969 3970
3968 3969 3970
3968 3970 3971
3968 3970 3971
3972 3973 3974
3972 3973 3974
3972 3974 3975
3972 3974 3975
3976 3977 3978
3976 3977 3978
3976 3978 3979
3976 3978 3979
3980 3981 3982
3980 3981 3982
3980 3982 3983
3980 3982 3983
3984 3985 3986
3984 3985 3986
3984 3986 3987
3984 3986 3987
3988 3989 3990
3988 3989 3990
3988 3990 3991
3988 3990 3991
3992 3993 3994
3992 3993 3994
3992 3994 3995
3992 3994 3995
3996 3997 3998
3996 3997 3998
3996 3999 3997
3996 3999 3997
3999 4000 3997
3999 4001 4000
3999 4002 3997
3999 4001 4002
4003 4004 4005
4003 4004 4005
4003 4005 4006
4003 4005 4006
4007 4008 4009
4007 4008 4009
4007 4009 4010
4007 4009 4010
4011 4012 4013
4011 4012 4013
4011 4013 4014
4011 4013 4014
4015 4016 4017
4015 4016 4017
4015 4017 4018
4015 4017 4018
4019 4020 4021
4019 4021 4022
4019 4020 4023
4019 4023 4022
4024 4025 4026
4024 4025 4026
4024 4026 4027
4024 4026 4027
4028 4029 4030
4028 4029 4030
4028 4030 4031
4028 4030 4031
4032 4033 4034
4032 4033 4034
4032 4035 4033
4032 4035 4033
4035 4032 4036
4035 4032 4036
4035 4036 4037
4035 4036 4037
4037 4036 4038
4037 4036 4038
4037 4038 4039
4037 4038 4039
4040 4041 4042
4040 4041 4042
4040 4042 4043
4040 4042 4043
4044 4045 4046
4044 4045 4046
4044 4046 4047
4044 4046 4047
4048 4049 4050
4048 4049 4050
4048 4050 4051
4048 4050 4051
4052 4053 4054
4052 4053 4054
4052 4054 4055
4052 4054 4055
4056 4057 4058
4056 4057 4058
4056 4058 4059
4056 4058 4059
4060 4061 4062
4060 4061 4062
4060 4062 4063
4060 4062 4063
4064 4065 4066
4064 4065 4066
4064 4066 4067
4064 4066 4067
4068 4069 4070
4068 4069 4070
4068 4070 4071
4068 4070 4071
4072 4073 4074
4072 4073 4074
4072 4074 4075
4072 4074 4075
4076 4077 4078
4076 4077 4078
4076 4078 4079
4076 4078 4079
4079 4078 4080
4079 4080 4081
4079 4078 4082
4079 4082 4081
4083 4084 4085
4083 4084 4085
4083 4086 4084
4083 4086 4084
4087 4084 4086
4087 4084 4086
4087 4086 4088
4087 4086 4088
4089 4087 4088
4089 4087 4088
4089 4090 4087
4089 4090 4087
4091 4092 4093
4091 4092 4093
4091 4093 4094
4091 4093 4094
4095 4096 4097
4095 4096 4097
4095 4097 4098
4095 4097 4098
4099 4100 4101
4099 4100 4101
4099 4101 4102
4099 4101 4102
4103 4104 4105
4103 4104 4105
4103 4105 4106
4103 4105 4106
4107 4108 4109
4107 4109 4110
4107 4108 4111
4107 4111 4110
4112 4113 4114
4112 4113 4114
4112 4114 4115
4112 4114 4115
4116 4117 4118
4116 4117 4118
4116 4118 4119
4116 4118 4119
4120 4121 4122
4120 4121 4122
4120 4122 4123
4120 4122 4123
4123 4124 4120
4123 4124 4120
4123 4125 4124
4123 4125 4124
4125 4126 4124
4125 4126 4124
4125 4127 4126
4125 4127 4126
4128 4129 4130
4128 4129 4130
4128 4130 4131
4128 4130 4131
4132 4133 4134
4132 4133 4134
4132 4134 4135
4132 4134 4135
4136 4137 4138
4136 4137 4138
4136 4138 4139
4136 4138 4139
4140 4141 4142
4140 4141 4142
4140 4142 4143
4140 4142 4143
