byte offset: 0
first index: 0
index count: 20274
topology: trianglelist
format: DXGI_FORMAT_R16_UINT

0 1 2
3 4 5
6 4 7
6 7 8
9 8 7
9 7 10
11 9 10
11 10 12
12 13 11
14 15 16
17 18 19
20 21 22
23 24 25
26 27 28
28 29 30
28 30 31
31 30 32
31 32 33
33 32 34
35 28 31
36 31 33
36 35 31
35 37 28
37 38 28
39 38 37
40 38 39
39 41 40
42 39 37
39 42 41
42 37 35
42 43 41
44 42 35
42 44 43
44 35 36
44 45 43
44 46 45
46 44 36
46 47 45
48 36 33
46 36 48
48 33 49
33 34 49
50 46 48
50 48 49
34 51 49
50 49 51
34 52 51
51 52 53
46 54 47
50 54 46
47 54 55
55 54 50
47 55 56
55 57 56
58 50 51
55 50 58
59 55 58
51 53 60
58 51 60
59 58 60
60 53 61
60 61 62
59 60 62
62 61 63
62 63 64
59 62 64
64 63 65
55 66 57
59 66 55
57 66 67
67 66 59
57 67 68
67 69 68
59 64 70
67 59 70
64 65 71
71 70 64
72 71 65
67 73 69
70 73 67
73 74 69
70 75 73
71 75 70
73 76 74
75 76 73
76 77 74
72 78 71
78 72 79
80 75 71
75 80 76
80 71 78
76 81 77
80 81 76
81 82 77
78 79 83
83 79 84
83 84 85
86 80 78
86 78 83
80 86 81
85 86 83
86 87 81
81 87 82
86 85 87
82 87 88
88 87 85
82 88 89
88 85 90
91 92 93
93 94 95
94 96 95
97 93 96
94 98 96
97 99 93
93 99 94
100 99 97
100 101 99
101 94 99
102 101 100
103 98 94
101 103 94
103 104 98
102 105 101
105 103 101
106 104 103
105 106 103
106 107 104
108 107 106
108 106 105
108 109 107
110 105 102
108 105 110
110 102 111
112 109 108
112 108 110
112 113 109
114 110 111
112 110 114
114 111 115
116 113 112
116 117 113
118 117 116
118 119 117
118 120 119
118 121 120
120 121 122
120 122 123
123 122 124
125 112 114
123 124 126
125 114 127
127 114 115
128 125 127
126 124 129
126 129 130
129 124 131
127 115 132
132 115 133
128 127 134
134 127 132
134 135 128
136 132 133
134 132 136
136 133 137
134 138 135
136 138 134
137 139 136
136 139 138
137 140 139
141 139 140
138 139 141
141 140 142
143 141 142
135 138 144
138 141 144
135 144 145
143 146 141
146 144 141
131 145 144
146 131 144
131 147 145
148 146 143
148 143 149
150 148 149
151 131 146
151 146 148
129 131 151
150 152 148
152 151 148
153 129 151
152 153 151
154 152 150
154 150 155
153 156 129
130 129 156
130 156 157
158 153 152
158 156 153
157 156 158
158 152 154
157 158 159
159 158 160
160 158 154
159 160 161
162 154 155
160 154 162
162 155 163
161 160 164
164 160 162
161 164 165
164 166 165
167 162 163
164 162 167
167 163 168
164 169 166
169 164 167
170 167 168
169 167 170
170 168 171
172 170 171
172 173 170
166 169 174
170 174 169
170 173 174
166 174 175
175 174 176
173 176 174
175 176 177
177 176 178
173 179 176
180 176 179
178 179 181
181 179 173
181 173 182
183 184 185
186 187 188
189 190 191
192 193 194
195 196 197
195 198 196
199 196 198
199 198 200
201 199 200
201 202 199
198 203 200
198 204 203
205 203 204
205 206 203
207 203 206
200 203 208
207 208 203
200 208 201
209 208 207
209 210 208
201 208 210
211 210 209
201 210 212
202 201 212
211 213 210
202 212 214
215 213 211
214 212 216
214 216 217
212 210 218
212 218 216
217 216 219
217 219 220
216 218 221
216 221 219
222 220 219
222 223 220
215 224 213
225 224 215
225 226 224
227 213 224
228 226 225
227 229 213
229 210 213
229 230 210
230 231 210
231 232 210
232 233 210
233 218 210
233 221 218
233 234 221
228 235 226
236 235 228
236 237 235
237 236 238
237 238 239
240 239 238
240 241 239
234 242 221
234 243 242
243 244 242
219 221 242
219 242 222
222 242 245
222 245 246
246 223 222
246 245 247
246 248 223
246 247 249
249 248 246
249 247 250
249 251 248
249 250 252
252 251 249
252 250 253
252 254 251
252 253 255
255 254 252
256 255 253
255 257 254
255 256 257
258 259 260
261 260 259
261 259 262
263 260 261
263 264 260
265 263 261
266 261 262
265 261 266
266 262 267
266 268 265
267 269 266
266 269 268
267 270 269
271 268 269
272 269 270
271 269 272
272 270 273
272 274 271
272 273 275
272 276 274
272 275 276
276 277 274
275 278 276
276 278 277
275 279 278
277 278 280
280 278 279
277 280 281
280 279 282
280 283 281
283 280 282
284 285 286
284 286 287
288 289 286
288 290 289
288 291 290
288 292 291
293 291 292
293 294 291
293 295 294
293 296 295
296 297 295
296 298 297
298 299 297
298 300 299
301 299 300
301 300 302
301 302 303
301 303 304
305 306 304
305 307 306
306 307 308
306 308 309
308 310 309
308 311 310
311 312 310
313 314 315
313 316 314
313 317 316
318 316 317
318 317 319
318 319 320
321 322 323
322 324 323
322 325 324
325 326 324
325 327 326
327 328 326
327 329 328
330 328 329
330 331 328
332 331 330
332 333 331
334 335 333
334 336 335
336 337 335
336 338 337
339 337 338
339 340 337
341 340 339
342 337 340
341 343 340
344 343 341
342 340 345
343 345 340
346 342 345
346 345 347
347 345 348
343 348 345
347 348 349
344 350 343
350 348 343
351 350 344
352 349 348
350 352 348
352 353 349
354 353 352
351 355 350
352 350 355
356 355 351
354 352 357
352 355 357
358 354 357
356 359 355
357 355 359
360 359 356
358 357 361
357 359 361
362 358 361
360 363 359
361 359 363
364 363 360
362 361 365
361 363 365
366 362 365
364 367 363
365 363 367
368 367 364
366 365 369
365 367 369
368 370 367
369 367 370
371 370 368
371 368 372
373 371 372
374 366 369
369 370 374
374 370 371
374 375 366
375 374 376
374 371 376
375 376 377
376 378 377
371 379 376
376 379 378
378 379 380
378 380 381
380 382 381
371 383 379
373 383 371
379 383 380
384 383 373
380 383 384
384 373 385
386 384 385
386 380 384
380 387 382
386 387 380
387 388 382
386 388 387
389 390 391
389 391 392
389 392 393
389 393 394
393 395 394
393 396 395
395 396 397
395 397 398
397 399 398
397 400 399
399 400 401
399 401 402
401 403 402
401 404 403
404 405 403
404 406 405
406 407 405
406 408 407
408 409 407
408 410 409
410 411 409
410 412 411
412 413 411
414 415 392
414 392 391
416 414 391
416 391 417
418 416 417
418 419 416
420 419 418
420 418 421
421 422 420
422 423 420
421 424 422
422 424 423
421 425 424
424 426 423
425 427 424
424 427 426
427 425 428
427 428 429
429 430 427
426 427 431
426 431 432
433 434 435
433 436 434
436 433 437
434 436 438
438 439 434
434 439 440
436 437 441
441 437 442
437 443 442
444 442 443
444 445 442
446 445 444
441 442 447
445 447 442
446 448 445
448 446 449
445 450 447
448 450 445
436 451 438
441 452 436
436 452 451
453 441 447
441 453 452
450 454 447
453 447 454
455 438 451
455 439 438
448 449 456
449 457 456
449 458 457
448 459 450
459 448 456
450 460 454
460 450 459
459 456 461
457 461 456
457 458 462
458 463 462
462 463 464
460 459 465
461 465 459
462 464 466
457 462 467
467 462 466
464 468 466
464 469 468
467 466 470
468 470 466
468 469 471
469 472 471
471 472 473
468 474 470
474 468 471
475 467 470
474 475 470
476 457 467
475 476 467
476 477 457
457 477 461
477 478 461
461 478 465
477 479 478
476 479 477
480 465 478
480 478 481
465 480 460
482 480 481
476 483 479
479 483 484
482 484 485
476 475 486
476 486 483
480 487 460
482 488 480
480 488 487
489 488 482
482 485 489
489 490 488
488 490 487
491 460 487
491 454 460
492 489 485
489 492 490
454 491 493
454 493 453
494 453 493
494 452 453
452 494 495
496 494 493
452 495 451
491 497 493
496 493 497
498 491 487
491 498 497
499 497 498
498 487 500
490 500 487
500 499 498
451 495 501
451 501 455
497 502 496
502 497 499
490 503 500
490 492 503
503 504 500
500 504 499
503 505 504
492 506 503
504 505 507
492 508 506
492 485 508
455 501 509
439 455 509
504 510 499
504 507 510
508 511 506
511 512 506
439 509 513
440 439 513
510 514 499
510 515 514
507 515 510
516 499 514
507 517 515
518 517 507
512 518 507
519 518 512
519 512 511
516 502 499
520 519 511
521 502 516
520 511 522
523 520 522
522 511 508
521 524 502
502 524 496
524 521 525
496 524 526
524 525 527
524 527 526
527 525 528
527 528 529
526 527 529
529 528 530
523 522 531
532 523 531
522 508 533
533 531 522
533 508 485
532 531 534
534 535 532
533 536 531
534 531 536
533 485 537
536 533 537
537 485 538
539 537 538
536 537 539
539 538 540
534 541 535
542 535 541
534 536 543
539 543 536
541 534 543
544 539 540
539 544 543
544 540 545
542 541 546
547 542 546
541 543 548
544 548 543
548 546 541
545 549 544
544 549 548
545 550 549
547 546 551
551 552 547
548 553 546
553 548 549
551 546 553
554 549 550
553 549 554
554 550 555
551 556 552
557 552 556
551 553 558
554 558 553
558 556 551
559 554 555
554 559 558
559 555 560
557 556 561
561 562 557
558 563 556
559 563 558
561 556 563
560 564 559
559 564 563
560 565 564
561 566 562
566 567 562
561 563 568
568 563 564
566 561 568
569 564 565
568 564 569
569 565 570
571 569 570
569 571 568
571 570 572
566 573 567
573 574 567
566 568 575
571 575 568
573 566 575
576 571 572
571 576 575
576 572 577
573 578 574
578 579 574
573 575 580
576 580 575
580 578 573
581 576 577
581 577 582
583 581 582
584 580 576
580 584 578
584 576 581
578 585 579
578 584 585
581 585 584
581 583 585
579 585 586
586 585 583
587 588 589
587 589 590
591 587 590
592 590 589
589 593 592
593 589 594
589 595 594
596 593 594
592 597 590
592 593 598
592 598 599
600 599 598
600 601 599
602 598 593
602 600 598
603 601 600
603 604 601
604 605 597
604 603 605
603 606 605
607 605 606
605 608 597
590 597 608
606 609 607
610 590 608
591 590 610
610 608 611
612 603 600
606 603 612
609 613 611
610 611 614
613 614 611
610 614 615
616 610 615
616 591 610
613 617 614
618 591 616
619 613 609
606 619 609
619 617 613
618 620 591
587 591 620
621 620 618
620 621 622
587 620 622
587 622 623
623 624 587
622 621 625
623 626 624
623 627 626
622 625 628
623 622 628
625 629 628
623 628 629
625 630 629
623 631 627
623 629 631
629 630 632
631 629 633
629 632 633
633 632 634
630 635 632
632 636 634
630 637 635
638 635 636
631 633 639
627 631 639
639 633 634
637 640 635
635 641 636
635 640 641
642 636 641
636 643 634
642 643 636
640 644 641
644 642 641
643 645 634
645 643 646
639 634 647
627 639 648
648 639 647
649 634 645
634 649 647
637 650 640
650 637 651
651 637 652
651 652 653
654 651 653
654 655 651
655 654 618
656 651 655
650 651 656
657 655 618
656 655 657
658 657 618
657 658 659
660 656 657
657 659 660
661 656 660
659 661 660
661 650 656
659 662 661
661 662 663
650 661 664
661 663 664
650 664 640
663 665 664
664 665 640
663 666 665
640 665 644
665 666 667
665 667 644
667 668 644
667 669 668
644 668 642
668 669 670
642 668 670
669 671 670
670 671 672
669 673 671
671 673 674
642 670 675
670 672 675
676 642 675
646 676 675
646 675 672
671 674 677
672 671 677
674 678 677
674 679 678
680 678 679
681 677 678
672 677 681
680 682 678
681 678 682
683 682 680
684 672 681
685 681 682
684 681 685
686 685 682
686 682 683
686 684 685
687 672 684
646 672 687
686 688 684
688 687 684
689 646 687
688 689 687
690 688 686
683 690 686
689 691 646
691 645 646
692 689 688
690 692 688
691 693 645
649 645 693
694 693 691
695 694 691
695 696 694
649 693 697
694 697 693
694 696 698
698 697 694
692 699 689
689 699 700
699 701 696
701 698 696
701 702 698
702 703 698
698 703 697
649 697 704
647 649 704
697 703 705
697 705 704
647 704 706
648 647 706
703 707 705
703 702 707
705 708 704
707 708 705
708 706 704
707 709 708
710 648 706
710 706 708
648 710 711
648 711 627
708 712 710
708 713 712
710 714 711
710 712 714
711 714 715
627 711 716
711 715 716
627 716 717
627 717 626
718 626 717
718 719 626
596 718 717
720 596 717
716 720 717
593 596 720
716 715 721
716 721 720
593 720 722
602 593 722
723 722 720
721 723 720
723 602 722
721 715 724
715 725 724
726 724 725
715 727 725
712 725 727
721 724 728
728 724 726
712 729 725
729 712 713
730 725 729
726 725 730
731 729 713
731 730 729
731 732 730
732 733 730
726 730 733
734 721 728
734 723 721
728 726 735
728 736 734
728 735 736
737 723 734
738 734 736
738 737 734
739 738 736
735 740 736
739 736 740
739 740 741
742 740 735
742 735 726
742 741 740
726 733 743
742 726 743
733 744 743
744 742 743
737 745 723
723 745 602
746 602 745
602 746 600
747 600 746
746 745 748
737 748 745
747 746 748
741 742 749
744 749 742
744 750 749
750 741 749
744 733 751
750 744 751
733 752 751
752 750 751
747 753 600
612 600 753
737 754 748
754 737 738
755 753 747
755 612 753
754 738 756
739 756 738
748 754 757
758 754 756
758 757 754
758 759 757
748 757 760
747 748 760
761 758 756
739 761 756
739 762 761
761 763 758
763 759 758
763 761 762
764 760 757
759 764 757
747 760 765
764 765 760
739 766 762
739 741 766
741 767 766
767 762 766
759 768 764
768 765 764
747 765 769
755 747 769
770 769 765
768 770 765
741 771 767
750 771 741
772 771 750
767 771 772
773 755 769
770 773 769
772 750 774
752 774 750
768 775 770
776 773 770
776 770 775
775 777 776
768 778 775
777 775 778
779 778 768
759 779 768
777 778 780
779 780 778
773 781 755
773 776 782
773 782 781
783 755 781
755 783 612
784 612 783
784 606 612
759 785 779
779 786 780
779 785 786
777 780 787
787 780 786
759 788 785
763 788 759
789 781 782
783 781 790
789 790 781
790 791 783
784 783 791
789 782 792
776 792 782
790 793 791
790 789 793
794 784 791
606 784 794
794 791 795
795 791 793
606 794 796
795 793 797
606 796 619
793 798 797
789 798 793
799 619 796
800 798 789
789 792 800
800 801 798
799 802 619
619 802 617
799 803 802
803 617 802
799 804 803
803 805 617
806 801 800
806 807 801
800 792 808
800 808 806
807 806 809
807 809 810
811 810 809
812 811 809
812 809 806
812 806 808
811 813 810
814 810 813
815 814 813
811 815 813
815 816 814
817 816 815
811 817 815
817 818 816
792 819 808
820 812 808
820 808 819
821 819 792
776 821 792
821 776 777
819 821 777
822 819 777
820 819 822
822 823 820
822 777 787
787 823 822
824 812 820
824 820 823
823 825 824
824 826 812
825 826 824
812 826 811
827 811 826
825 827 826
787 828 823
828 787 786
827 829 811
811 829 817
830 817 829
830 818 817
827 831 829
830 829 831
825 832 827
827 832 831
833 828 786
785 833 786
785 834 833
834 785 788
834 788 835
763 835 788
763 836 835
763 762 836
835 836 837
837 836 762
835 838 834
835 837 838
834 839 833
838 839 834
828 833 840
839 840 833
837 762 841
767 841 762
842 841 767
767 772 842
843 837 841
842 843 841
837 844 838
843 844 837
839 838 845
844 845 838
846 845 844
839 845 847
840 839 847
846 847 845
848 844 843
846 844 848
843 842 849
848 843 849
850 842 772
842 850 849
848 849 851
851 849 850
852 846 848
848 851 852
850 772 853
853 772 774
854 850 853
854 853 774
851 850 855
854 855 850
856 851 855
856 852 851
857 855 854
857 856 855
854 774 858
857 854 859
854 858 859
774 860 858
774 752 860
752 861 860
752 862 861
858 860 863
861 863 860
862 864 861
862 865 864
865 866 864
857 867 856
868 867 857
856 867 869
868 869 867
856 869 852
868 857 870
859 870 857
859 858 871
859 872 870
859 871 872
871 858 873
873 858 863
872 874 870
871 875 872
875 874 872
876 871 873
876 875 871
877 873 863
877 876 873
878 868 870
874 878 870
877 863 879
861 879 863
880 879 861
880 861 864
876 881 875
875 882 874
875 881 882
877 883 876
876 883 881
883 884 881
877 885 883
884 883 885
877 879 886
885 877 886
887 879 880
887 886 879
888 880 864
888 887 880
889 888 864
866 889 864
866 890 889
890 866 713
891 890 713
891 889 890
891 892 889
892 888 889
891 702 892
893 888 892
702 893 892
888 894 887
893 894 888
895 886 887
894 895 887
896 894 893
894 896 895
895 897 886
885 886 897
898 897 895
896 898 895
896 893 899
702 899 893
896 900 898
900 896 899
702 901 899
901 900 899
900 902 898
902 903 898
702 904 901
701 904 702
905 900 901
900 905 902
904 906 901
906 905 901
907 904 701
907 906 904
908 907 701
908 701 699
692 908 699
909 908 692
907 908 909
909 692 910
910 692 690
910 690 911
683 911 690
683 912 911
912 910 911
683 913 912
912 914 910
913 914 912
914 909 910
913 915 914
914 915 916
914 917 909
914 916 917
907 909 918
917 918 909
916 919 917
917 919 918
916 920 919
921 907 918
919 921 918
921 906 907
920 922 919
921 919 922
920 923 922
922 923 924
906 921 925
921 922 925
906 925 905
922 924 926
925 922 926
905 925 927
925 926 927
905 927 902
924 928 926
928 927 926
924 929 928
930 902 927
903 902 930
929 931 928
929 932 931
928 933 927
930 927 933
933 928 931
934 903 930
934 885 903
935 930 933
935 933 931
935 934 930
932 936 931
935 931 936
932 937 936
885 934 938
938 934 935
884 885 938
939 938 935
939 935 936
939 884 938
937 940 936
940 939 936
937 941 940
940 942 939
942 884 939
940 941 943
940 943 942
941 944 943
943 944 945
942 943 946
946 943 945
947 884 942
942 946 947
948 946 945
947 946 948
948 945 949
947 950 884
881 884 950
951 950 947
951 947 948
950 952 881
950 951 952
881 952 882
953 948 949
954 953 949
953 954 955
951 948 956
952 951 956
948 953 956
953 955 957
957 956 953
957 955 958
952 956 959
882 952 959
960 957 958
960 958 961
957 962 956
959 956 962
962 957 960
959 962 963
882 959 964
965 963 962
882 964 966
882 966 874
964 967 966
967 968 965
969 960 961
969 961 970
971 969 970
971 972 969
962 960 973
973 960 969
973 969 972
965 962 973
973 972 974
975 973 974
975 965 973
967 965 975
967 975 976
967 976 977
966 967 977
977 976 978
966 977 979
979 874 966
979 878 874
979 977 980
977 981 980
982 878 979
979 980 982
982 983 878
982 984 983
878 983 868
868 983 984
980 985 982
982 985 984
868 984 986
868 986 869
869 986 987
984 987 986
869 987 988
988 987 989
852 869 988
984 990 987
990 989 987
991 984 985
991 990 984
980 992 985
992 991 985
993 992 980
993 980 994
852 988 995
852 995 846
996 995 988
846 995 996
988 989 997
996 988 997
998 990 991
990 998 989
992 999 991
993 999 992
1000 993 994
1001 1000 994
846 996 1002
846 1002 847
1003 847 1002
1003 840 847
1004 1002 996
1003 1002 1004
1004 996 1005
1005 996 997
1004 1006 1003
1006 1004 1005
840 1003 1007
1003 1006 1007
1007 1006 1008
1009 840 1007
1009 1007 1008
1009 828 840
1009 823 828
1009 1010 823
1009 1008 1010
823 1010 825
1008 825 1010
1005 997 1011
989 1011 997
1008 1012 825
825 1012 832
1012 1013 832
831 832 1013
1008 1014 1012
1012 1014 1013
1008 1015 1014
1015 1008 1006
1006 1005 1016
1016 1015 1006
1015 1017 1014
1017 1015 1016
1018 1013 1014
1018 1014 1017
1017 1019 1018
831 1013 1020
1020 1013 1018
1016 1005 1021
1022 1016 1021
1005 1011 1021
1022 1021 1011
1017 1016 1023
1017 1023 1019
1023 1016 1022
1019 1023 1022
831 1020 1024
831 1024 830
1020 1018 1025
1025 1018 1019
1026 1020 1025
1026 1024 1020
1024 1026 1027
1024 1028 830
830 1028 818
1029 1026 1025
1025 1019 1029
1027 1026 1030
1029 1030 1026
1024 1031 1028
1024 1027 1031
818 1028 1032
818 1032 1033
1032 1034 1033
1035 1028 1031
1035 1032 1028
1032 1036 1034
1036 1032 1035
1037 1034 1036
1038 1031 1027
1038 1035 1031
1019 1039 1029
1019 1040 1039
1019 1022 1040
1041 1040 1022
1041 1039 1040
1029 1039 1042
1029 1042 1030
1041 1022 1043
1022 1011 1043
989 1043 1011
989 1041 1043
989 998 1041
1041 1044 1039
998 1044 1041
1042 1039 1044
998 1045 1044
998 991 1045
999 1045 991
1044 1045 1046
999 1046 1045
1042 1044 1047
1044 1046 1047
1046 999 1048
993 1048 999
1047 1046 1049
1046 1048 1049
993 1050 1048
1049 1048 1050
993 1000 1050
1051 1042 1047
1047 1049 1051
1051 1052 1042
1030 1042 1052
1030 1052 1053
1027 1030 1053
1054 1053 1052
1027 1053 1055
1053 1054 1055
1027 1055 1056
1056 1038 1027
1056 1055 1057
1055 1054 1057
1054 1052 1058
1051 1058 1052
1038 1056 1059
1056 1057 1059
1058 1060 1054
1054 1060 1057
1051 1061 1058
1058 1061 1060
1062 1051 1049
1051 1062 1061
1063 1057 1060
1063 1059 1057
1038 1059 1064
1035 1038 1064
1062 1049 1065
1049 1050 1065
1060 1061 1066
1066 1063 1060
1063 1067 1059
1067 1064 1059
1035 1064 1068
1036 1035 1068
1069 1068 1064
1067 1069 1064
1036 1068 1070
1069 1070 1068
1036 1070 1071
1037 1036 1071
1072 1071 1070
1072 1070 1069
1073 1037 1071
1072 1073 1071
1073 1074 1037
1074 1073 1075
1075 1073 1076
1076 1073 1072
1077 1067 1063
1069 1067 1078
1077 1078 1067
1072 1069 1079
1069 1078 1079
1072 1080 1076
1072 1079 1080
1079 1078 1081
1079 1081 1080
1078 1082 1081
1078 1077 1082
1083 1076 1080
1076 1083 1084
1083 1080 1085
1086 1085 1082
1085 1087 1082
1088 1087 1085
1077 1089 1082
1077 1090 1089
1090 1077 1063
1090 1063 1066
1089 1090 1091
1089 1091 1092
1093 1092 1091
1094 1090 1066
1094 1091 1090
1094 1093 1091
1061 1094 1066
1061 1095 1094
1094 1095 1093
1061 1062 1095
1062 1096 1095
1093 1095 1096
1062 1065 1096
1093 1097 1092
1098 1097 1093
1098 1093 1099
1093 1096 1099
1100 1098 1099
1100 1099 1101
1101 1099 1096
1100 1101 1102
1103 1096 1065
1101 1096 1103
1103 1065 1050
1101 1104 1102
1104 1101 1103
1105 1103 1050
1104 1103 1105
1105 1050 1000
1104 1106 1102
1106 1104 1105
1106 1107 1102
1108 1105 1000
1106 1105 1108
1109 1108 1000
1109 1110 1108
1107 1106 1111
1112 1107 1111
1108 1113 1106
1106 1113 1111
1108 1110 1113
1114 1112 1111
1113 1114 1111
1114 1115 1112
1115 1114 1116
1115 1116 1117
1118 1116 1114
1118 1114 1113
1118 1113 1110
1118 1110 1119
1120 1119 1110
1120 1110 1121
1122 1123 1092
1092 1123 1124
1092 1124 1125
1125 1124 1126
1127 1128 1129
1127 1130 1128
1130 1127 1131
1132 1128 1130
1132 1133 1128
1130 1131 1134
1135 1134 1131
1130 1134 1136
1130 1136 1132
1137 1133 1132
1137 1138 1133
1139 1138 1137
1135 1140 1134
1140 1136 1134
1132 1136 1141
1132 1141 1137
1139 1137 1142
1142 1137 1141
1143 1139 1142
1144 1140 1135
1144 1135 1145
1140 1146 1136
1144 1146 1140
1141 1136 1146
1144 1147 1146
1148 1146 1147
1143 1142 1149
1149 1150 1143
1141 1146 1151
1148 1151 1146
1142 1141 1152
1152 1141 1151
1149 1142 1152
1153 1151 1148
1152 1151 1153
1154 1152 1153
1153 1148 1155
1154 1153 1155
1154 1155 1156
1154 1156 1157
1149 1152 1158
1154 1158 1152
1149 1159 1150
1158 1159 1149
1154 1157 1160
1160 1157 1161
1162 1158 1154
1158 1162 1159
1162 1154 1160
1163 1150 1159
1162 1163 1159
1163 1164 1150
1165 1164 1163
1160 1161 1166
1166 1162 1160
1167 1166 1161
1165 1163 1168
1168 1169 1165
1162 1170 1163
1166 1170 1162
1170 1168 1163
1167 1171 1166
1171 1170 1166
1168 1172 1169
1169 1172 1173
1170 1174 1168
1171 1174 1170
1174 1172 1168
1167 1175 1171
1175 1174 1171
1167 1176 1175
1173 1175 1176
1174 1177 1172
1177 1173 1172
1175 1177 1174
1173 1177 1175
1178 1179 1180
1178 1180 1181
1181 1180 1182
1183 1178 1181
1183 1184 1178
1185 1183 1181
1181 1182 1186
1185 1181 1186
1187 1186 1182
1187 1182 1188
1185 1186 1189
1185 1189 1190
1191 1190 1189
1187 1188 1192
1191 1189 1193
1187 1192 1193
1194 1191 1193
1192 1195 1193
1194 1193 1195
1192 1196 1195
1197 1194 1195
1197 1195 1196
1197 1196 1198
1197 1199 1194
1200 1197 1198
1199 1197 1201
1200 1201 1197
1199 1201 1202
1201 1200 1203
1204 1202 1201
1201 1203 1205
1204 1201 1205
1203 1206 1205
1204 1205 1206
1203 1207 1206
1204 1206 1208
1209 1206 1207
1208 1206 1209
1210 1211 1212
1210 1213 1211
1210 1214 1213
1210 1215 1214
1215 1216 1214
1215 1217 1216
1218 1216 1217
1218 1217 1219
1218 1219 1220
1218 1220 1221
1221 1220 1222
1221 1222 1223
1224 1223 1222
1224 1222 1225
1224 1225 1226
1224 1226 1227
1226 1228 1227
1226 1229 1228
1228 1229 1230
1231 1224 1227
1231 1232 1224
1228 1230 1233
1234 1233 1230
1235 1227 1228
1231 1227 1235
1231 1236 1232
1237 1231 1235
1236 1231 1237
1232 1236 1238
1232 1238 1239
1236 1237 1240
1236 1240 1241
1236 1241 1238
1238 1241 1242
1239 1238 1243
1238 1242 1243
1239 1243 1244
1242 1245 1243
1244 1243 1245
1242 1246 1245
1244 1245 1247
1246 1248 1245
1247 1245 1248
1246 1249 1248
1247 1248 1250
1248 1249 1251
1252 1250 1248
1248 1251 1252
1252 1253 1250
1251 1254 1252
1253 1252 1254
1251 1255 1254
1253 1254 1256
1257 1254 1255
1254 1258 1256
1254 1257 1258
1259 1260 1261
1259 1261 1262
1259 1262 1263
1264 1263 1262
1265 1263 1264
1264 1262 1266
1267 1266 1262
1267 1268 1266
1268 1269 1266
1264 1266 1269
1268 1270 1269
1264 1269 1271
1265 1264 1271
1270 1272 1269
1271 1269 1272
1270 1273 1272
1272 1273 1274
1272 1274 1275
1275 1274 1276
1271 1272 1277
1272 1275 1277
1271 1277 1278
1278 1277 1275
1265 1271 1279
1271 1278 1279
1265 1279 1280
1278 1280 1279
1275 1276 1281
1282 1281 1276
1282 1276 1283
1283 1284 1282
1284 1285 1282
1285 1284 1286
1285 1286 1287
1288 1281 1282
1282 1285 1288
1275 1281 1289
1288 1289 1281
1285 1287 1290
1290 1288 1285
1291 1290 1287
1287 1292 1291
1292 1293 1291
1275 1289 1294
1278 1275 1294
1289 1295 1294
1295 1278 1294
1288 1296 1289
1289 1296 1295
1290 1297 1288
1288 1297 1296
1295 1298 1278
1278 1298 1280
1296 1299 1295
1299 1298 1295
1291 1293 1300
1300 1293 1301
1302 1300 1301
1302 1301 1303
1304 1297 1290
1304 1290 1291
1297 1305 1296
1296 1305 1299
1299 1306 1298
1306 1280 1298
1307 1291 1300
1302 1307 1300
1297 1304 1308
1297 1308 1305
1309 1299 1305
1309 1306 1299
1309 1305 1308
1304 1291 1310
1307 1310 1291
1310 1308 1304
1310 1311 1308
1307 1311 1310
1312 1308 1311
1312 1309 1308
1307 1313 1311
1313 1312 1311
1307 1302 1314
1307 1314 1313
1315 1313 1314
1316 1314 1302
1303 1316 1302
1313 1317 1312
1315 1317 1313
1312 1317 1318
1318 1317 1315
1309 1312 1319
1312 1318 1319
1316 1320 1314
1320 1315 1314
1303 1321 1316
1322 1321 1303
1316 1321 1323
1320 1316 1323
1321 1322 1324
1323 1321 1324
1325 1324 1322
1326 1324 1325
1326 1325 1327
1328 1326 1327
1329 1324 1326
1323 1324 1329
1328 1330 1326
1329 1326 1330
1323 1329 1331
1330 1331 1329
1328 1332 1330
1330 1332 1331
1328 1333 1332
1320 1323 1334
1323 1331 1334
1335 1332 1333
1335 1333 1336
1336 1337 1335
1336 1338 1337
1332 1335 1339
1332 1339 1331
1339 1335 1337
1340 1331 1339
1340 1334 1331
1341 1334 1340
1320 1334 1342
1341 1342 1334
1320 1342 1315
1315 1342 1341
1343 1337 1338
1343 1338 1344
1344 1345 1343
1344 1346 1345
1340 1339 1347
1339 1337 1347
1337 1343 1348
1348 1343 1345
1349 1347 1337
1349 1337 1348
1340 1347 1350
1350 1347 1349
1340 1350 1351
1340 1351 1341
1350 1349 1352
1352 1351 1350
1353 1349 1348
1352 1349 1353
1348 1345 1354
1353 1348 1354
1355 1354 1345
1355 1353 1354
1346 1356 1345
1355 1345 1356
1352 1353 1357
1357 1353 1355
1352 1358 1351
1352 1357 1358
1346 1359 1356
1346 1360 1359
1360 1361 1359
1360 1362 1361
1361 1363 1359
1363 1356 1359
1362 1364 1361
1364 1363 1361
1362 1365 1364
1366 1364 1365
1366 1365 1367
1368 1364 1366
1366 1369 1368
1368 1370 1364
1363 1364 1370
1371 1366 1367
1366 1371 1369
1371 1367 1372
1356 1363 1373
1373 1363 1370
1368 1374 1370
1373 1370 1374
1356 1373 1375
1356 1375 1355
1376 1373 1374
1368 1376 1374
1376 1375 1373
1377 1371 1372
1378 1377 1372
1379 1355 1375
1357 1355 1379
1378 1380 1377
1380 1378 1381
1377 1380 1381
1381 1378 1382
1371 1377 1383
1377 1381 1383
1381 1382 1384
1383 1381 1384
1384 1382 1385
1371 1383 1386
1383 1387 1386
1369 1371 1386
1383 1384 1388
1387 1383 1388
1384 1385 1389
1388 1384 1389
1389 1385 1390
1388 1389 1390
1391 1390 1385
1391 1392 1390
1388 1390 1393
1392 1393 1390
1387 1388 1393
1392 1394 1393
1394 1395 1393
1395 1387 1393
1394 1396 1395
1396 1397 1395
1396 1398 1397
1399 1395 1397
1399 1387 1395
1398 1400 1397
1400 1399 1397
1398 1401 1400
1402 1400 1401
1400 1403 1399
1402 1403 1400
1399 1403 1404
1399 1404 1387
1402 1404 1403
1404 1405 1387
1387 1405 1386
1369 1386 1405
1404 1369 1405
1402 1406 1404
1369 1404 1406
1406 1402 1407
1406 1407 1408
1406 1409 1369
1409 1406 1408
1409 1368 1369
1409 1408 1410
1409 1410 1411
1409 1411 1368
1411 1410 1412
1410 1413 1412
1412 1413 1414
1415 1411 1412
1415 1412 1414
1368 1411 1416
1411 1415 1416
1368 1416 1417
1416 1415 1417
1368 1417 1376
1418 1415 1414
1418 1414 1419
1415 1418 1420
1415 1420 1417
1376 1417 1420
1414 1421 1419
1419 1421 1422
1376 1420 1423
1418 1423 1420
1375 1376 1423
1424 1375 1423
1418 1424 1423
1379 1375 1424
1418 1379 1424
1419 1422 1425
1418 1419 1425
1422 1426 1425
1426 1418 1425
1422 1427 1426
1418 1428 1379
1426 1428 1418
1428 1357 1379
1427 1429 1426
1429 1428 1426
1427 1430 1429
1429 1430 1431
1428 1432 1357
1357 1432 1358
1428 1429 1433
1429 1431 1433
1432 1428 1433
1433 1431 1434
1431 1435 1434
1434 1435 1436
1432 1433 1437
1433 1434 1437
1432 1437 1358
1437 1438 1358
1436 1358 1438
1434 1436 1438
1437 1439 1438
1439 1434 1438
1358 1436 1351
1440 1351 1436
1440 1341 1351
1440 1436 1441
1442 1440 1441
1443 1441 1436
1443 1444 1441
1444 1442 1441
1444 1443 1445
1341 1440 1446
1442 1446 1440
1341 1446 1447
1315 1341 1447
1318 1315 1447
1448 1447 1446
1448 1318 1447
1442 1448 1446
1318 1448 1449
1318 1449 1319
1442 1450 1448
1450 1449 1448
1319 1449 1451
1450 1452 1449
1449 1452 1451
1319 1451 1453
1309 1319 1453
1309 1453 1306
1306 1453 1451
1454 1306 1451
1306 1454 1280
1452 1455 1451
1455 1454 1451
1450 1442 1456
1457 1452 1450
1457 1450 1456
1455 1452 1458
1457 1458 1452
1442 1459 1456
1444 1459 1442
1280 1454 1460
1455 1234 1454
1454 1234 1460
1234 1455 1233
1455 1458 1233
1228 1233 1458
1228 1458 1461
1461 1458 1457
1235 1228 1461
1461 1457 1462
1462 1235 1461
1462 1457 1456
1280 1460 1463
1265 1280 1463
1234 1464 1460
1464 1463 1460
1234 1465 1464
1464 1465 1466
1464 1467 1463
1464 1466 1468
1467 1469 1463
1469 1265 1463
1468 1466 1470
1471 1468 1470
1469 1472 1265
1265 1472 1263
1473 1472 1469
1471 1470 1474
1470 1475 1474
1476 1471 1474
1476 1473 1471
1476 1474 1475
1477 1263 1472
1259 1263 1477
1473 1478 1472
1476 1478 1473
1478 1477 1472
1476 1475 1479
1475 1480 1479
1480 1481 1479
1478 1476 1482
1478 1482 1477
1482 1476 1479
1479 1481 1483
1482 1479 1483
1481 1484 1483
1477 1482 1485
1477 1485 1259
1485 1482 1483
1483 1484 1486
1485 1483 1486
1484 1487 1486
1487 1485 1486
1484 1488 1487
1487 1489 1485
1489 1259 1485
1489 1490 1259
1491 1492 1493
1493 1492 1494
1495 1493 1494
1495 1494 1496
1497 1495 1496
1497 1496 1498
1499 1497 1498
1499 1498 1500
1501 1500 1498
1501 1502 1500
1503 1499 1500
1503 1504 1499
1500 1502 1505
1500 1505 1503
1504 1503 1506
1504 1506 1507
1506 1508 1507
1502 1509 1505
1502 1510 1509
1505 1509 1511
1503 1505 1512
1505 1511 1512
1503 1512 1506
1513 1512 1511
1513 1514 1512
1514 1506 1512
1515 1514 1513
1506 1516 1508
1514 1516 1506
1508 1516 1517
1517 1516 1514
1508 1517 1518
1515 1519 1514
1517 1514 1519
1515 1520 1519
1520 1517 1519
1515 1521 1520
1520 1521 1522
1518 1517 1523
1520 1523 1517
1518 1523 1524
1523 1525 1524
1520 1522 1526
1526 1523 1520
1527 1526 1522
1523 1528 1525
1526 1528 1523
1529 1525 1528
1526 1529 1528
1529 1530 1525
1530 1529 1531
1530 1531 1532
1533 1532 1531
1527 1534 1526
1526 1534 1529
1531 1529 1534
1534 1527 1535
1534 1535 1536
1531 1534 1536
1535 1537 1536
1537 1531 1536
1535 1538 1537
1537 1538 1539
1533 1540 1539
1533 1531 1540
1540 1537 1539
1537 1540 1531
1541 1542 1543
1541 1544 1542
1545 1544 1541
1545 1541 1546
1545 1546 1547
1545 1547 1548
1549 1545 1548
1549 1550 1545
1545 1550 1544
1551 1550 1549
1542 1544 1552
1552 1544 1550
1542 1552 1553
1551 1554 1550
1552 1550 1554
1554 1551 1555
1553 1552 1556
1554 1556 1552
1553 1556 1557
1554 1555 1558
1554 1558 1556
1559 1558 1555
1557 1556 1560
1557 1560 1561
1562 1556 1558
1559 1562 1558
1562 1560 1556
1563 1561 1560
1563 1560 1562
1563 1564 1561
1564 1563 1565
1564 1565 1566
1565 1567 1566
1568 1562 1559
1563 1562 1568
1568 1565 1563
1568 1559 1569
1569 1565 1568
1569 1570 1565
1571 1565 1570
1565 1572 1567
1571 1572 1565
1573 1567 1572
1574 1572 1571
1573 1572 1574
1575 1576 1577
1575 1578 1576
1576 1578 1579
1576 1579 1580
1579 1581 1580
1578 1575 1582
1578 1582 1583
1579 1578 1583
1579 1583 1584
1575 1585 1582
1584 1586 1579
1579 1586 1581
1584 1587 1586
1586 1587 1588
1581 1586 1589
1586 1588 1589
1581 1589 1590
1591 1590 1589
1589 1588 1592
1591 1589 1593
1589 1592 1593
1594 1591 1593
1592 1595 1593
1594 1593 1595
1592 1596 1595
1594 1595 1597
1596 1598 1595
1595 1598 1597
1599 1600 1601
1599 1601 1602
1603 1599 1602
1604 1602 1601
1604 1601 1605
1585 1604 1605
1585 1606 1604
1575 1606 1585
1607 1606 1575
1602 1604 1608
1608 1604 1606
1607 1609 1606
1608 1606 1609
1610 1608 1609
1611 1609 1607
1610 1609 1611
1610 1611 1612
1610 1612 1613
1614 1610 1613
1602 1608 1615
1615 1608 1610
1603 1602 1615
1614 1616 1610
1615 1610 1616
1616 1603 1615
1616 1614 1617
1616 1618 1603
1616 1617 1618
1619 1620 1621
1619 1621 1622
1623 1622 1624
1623 1624 1625
1626 1623 1625
1626 1625 1627
1627 1628 1626
1627 1629 1628
1629 1630 1628
1627 1631 1629
1627 1632 1631
1629 1633 1630
1631 1633 1629
1633 1634 1630
1631 1635 1633
1633 1635 1634
1631 1636 1635
1635 1637 1634
1635 1636 1637
1638 1639 1640
1638 1640 1641
1642 1643 1644
1642 1644 1645
1646 1647 1648
1646 1648 1649
1650 1651 1652
1653 1651 1650
1653 1650 1654
1655 1653 1654
1655 1656 1653
1656 1655 1657
1656 1657 1658
1657 1659 1658
1658 1659 1660
1658 1660 1661
1662 1658 1661
1663 1662 1661
1664 1662 1663
1664 1665 1662
1664 1666 1665
1665 1666 1667
1667 1666 1668
1667 1668 1669
1670 1667 1669
1670 1671 1667
1670 1672 1671
1673 1671 1672
1674 1671 1673
1674 1673 1675
1676 1674 1675
1676 1675 1677
1678 1679 440
1678 440 1680
440 513 1680
1678 1680 1681
1678 1681 1682
1681 1683 1682
1680 513 1684
1680 1684 1681
1684 513 509
1681 1685 1683
1686 1683 1685
1687 1685 1681
1684 1687 1681
1686 1685 1688
1687 1688 1685
1689 1686 1688
1690 1689 1688
1690 1691 1689
1687 1692 1688
1692 1690 1688
1690 1693 1691
1694 1691 1693
1695 1694 1693
1695 1693 1690
1695 1690 1696
1692 1696 1690
1696 1697 1695
1687 1698 1692
1698 1696 1692
1696 1699 1697
1699 1696 1698
1699 1700 1697
1687 1701 1698
1701 1687 1684
1699 1702 1700
1703 1700 1702
1699 1698 1704
1704 1698 1701
1702 1699 1704
1701 1684 1705
1684 509 1705
1703 1702 1706
1707 1703 1706
1708 1707 1706
1709 1706 1702
1708 1706 1709
1704 1701 1710
1710 1701 1705
1705 509 1711
501 1711 509
1702 1704 1712
1709 1702 1712
1704 1713 1712
1704 1710 1713
1713 1709 1712
1714 1708 1709
1713 1714 1709
1714 1715 1708
1710 1705 1716
1713 1710 1716
1705 1711 1716
1711 501 1717
1717 501 495
1717 495 1718
526 1717 1718
1715 1714 1719
1715 1719 530
1714 1713 1720
1713 1716 1720
1714 1720 1719
1716 1711 1721
1721 1711 1717
1716 1721 1720
526 1722 1717
1722 1721 1717
526 529 1722
1721 1722 529
529 530 1723
1719 1723 530
1720 1723 1719
1723 1721 529
1720 1721 1723
1724 1725 1726
1724 1727 1725
1724 1728 1727
1727 1729 1725
1728 1730 1727
1729 1727 1730
1728 1731 1730
1732 1729 1730
1733 1729 1732
1734 1729 1733
1731 1735 1730
1736 1735 1731
1736 1731 1737
1738 1736 1737
1735 1739 1730
1739 1732 1730
1739 1735 1736
1738 1740 1736
1740 1738 1741
1740 1741 1742
1743 1742 1741
1740 1744 1736
1744 1740 1742
1739 1736 1745
1744 1745 1736
1746 1739 1745
1746 1732 1739
1744 1746 1745
1747 1746 1744
1743 1748 1742
1748 1743 1749
1744 1742 1750
1747 1744 1750
1748 1750 1742
1751 1732 1746
1733 1732 1751
1748 1749 1752
1753 1752 1749
1748 1754 1750
1754 1747 1750
1754 1748 1752
1753 1755 1752
1756 1755 1753
1757 1746 1747
1751 1746 1757
1757 1747 1758
1759 1733 1751
1734 1733 1759
1751 1757 1760
1760 1757 1758
1754 1752 1761
1755 1761 1752
1756 1762 1755
1763 1762 1756
1755 1764 1761
1762 1764 1755
1754 1761 1765
1765 1761 1764
1766 1734 1759
1767 1734 1766
1767 1766 1768
1769 1767 1768
1766 1759 1770
1770 1759 1771
1770 1771 1772
1759 1751 1771
1772 1771 1773
1771 1751 1760
1771 1760 1773
1773 1760 1774
1760 1775 1774
1775 1776 1774
1760 1758 1775
1775 1777 1776
1758 1777 1775
1777 1778 1776
1778 1777 1779
1777 1758 1779
1778 1779 1780
1780 1779 1781
1780 1781 1782
1779 1758 1783
1779 1783 1781
1782 1781 1784
1782 1784 1785
1758 1786 1783
1758 1747 1786
1781 1783 1787
1781 1787 1784
1785 1784 1788
1785 1788 1789
1747 1790 1786
1747 1754 1790
1754 1765 1790
1786 1790 1765
1783 1786 1791
1786 1765 1791
1783 1791 1787
1784 1787 1792
1784 1792 1788
1789 1788 1793
1789 1793 1794
1765 1795 1791
1765 1764 1795
1787 1791 1796
1787 1796 1792
1791 1795 1796
1788 1792 1797
1788 1797 1793
1798 1795 1764
1762 1798 1764
1796 1795 1799
1798 1799 1795
1792 1796 1800
1792 1800 1797
1796 1799 1800
1793 1797 1801
1797 1800 1801
1802 1793 1801
1800 1799 1803
1800 1803 1804
1800 1804 1801
1805 1799 1798
1805 1798 1762
1801 1806 1802
1806 1807 1802
1807 1808 1802
1807 1794 1808
1809 1805 1762
1763 1809 1762
1810 1809 1763
1810 1811 1809
1811 1805 1809
1811 1812 1805
1806 1813 1814
1815 1794 1816
1813 1815 1816
1817 1818 1819
1817 1819 1820
1819 1821 1820
1819 1822 1821
1822 1823 1821
1822 1824 1823
1825 1823 1824
1821 1823 1826
1820 1821 1827
1821 1826 1827
1820 1827 1828
1829 1820 1828
1829 1817 1820
1826 1823 1830
1830 1823 1831
1826 1830 1832
1832 1830 1833
1827 1826 1834
1834 1826 1832
1827 1834 1835
1836 1827 1835
1837 1829 1836
1837 1836 1838
1836 1835 1838
1834 1832 1839
1839 1832 1840
1841 1834 1839
1841 1839 1840
1842 1835 1834
1841 1842 1834
1843 1838 1835
1842 1843 1835
1843 1844 1838
1840 1845 1841
1845 1842 1841
1846 1843 1842
1846 1847 1843
1847 1848 1838
1846 1849 1847
1845 1850 1842
1850 1846 1842
1850 1845 1851
1851 1845 1840
1846 1850 1852
1850 1851 1852
1840 1853 1851
1853 1852 1851
1852 1854 1846
1854 1855 1846
1854 1856 1855
1857 1854 1852
1853 1857 1852
1858 1853 1840
1858 1840 1859
1860 1853 1858
1860 1857 1853
1857 1860 1861
1857 1862 1854
1857 1861 1862
1862 1856 1854
1861 1863 1862
1862 1863 1856
1861 1864 1863
1859 1865 1858
1859 1866 1865
1858 1865 1867
1868 1865 1866
1868 1867 1865
1866 1869 1868
1869 1870 1868
1867 1868 1871
1870 1871 1868
1867 1871 1872
1871 1873 1872
1870 1874 1871
1870 1875 1874
1876 1874 1875
1876 1877 1874
1874 1878 1871
1871 1878 1873
1877 1878 1874
1873 1878 1879
1877 1879 1878
1873 1879 1880
1873 1880 1881
1873 1881 1882
1881 1880 1883
1882 1881 1884
1882 1884 1856
1856 1884 1885
1856 1885 1886
1884 1887 1885
1881 1887 1884
1881 1888 1887
1881 1883 1889
1881 1889 1888
1883 1890 1889
1889 1890 1888
1879 1877 1891
1877 1892 1891
1877 1893 1892
1891 1892 1894
1879 1891 1895
1896 1879 1895
1896 1895 1897
1895 1898 1897
1899 1891 1894
1899 1895 1891
1899 1898 1895
1900 1898 1899
1894 1900 1901
1902 1903 1904
1905 1902 1904
1905 1904 1906
1907 1908 1902
1909 1908 1907
1910 1907 1902
1910 1902 1911
1912 1909 1907
1912 1907 1913
1912 1914 1909
1817 1910 1911
1910 1817 1915
1817 1911 1916
1817 1916 1917
1913 1848 1912
1914 1912 1848
1913 1829 1848
1914 1848 1918
1919 1914 1918
1847 1918 1848
1920 1919 1918
1920 1918 1847
1921 1922 1923
1921 1923 1924
1921 1924 1925
1921 1925 1926
1923 1927 1924
1923 1928 1927
1924 1929 1925
1924 1927 1929
1930 1926 1925
1929 1930 1925
1930 1931 1926
1932 1931 1930
1932 1933 1931
1934 1929 1927
1934 1927 1935
1934 1935 1936
1936 1937 1934
1937 1929 1934
1936 1938 1937
1929 1939 1930
1937 1939 1929
1939 1932 1930
1938 1940 1937
1940 1939 1937
1938 1941 1940
1940 1942 1939
1939 1942 1932
1941 1943 1940
1943 1942 1940
1941 1944 1943
1932 1942 1945
1943 1945 1942
1944 1946 1943
1944 1947 1946
1948 1943 1946
1948 1945 1943
1947 1949 1946
1949 1948 1946
1947 1950 1949
1932 1945 1951
1933 1932 1951
1933 1951 1952
1953 1952 1951
1945 1954 1951
1953 1951 1954
1945 1948 1954
1955 1953 1954
1948 1955 1954
1955 1956 1953
1957 1956 1955
1948 1958 1955
1949 1958 1948
1950 1959 1949
1950 1960 1959
1957 1955 1961
1958 1961 1955
1962 1958 1949
1962 1949 1959
1958 1962 1961
1960 1963 1959
1963 1962 1959
1960 1964 1963
1964 1965 1963
1966 1957 1961
1962 1966 1961
1966 1967 1957
1965 1967 1966
1965 1968 1963
1963 1968 1962
1965 1966 1968
1962 1968 1966
1969 1970 1971
1969 1971 1972
1972 1971 1973
1974 1969 1972
1974 1975 1969
1972 1973 1976
1974 1972 1976
1975 1974 1977
1977 1978 1975
1977 1979 1978
1973 1980 1976
1973 1981 1980
1974 1976 1982
1982 1977 1974
1980 1982 1976
1983 1979 1977
1982 1983 1977
1983 1984 1979
1985 1984 1983
1982 1985 1983
1985 1986 1984
1981 1987 1980
1981 1988 1987
1980 1989 1982
1982 1989 1985
1987 1989 1980
1990 1986 1985
1989 1990 1985
1990 1991 1986
1988 1992 1987
1988 1993 1992
1992 1993 1994
1987 1995 1989
1989 1995 1990
1992 1995 1987
1996 1991 1990
1995 1996 1990
1996 1997 1991
1992 1998 1995
1995 1998 1996
1999 1997 1996
1998 1999 1996
1999 2000 1997
1992 1994 2001
1998 1992 2001
1998 2002 1999
1998 2001 2002
2003 2000 1999
2002 2003 1999
2003 2004 2000
1994 2005 2001
2005 2002 2001
1994 2006 2005
2002 2007 2003
2005 2007 2002
2008 2004 2003
2007 2008 2003
2008 2009 2004
2006 2010 2005
2010 2007 2005
2006 2011 2010
2007 2012 2008
2010 2012 2007
2013 2009 2008
2012 2013 2008
2013 2014 2009
2011 2015 2010
2015 2012 2010
2011 2016 2015
2012 2017 2013
2015 2017 2012
2018 2014 2013
2017 2018 2013
2018 2019 2014
2020 2019 2018
2021 2020 2018
2017 2021 2018
2016 2022 2015
2022 2017 2015
2022 2021 2017
2016 2023 2022
2024 2021 2022
2024 2022 2023
2025 2026 2027
2025 2027 2028
2027 2029 2028
2029 2030 2028
2025 2028 2031
2025 2031 2032
2028 2030 2033
2028 2033 2031
2034 2032 2031
2033 2034 2031
2034 2035 2032
2036 2035 2034
2036 2037 2035
2038 2033 2030
2038 2030 2039
2040 2038 2039
2040 2041 2038
2041 2042 2038
2042 2033 2038
2041 2043 2042
2033 2044 2034
2042 2044 2033
2044 2036 2034
2043 2045 2042
2045 2044 2042
2043 2046 2045
2045 2047 2044
2044 2047 2036
2046 2048 2045
2048 2047 2045
2046 2049 2048
2036 2047 2050
2048 2050 2047
2049 2051 2048
2051 2050 2048
2049 2052 2051
2052 2053 2051
2052 2054 2053
2053 2055 2051
2051 2055 2050
2036 2050 2056
2037 2036 2056
2037 2056 2057
2050 2058 2056
2058 2057 2056
2050 2055 2058
2058 2059 2057
2060 2059 2058
2055 2060 2058
2060 2061 2059
2062 2061 2060
2054 2062 2063
2062 2060 2064
2055 2064 2060
2053 2064 2055
2065 2064 2053
2066 2067 2068
2066 2069 2067
2070 2069 2066
2067 2069 2071
2067 2071 2072
2070 2073 2069
2069 2074 2071
2069 2073 2074
2075 2073 2070
2075 2070 2076
2077 2073 2075
2077 2074 2073
2078 2075 2076
2077 2075 2078
2078 2076 2079
2071 2074 2080
2080 2081 2071
2080 2082 2081
2080 2083 2082
2074 2084 2080
2080 2084 2083
2074 2077 2084
2084 2085 2083
2084 2086 2085
2077 2086 2084
2086 2087 2085
2088 2078 2079
2088 2079 2089
2090 2077 2078
2077 2090 2086
2091 2090 2078
2086 2090 2091
2091 2078 2088
2086 2092 2087
2086 2091 2092
2092 2093 2087
2094 2091 2088
2092 2091 2095
2096 2088 2089
2094 2088 2096
2096 2089 2097
2098 2094 2096
2092 2099 2093
2092 2095 2099
2099 2100 2093
2101 2096 2097
2098 2096 2101
2101 2097 2102
2103 2098 2101
2095 2104 2099
2099 2104 2100
2095 2105 2104
2106 2100 2104
2104 2105 2107
2108 2101 2102
2103 2101 2108
2108 2102 2109
2110 2103 2108
2106 2104 2111
2104 2107 2111
2112 2106 2111
2113 2108 2109
2110 2108 2113
2113 2109 2114
2113 2115 2110
2107 2116 2111
2112 2111 2116
2107 2117 2116
2118 2112 2116
2116 2117 2119
2114 2120 2113
2113 2120 2115
2114 2121 2120
2118 2116 2122
2116 2119 2122
2123 2118 2122
2122 2119 2124
2115 2120 2125
2125 2120 2121
2115 2125 2126
2125 2121 2127
2125 2128 2126
2123 2122 2129
2122 2124 2129
2130 2123 2129
2131 2125 2127
2125 2131 2128
2131 2127 2132
2133 2131 2132
2134 2128 2131
2134 2130 2135
2130 2129 2135
2124 2135 2129
2133 2135 2128
2124 2128 2135
2136 2137 2138
2136 2139 2137
2139 2136 2140
2139 2141 2137
2139 2140 2142
2139 2143 2141
2143 2139 2142
2142 2140 2144
2140 2145 2144
2144 2145 2146
2145 2147 2146
2146 2147 2148
2149 2142 2144
2143 2142 2149
2150 2143 2149
2143 2151 2141
2150 2151 2143
2151 2152 2141
2153 2152 2151
2153 2151 2154
2150 2154 2151
2150 2155 2154
2150 2156 2155
2149 2144 2157
2150 2149 2157
2157 2144 2146
2150 2158 2156
2150 2157 2158
2158 2159 2156
2158 2157 2160
2157 2146 2160
2158 2161 2159
2161 2158 2160
2161 2162 2159
2161 2163 2162
2146 2164 2160
2164 2161 2160
2161 2165 2163
2164 2165 2161
2165 2166 2163
2166 2165 2167
2166 2167 2168
2167 2169 2168
2146 2170 2164
2146 2148 2170
2148 2171 2170
2170 2171 2172
2164 2170 2172
2171 2173 2172
2174 2165 2164
2164 2172 2174
2174 2167 2165
2173 2174 2172
2173 2167 2174
2167 2175 2169
2173 2175 2167
2175 2176 2169
2173 2177 2175
2175 2177 2176
2173 2178 2177
2177 2179 2176
2178 2180 2177
2177 2180 2179
2178 2181 2180
2180 2182 2179
2181 2183 2180
2180 2183 2182
2181 2184 2183
2183 2185 2182
2184 2186 2183
2183 2186 2185
2184 2187 2186
2186 2188 2185
2187 2189 2186
2186 2189 2188
2187 2190 2189
2189 2191 2188
2190 2192 2189
2189 2192 2191
2190 2193 2192
2192 2194 2191
2193 2195 2192
2192 2195 2194
2193 2196 2195
2195 2197 2194
2196 2198 2195
2195 2198 2197
2198 2199 2197
2196 2200 2198
2198 2201 2199
2200 2201 2198
2200 2202 2201
2203 2204 2201
2201 2204 2205
2206 2207 2208
2206 2208 2209
2210 2209 2208
2211 2206 2209
2211 2212 2206
2213 2211 2209
2210 2213 2209
2213 2214 2211
2210 2215 2213
2215 2214 2213
2215 2216 2214
2210 2217 2215
2218 2216 2215
2217 2219 2215
2218 2215 2219
2217 2220 2219
2220 2221 2219
2221 2222 2219
2223 2218 2219
2222 2223 2219
2223 2224 2218
2222 2225 2223
2226 2224 2223
2225 2227 2223
2227 2226 2223
2225 2228 2227
2229 2226 2227
2228 2230 2227
2229 2227 2230
2228 2231 2230
2232 2229 2230
2231 2233 2230
2232 2230 2233
2231 2234 2233
2235 2232 2233
2234 2236 2233
2235 2233 2236
2234 2237 2236
2238 2235 2236
2237 2238 2236
2238 2239 2235
2237 2240 2238
2241 2239 2238
2240 2242 2238
2241 2238 2242
2240 2243 2242
2244 2241 2242
2243 2245 2242
2244 2242 2245
2243 2246 2245
2247 2244 2245
2246 2247 2245
2247 2248 2244
2246 2249 2247
2250 2248 2247
2249 2251 2247
2250 2247 2251
2249 2252 2251
2253 2250 2251
2252 2254 2251
2253 2251 2254
2252 2255 2254
2256 2253 2254
2255 2257 2254
2256 2254 2257
2255 2258 2257
2259 2256 2257
2258 2259 2257
2260 2261 2262
2260 2262 2263
2264 2260 2263
2264 2263 2265
2266 2264 2265
2266 2265 2267
2268 2266 2267
2268 2267 2269
2270 2268 2269
2270 2269 2271
2269 2267 2272
2267 2265 2272
2269 2272 2273
2271 2269 2273
2265 2274 2272
2265 2275 2274
2265 2263 2275
2271 2273 2276
2263 2277 2275
2278 2271 2276
2263 2262 2277
2278 2279 2271
2280 2279 2278
2281 2277 2262
2281 2282 2277
2281 2283 2282
2282 2283 2284
2281 2285 2283
2286 2281 2262
2286 2262 2287
2281 2288 2285
2286 2289 2288
2286 2290 2289
2286 2291 2290
2286 2287 2291
2291 2287 2292
2291 2292 2293
2293 2292 2294
2293 2294 2295
2295 2294 2296
2295 2296 2297
2297 2296 2298
2297 2298 2299
2298 2300 2299
2298 2301 2300
2300 2301 2302
2271 2302 2301
2300 2302 2303
2271 2279 2302
2303 2302 2304
2279 2304 2302
2303 2304 2305
2305 2304 2306
2279 2307 2304
2306 2304 2307
2280 2307 2279
2306 2307 2280
2308 2309 2281
2309 2310 2311
2309 2311 2312
2309 2312 2285
2312 2311 2313
2285 2312 2314
2285 2314 2315
2315 2314 2316
2314 2317 2316
2314 2318 2317
2314 2319 2318
2312 2319 2314
2319 2320 2318
2312 2313 2321
2312 2321 2319
2321 2313 2322
2319 2323 2320
2321 2323 2319
2321 2322 2324
2321 2324 2323
2324 2322 2325
2320 2323 2326
2326 2323 2324
2320 2326 2325
2326 2324 2327
2327 2325 2326
2324 2325 2327
2328 2329 2330
2330 2329 2331
2330 2331 2332
2332 2331 2333
2334 2330 2332
2334 2335 2330
2335 2336 2330
2337 2334 2332
2337 2332 2338
2332 2333 2338
2339 2337 2338
2339 2338 2340
2333 2340 2338
2333 2341 2340
2341 2333 2342
2333 2343 2342
2333 2344 2343
2344 2345 2343
2346 2336 2345
2344 2346 2345
2341 2342 2347
2348 2341 2347
2340 2341 2348
2348 2347 2349
2350 2348 2349
2350 2349 2351
2350 2351 2352
2340 2348 2353
2353 2348 2350
2354 2340 2353
2354 2355 2340
2350 2352 2356
2352 2357 2356
2352 2358 2357
2350 2356 2359
2359 2356 2357
2353 2350 2360
2350 2359 2360
2361 2353 2360
2361 2362 2353
2363 2361 2360
2363 2360 2359
2364 2363 2359
2359 2357 2365
2364 2359 2365
2365 2357 2366
2367 2364 2365
2365 2366 2368
2367 2365 2368
2369 2367 2368
2369 2368 2370
2371 2369 2370
2368 2372 2370
2368 2373 2372
2371 2370 2374
2375 2371 2374
2370 2372 2376
2370 2376 2374
2375 2374 2377
2378 2375 2377
2374 2376 2379
2374 2379 2377
2378 2377 2380
2381 2378 2380
2377 2382 2380
2381 2380 2382
2377 2379 2382
2383 2381 2382
2384 2383 2382
2384 2382 2379
2385 2384 2379
2385 2379 2376
2386 2385 2376
2386 2376 2372
2387 2386 2372
2387 2372 2373
2388 2387 2373
2388 2373 2389
2390 2391 2392
2390 2392 2393
2393 2392 2394
2393 2394 2395
2390 2396 2397
2396 2398 2397
2398 2396 2399
2398 2399 2400
2399 2401 2400
2399 2402 2401
2402 2403 2401
2396 2404 2399
2405 2402 2399
2396 2406 2405
2405 2407 2402
2402 2408 2403
2407 2408 2402
2407 2409 2408
2410 2403 2408
2408 2409 2411
2410 2408 2412
2408 2411 2412
2413 2410 2412
2411 2414 2412
2413 2412 2414
2411 2415 2414
2416 2414 2415
2417 2413 2414
2416 2417 2414
2417 2418 2413
2417 2416 2419
2418 2417 2420
2417 2419 2420
2418 2420 2421
2419 2422 2420
2421 2420 2422
2423 2421 2422
2419 2424 2422
2425 2423 2422
2425 2422 2426
2424 2426 2422
2427 2425 2426
2427 2428 2425
2424 2429 2426
2429 2427 2426
2428 2427 2430
2428 2430 2431
2432 2431 2430
2432 2433 2431
2427 2434 2430
2434 2432 2430
2435 2433 2432
2435 2436 2433
2437 2435 2432
2434 2437 2432
2437 2438 2435
2438 2437 2439
2438 2439 2440
2439 2441 2440
2439 2442 2441
2437 2443 2439
2443 2442 2439
2437 2434 2443
2443 2444 2442
2445 2444 2443
2434 2445 2443
2445 2446 2444
2434 2447 2445
2427 2447 2434
2429 2447 2427
2448 2446 2445
2447 2448 2445
2447 2429 2448
2448 2449 2446
2450 2449 2448
2429 2451 2448
2450 2448 2451
2429 2424 2451
2452 2450 2451
2424 2453 2451
2452 2454 2450
2455 2454 2452
2455 2456 2454
2424 2457 2453
2457 2458 2453
2457 2459 2458
2459 2460 2458
2461 2456 2458
2460 2461 2458
2461 2462 2456
2463 2462 2461
2460 2464 2461
2463 2461 2464
2460 2465 2464
2466 2463 2464
2465 2466 2464
2466 2467 2463
2465 2468 2466
2469 2467 2466
2468 2470 2466
2469 2466 2470
2394 2469 2470
2468 2471 2470
2394 2470 2472
2471 2472 2470
2471 2404 2472
2404 2393 2472
2404 2473 2393
2473 2474 2393
2474 2473 2396
2475 2476 2477
2475 2477 2478
2479 2480 2481
2481 2482 2479
2482 2483 2479
2482 2484 2483
2482 2485 2484
2486 2485 2482
2487 2482 2481
2488 2487 2481
2488 2489 2487
2490 2487 2489
2489 2491 2490
2492 2490 2491
2487 2493 2482
2486 2482 2493
2490 2493 2487
2494 2486 2493
2494 2493 2490
2494 2495 2486
2494 2496 2495
2496 2497 2495
2496 2498 2497
2499 2498 2496
2490 2500 2494
2496 2494 2500
2492 2501 2490
2490 2501 2500
2499 2496 2502
2496 2500 2502
2503 2499 2502
2500 2503 2502
2503 2504 2499
2492 2505 2501
2492 2506 2505
2501 2507 2500
2501 2505 2507
2500 2507 2503
2506 2508 2505
2508 2507 2505
2506 2509 2508
2510 2504 2503
2510 2511 2504
2512 2511 2510
2513 2503 2507
2513 2510 2503
2508 2513 2507
2512 2510 2513
2509 2514 2508
2513 2508 2514
2509 2515 2514
2512 2513 2516
2513 2514 2516
2517 2512 2516
2515 2518 2514
2516 2514 2518
2515 2519 2518
2517 2516 2520
2516 2518 2520
2519 2521 2518
2520 2518 2521
2519 2522 2521
2517 2520 2523
2520 2521 2523
2517 2523 2524
2522 2525 2521
2525 2523 2521
2522 2526 2525
2526 2527 2525
2528 2524 2523
2525 2528 2523
2528 2525 2527
2528 2529 2524
2529 2528 2527
2530 2531 2532
2530 2532 2533
2534 2535 2536
2534 2536 2537
2534 2537 2538
2537 2539 2538
2539 2540 2538
2534 2538 2540
2539 2541 2540
2534 2540 2542
2543 2534 2542
2534 2543 2544
2543 2545 2544
2540 2546 2542
2546 2543 2542
2543 2547 2545
2548 2545 2547
2541 2549 2540
2540 2549 2546
2550 2547 2543
2550 2543 2546
2541 2551 2549
2552 2551 2541
2552 2541 2553
2552 2554 2551
2554 2555 2551
2551 2555 2549
2553 2556 2552
2557 2556 2553
2556 2558 2552
2559 2546 2549
2555 2559 2549
2560 2550 2546
2559 2560 2546
2559 2555 2561
2555 2562 2561
2555 2563 2562
2562 2564 2561
2561 2564 2565
2559 2561 2566
2561 2565 2566
2560 2559 2566
2566 2565 2567
2566 2567 2568
2560 2566 2568
2568 2567 2569
2570 2560 2568
2570 2568 2569
2560 2570 2550
2571 2570 2569
2571 2550 2570
2571 2569 2572
2571 2573 2550
2550 2573 2547
2574 2571 2572
2574 2573 2571
2574 2572 2575
2576 2574 2575
2576 2575 2577
2576 2577 2578
2574 2579 2573
2579 2547 2573
2579 2574 2576
2579 2580 2547
2580 2581 2547
2582 2581 2580
2580 2579 2583
2579 2576 2583
2582 2580 2584
2580 2583 2584
2585 2583 2576
2585 2584 2583
2586 2582 2584
2585 2586 2584
2586 2587 2582
2588 2587 2586
2589 2588 2586
2585 2589 2586
2590 2588 2589
2591 2585 2576
2576 2578 2591
2592 2590 2589
2593 2590 2592
2585 2594 2589
2591 2594 2585
2592 2589 2594
2578 2595 2591
2591 2595 2594
2578 2596 2595
2597 2594 2595
2596 2597 2595
2597 2592 2594
2596 2598 2597
2598 2599 2597
2592 2597 2599
2598 2600 2599
2593 2592 2601
2592 2599 2601
2600 2602 2599
2602 2601 2599
2600 2603 2602
2604 2593 2601
2602 2604 2601
2604 2605 2593
2606 2605 2604
2603 2607 2602
2604 2602 2607
2603 2608 2607
2606 2604 2609
2604 2607 2609
2608 2610 2607
2610 2609 2607
2608 2611 2610
2612 2606 2609
2610 2612 2609
2612 2613 2606
2611 2614 2610
2614 2612 2610
2611 2615 2614
2616 2613 2612
2614 2616 2612
2616 2617 2613
2618 2617 2616
2615 2619 2614
2616 2614 2619
2615 2620 2619
2618 2616 2621
2616 2619 2621
2622 2618 2621
2622 2621 2623
2619 2623 2621
2624 2622 2623
2620 2625 2619
2619 2625 2623
2620 2626 2625
2626 2627 2625
2623 2625 2627
2626 2628 2627
2624 2623 2629
2623 2627 2629
2630 2624 2629
2628 2631 2627
2629 2627 2631
2628 2632 2631
2632 2633 2631
2630 2629 2634
2633 2630 2634
2629 2631 2634
2633 2634 2631
2635 2636 2637
2638 2635 2637
2638 2637 2639
2640 2638 2639
2640 2639 2641
2642 2640 2641
2642 2641 2643
2644 2642 2643
2644 2643 2645
2646 2644 2645
2646 2645 2647
2648 2646 2647
2648 2647 2649
2648 2649 2650
2648 2650 2651
2651 2650 2652
2651 2652 2653
2654 2653 2652
2654 2655 2653
2656 2655 2654
2656 2654 2657
2656 2657 2658
2656 2658 2659
2658 2660 2659
2658 2661 2660
2661 2662 2660
2661 2663 2662
2664 2665 2666
2664 2666 2667
2668 2667 2666
2668 2666 2669
2668 2669 2670
2668 2670 2671
2672 2670 2673
2672 2674 2670
2674 2675 2668
2676 2668 2675
2677 2668 2676
2677 2676 2678
2672 2679 2674
2677 2678 2680
2681 2679 2672
2682 2680 2678
2681 2672 2683
2684 2681 2683
2685 2683 2672
2685 2686 2683
2684 2683 2686
2684 2687 2681
2684 2686 2688
2689 2687 2684
2690 2684 2688
2682 2691 2680
2691 2682 2692
2689 2684 2693
2690 2693 2684
2689 2693 2694
2690 2694 2693
2689 2694 2695
2690 2696 2694
2695 2694 2697
2697 2694 2696
2698 2680 2691
2698 2699 2680
2691 2692 2700
2691 2700 2698
2698 2700 2701
2700 2692 2702
2703 2701 2700
2700 2702 2704
2703 2700 2704
2705 2703 2704
2705 2704 2706
2704 2702 2707
2706 2704 2707
2707 2708 2706
2707 2709 2708
2708 2709 2710
2708 2710 2711
2712 2711 2710
2712 2710 2713
2713 2714 2712
2713 2715 2714
2714 2715 2716
2715 2717 2716
2716 2717 2718
2717 2719 2718
2718 2719 2720
2721 2718 2720
2720 2722 2721
2723 2721 2722
2723 2724 2721
2724 2723 2725
2724 2725 2726
2727 2726 2725
2727 2728 2726
2728 2727 2729
2728 2729 2730
2731 2730 2729
2731 2732 2730
2733 2734 2735
2733 2735 2736
2737 2733 2736
2736 2735 2738
2735 2739 2738
2737 2736 2740
2738 2740 2736
2738 2741 2740
2738 2739 2742
2739 2743 2742
2738 2742 2744
2738 2744 2741
2743 2745 2742
2744 2742 2745
2743 2746 2745
2744 2745 2747
2748 2745 2746
2748 2749 2745
2747 2745 2749
2748 2750 2749
2748 2751 2750
2752 2750 2751
2740 2741 2753
2753 2737 2740
2747 2749 2754
2754 2749 2750
2752 2755 2750
2756 2755 2752
2754 2750 2757
2757 2750 2755
2758 2754 2757
2759 2747 2754
2758 2760 2754
2760 2759 2754
2747 2759 2761
2762 2747 2761
2760 2763 2759
2761 2759 2763
2764 2760 2758
2764 2765 2760
2765 2763 2760
2765 2766 2763
2767 2764 2758
2766 2768 2763
2769 2767 2758
2769 2758 2770
2771 2767 2769
2769 2770 2755
2763 2768 2772
2761 2763 2772
2772 2768 2773
2771 2769 2774
2755 2774 2769
2775 2771 2774
2776 2772 2773
2776 2761 2772
2773 2777 2776
2755 2778 2774
2778 2755 2756
2775 2774 2779
2779 2774 2778
2780 2775 2779
2781 2778 2756
2779 2778 2781
2781 2756 2782
2781 2782 2783
2781 2783 2784
2779 2781 2784
2784 2783 2785
2780 2779 2786
2779 2784 2786
2787 2780 2786
2787 2786 2788
2788 2789 2787
2788 2790 2789
2791 2789 2790
2791 2790 2792
2793 2791 2792
2793 2792 2794
2792 2795 2794
2796 2784 2785
2797 2784 2796
2798 2796 2785
2799 2797 2796
2798 2800 2796
2800 2799 2796
2800 2795 2799
2795 2800 2794
2794 2800 2801
2794 2801 2802
2803 2794 2802
2793 2794 2804
2803 2804 2794
2793 2804 2805
2804 2803 2806
2805 2804 2806
2803 2807 2806
2805 2806 2808
2808 2806 2807
2809 2810 2811
2812 2810 2809
2812 2813 2810
2809 2737 2812
2813 2812 2814
2814 2812 2737
2809 2733 2737
2815 2733 2809
2815 2809 2816
2816 2809 2817
2810 2818 2817
2810 2819 2818
2813 2819 2810
2820 2818 2819
2820 2821 2818
2813 2822 2819
2822 2820 2819
2814 2737 2823
2737 2753 2823
2824 2823 2753
2824 2753 2741
2821 2820 2825
2820 2826 2825
2821 2825 2827
2827 2825 2828
2826 2828 2825
2827 2828 2829
2829 2828 2830
2822 2831 2820
2820 2831 2826
2832 2831 2822
2832 2826 2831
2824 2833 2823
2833 2814 2823
2832 2822 2834
2822 2813 2834
2813 2814 2834
2835 2834 2814
2835 2814 2833
2835 2832 2834
2833 2824 2836
2824 2837 2836
2833 2836 2838
2835 2833 2838
2824 2741 2837
2741 2839 2837
2835 2838 2840
2835 2840 2832
2838 2841 2840
2841 2842 2840
2832 2840 2842
2841 2843 2842
2843 2844 2842
2843 2845 2844
2844 2845 2846
2832 2842 2847
2847 2842 2844
2832 2847 2826
2848 2839 2741
2762 2848 2741
2849 2826 2847
2847 2844 2849
2850 2839 2848
2777 2839 2850
2777 2850 2776
2762 2851 2848
2851 2850 2848
2851 2776 2850
2851 2762 2761
2776 2851 2761
2826 2849 2852
2826 2852 2828
2853 2828 2852
2853 2852 2849
2853 2830 2828
2854 2849 2844
2853 2849 2854
2855 2830 2853
2854 2855 2853
2855 2856 2830
2854 2844 2857
2844 2846 2857
2854 2857 2858
2857 2846 2858
2854 2858 2855
2846 2859 2858
2858 2859 2860
2855 2858 2860
2859 2861 2860
2862 2856 2855
2855 2860 2862
2862 2863 2856
2864 2863 2862
2864 2862 2865
2862 2866 2865
2862 2860 2866
2860 2861 2866
2861 2867 2866
2868 2869 2870
2868 2870 2871
2870 2872 2871
2870 2873 2872
2873 2874 2872
2873 2875 2874
2874 2875 2876
2874 2876 2877
2876 2878 2877
2876 2879 2878
2877 2878 2880
2878 2881 2880
2881 2882 2880
2883 2880 2882
2877 2880 2884
2883 2884 2880
2877 2884 2885
2883 2885 2884
2886 2877 2885
2883 2887 2885
2888 2885 2887
2888 2886 2885
2888 2889 2886
2888 2890 2889
2889 2891 2886
2886 2891 2892
2889 2893 2891
2890 2894 2889
2894 2893 2889
2890 2895 2894
2894 2896 2893
2895 2897 2894
2898 2896 2894
2895 2899 2897
2898 2900 2896
2901 2868 2897
2901 2902 2868
2903 2901 2898
2904 2902 2901
2904 2905 2902
2903 2906 2901
2906 2904 2901
2906 2907 2904
2908 2905 2904
2907 2908 2904
2908 2909 2905
2909 2908 2910
2908 2911 2910
2907 2911 2908
2910 2911 2912
2911 2913 2912
2911 2914 2913
2914 2915 2913
2914 2916 2915
2915 2916 2899
2915 2899 2917
2918 2915 2917
2915 2918 2919
2915 2919 2913
2913 2919 2920
2913 2920 2912
2920 2919 2921
2922 2920 2921
2912 2920 2922
2922 2921 2923
2910 2912 2924
2912 2922 2924
2922 2923 2925
2923 2926 2925
2925 2926 2927
2928 2922 2925
2929 2928 2925
2929 2925 2930
2925 2927 2930
2924 2922 2931
2927 2932 2930
2927 2933 2932
2932 2933 2934
2935 2930 2932
2935 2936 2930
2932 2934 2937
2938 2935 2932
2938 2932 2937
2934 2939 2937
2934 2940 2939
2939 2940 2941
2942 2938 2937
2942 2937 2939
2935 2938 2943
2936 2935 2944
2935 2943 2944
2939 2941 2945
2945 2941 2946
2947 2942 2939
2947 2939 2945
2942 2948 2943
2936 2944 2949
2931 2936 2949
2945 2946 2950
2946 2951 2950
2951 2952 2950
2951 2953 2952
2953 2954 2952
2952 2955 2950
2954 2955 2952
2956 2945 2950
2956 2950 2955
2954 2957 2955
2957 2954 2958
2956 2959 2945
2959 2947 2945
2947 2959 2960
2947 2960 2961
2962 2960 2959
2962 2959 2956
2963 2956 2955
2963 2955 2957
2964 2956 2963
2964 2962 2956
2963 2965 2964
2963 2966 2965
2961 2960 2967
2962 2967 2960
2964 2968 2962
2968 2964 2965
2965 2966 2969
2966 2970 2969
2970 2971 2969
2970 2972 2971
2962 2973 2967
2968 2973 2962
2965 2969 2974
2974 2969 2971
2961 2967 2975
2967 2973 2976
2967 2976 2975
2968 2977 2973
2977 2976 2973
2977 2978 2976
2978 2979 2976
2979 2975 2976
2978 2980 2979
2979 2980 2981
2948 2961 2975
2979 2948 2975
2948 2982 2961
2948 2983 2982
2948 2979 2984
2979 2981 2984
2948 2984 2943
2985 2983 2943
2984 2944 2943
2984 2986 2944
2981 2986 2984
2949 2944 2986
2981 2987 2986
2987 2981 2988
2949 2986 2989
2987 2989 2986
2931 2949 2989
2931 2989 2990
2924 2931 2990
2991 2924 2990
2989 2991 2990
2991 2910 2924
2987 2992 2989
2992 2991 2989
2992 2987 2993
2987 2988 2993
2991 2992 2994
2992 2993 2994
2991 2994 2995
2910 2991 2995
2993 2996 2994
2996 2995 2994
2993 2997 2996
2997 2993 2988
2998 2997 2988
2996 2999 2995
2995 2999 3000
2995 3000 3001
2910 2995 3001
3002 3001 3000
3003 2910 3001
3002 3003 3001
3003 3004 2910
3003 3002 3005
3004 3003 3006
3003 3005 3006
3006 3005 3007
3006 3007 3008
3007 2900 3008
3007 3009 2900
3010 3011 2988
3011 3012 2988
3012 3013 2988
3012 3014 3013
3012 3011 3015
3014 3012 3016
3012 3015 3016
3014 3016 3017
3015 3018 3016
3019 3016 3018
3015 3020 3018
3021 3019 3018
3020 3022 3018
3022 3021 3018
3020 2968 3022
3022 3023 3021
3022 2968 3024
2968 2965 3024
3023 3022 3025
3022 3024 3025
3023 3025 3026
3025 3027 3026
3025 3028 3027
3024 3028 3025
3029 3027 3028
3024 3030 3028
2965 3030 3024
3029 3028 3030
3029 3030 2965
3029 2965 2974
3029 2974 3031
3029 3031 3032
3031 3033 3032
2974 2971 3031
3031 3034 3033
3033 3034 3035
2971 3036 3031
3036 3034 3031
2971 3037 3036
2972 3037 2971
3034 3038 3035
3034 3039 3038
3034 3036 3039
3038 3040 3035
3040 3041 3035
3036 3042 3039
3036 3037 3042
3042 3043 3039
3041 3040 3044
3041 3044 3045
3046 3044 3040
2972 3047 3037
3047 3042 3037
3046 3043 3048
3046 3048 3044
3045 3044 3049
3049 3044 3048
3050 3045 3049
3043 3042 3051
3043 3051 3048
3047 2972 3052
3053 3052 2972
3054 3050 3049
3054 3055 3050
3056 3055 3054
3047 3057 3042
3057 3051 3042
3056 3054 3058
3059 3056 3058
3059 3058 3060
3061 3059 3060
3061 3060 3062
3063 3062 3060
3058 3063 3060
3063 3064 3062
3054 3065 3058
3058 3065 3063
3066 3064 3063
3066 3067 3064
3066 3068 3067
3066 3069 3068
3070 3066 3063
3070 3069 3066
3070 3063 3065
3070 3071 3069
3072 3071 3070
3072 3070 3065
3072 3073 3071
3074 3073 3072
3054 3075 3065
3049 3075 3054
3072 3065 3076
3075 3076 3065
3049 3077 3075
3077 3076 3075
3077 3049 3048
3078 3077 3048
3077 3078 3076
3051 3078 3048
3079 3072 3076
3079 3076 3078
3074 3072 3079
3079 3078 3051
3080 3074 3079
3080 3079 3051
3080 3081 3074
3057 3080 3051
3057 3081 3080
3057 3082 3081
3083 3082 3057
3047 3083 3057
3047 3084 3083
3084 3047 3052
3085 3084 3052
3086 3085 3052
3086 3087 3085
3053 3086 3052
2957 3087 3086
2957 3086 3053
3053 3088 2957
3088 3089 2957
3090 3091 3092
3090 3093 3091
3093 3094 3091
3093 3095 3094
3095 3096 3094
3095 3097 3096
3097 3098 3096
3097 3099 3098
3099 3100 3098
3099 3101 3100
3101 3102 3100
3103 2881 3093
3104 3102 3105
3106 3104 3105
3106 3107 3104
3106 3108 3107
3109 3106 3105
3110 3109 3105
3109 3111 3106
3111 3112 3106
3106 3112 3108
3111 3113 3112
3112 3114 3108
3113 3114 3112
3114 3115 3108
3113 3116 3114
3114 3117 3115
3116 3117 3114
3117 3118 3115
3116 3119 3117
3120 3118 3117
3120 3117 3121
3122 3103 3119
3122 2883 3103
3123 2883 3090
3123 3090 3124
3125 3123 3124
3125 3124 3126
3127 3125 3126
3127 3126 3128
3129 3127 3128
3129 3128 3130
3130 2903 3129
3130 2917 2903
3130 3131 2917
3132 2917 3131
3130 3133 3131
3130 3134 3133
3130 3135 3134
3136 3134 3135
3136 3137 3134
3138 3137 3136
3138 3136 3139
3122 3138 3139
3122 3140 3138
3141 3142 3143
3141 3144 3142
3144 3141 3145
3144 3145 3146
3147 3146 3145
3148 3144 3146
3149 3148 3146
3147 3149 3146
3149 3147 3150
3151 3149 3150
3151 3150 3152
3153 3151 3152
3154 3149 3151
3149 3154 3148
3151 3153 3155
3154 3151 3155
3154 3155 3156
3154 3156 3157
3148 3154 3157
3148 3157 3158
3159 3148 3158
3148 3160 3144
3159 3161 3148
3161 3160 3148
3159 3162 3161
3162 3160 3161
3159 3163 3162
3163 3164 3162
3160 3165 3144
3162 3165 3160
3165 3142 3144
3166 3165 3162
3164 3166 3162
3164 3167 3166
3164 3168 3167
3142 3165 3169
3167 3168 3170
3167 3171 3166
3166 3171 3172
3167 3173 3171
3174 3173 3167
3167 3170 3175
3174 3167 3175
3175 3170 3176
3142 3169 3177
3178 3142 3177
3178 3177 3179
3180 3179 3177
3169 3181 3177
3180 3177 3181
3169 3182 3181
3183 3180 3181
3182 3184 3181
3182 3174 3184
3183 3181 3184
3174 3185 3184
3185 3183 3184
3174 3186 3185
3185 3187 3183
3188 3189 3156
3190 3188 3191
3190 3192 3188
3153 3192 3190
3192 3193 3188
3193 3194 3188
3193 3195 3194
3196 3195 3193
3196 3197 3195
3192 3198 3193
3198 3196 3193
3192 3153 3199
3198 3192 3199
3153 3200 3199
3153 3201 3200
3202 3199 3200
3202 3203 3199
3203 3198 3199
3203 3202 3204
3198 3205 3196
3203 3205 3198
3205 3206 3196
3206 3207 3196
3206 3208 3207
3209 3205 3203
3205 3210 3206
3211 3208 3206
3210 3211 3206
3211 3212 3208
3210 3213 3211
3209 3203 3214
3203 3204 3214
3215 3209 3214
3216 3212 3211
3213 3216 3211
3216 3217 3212
3213 3218 3216
3219 3217 3216
3218 3220 3216
3204 3221 3214
3215 3214 3221
3204 3222 3221
3223 3215 3221
3219 3223 3224
3223 3221 3224
3220 3224 3225
3221 3222 3225
3221 3225 3224
3226 3227 3228
3226 3229 3227
3229 3230 3227
3231 3229 3226
3231 3232 3229
3232 3231 3233
3232 3234 3229
3229 3234 3235
3232 3236 3234
3237 3236 3232
3232 3233 3238
3237 3232 3238
3238 3233 3239
3240 3237 3238
3238 3239 3241
3240 3238 3241
3242 3240 3241
3242 3243 3240
3244 3242 3241
3244 3241 3245
3246 3243 3242
3246 3247 3243
3248 3247 3246
3249 3242 3244
3249 3246 3242
3248 3246 3250
3251 3248 3250
3246 3249 3252
3246 3252 3250
3244 3245 3253
3249 3244 3254
3244 3253 3254
3252 3249 3255
3249 3254 3255
3245 3256 3253
3245 3257 3256
3257 3258 3256
3257 3259 3258
3258 3260 3256
3258 3261 3260
3259 3262 3258
3262 3261 3258
3259 3263 3262
3262 3264 3261
3263 3265 3262
3265 3264 3262
3263 3266 3265
3265 3267 3264
3256 3268 3253
3256 3269 3268
3253 3268 3270
3253 3270 3254
3254 3270 3271
3254 3271 3255
3255 3271 3272
3255 3272 3273
3252 3255 3273
3274 3273 3272
3275 3252 3273
3274 3275 3273
3275 3276 3252
3250 3252 3276
3274 3277 3275
3277 3276 3275
3274 3278 3277
3250 3276 3279
3251 3250 3279
3278 3280 3277
3278 3281 3280
3277 3282 3276
3282 3279 3276
3280 3282 3277
3283 3251 3279
3282 3283 3279
3283 3284 3251
3285 3284 3283
3280 3286 3282
3283 3282 3286
3285 3283 3287
3283 3286 3287
3288 3285 3287
3289 3286 3280
3290 3289 3280
3289 3291 3286
3290 3292 3289
3293 3291 3289
3292 3293 3289
3293 3294 3291
3292 3295 3293
3296 3294 3293
3295 3296 3293
3295 3297 3296
3297 3298 3296
3296 3299 3294
3300 3299 3296
3298 3301 3299
3300 3302 3301
3301 3302 3303
3299 3301 3304
3301 3303 3304
3299 3304 3305
3304 3306 3305
3303 3307 3304
3304 3307 3306
3303 3288 3307
3288 3287 3307
3287 3306 3307
3287 3308 3306
3309 3310 3311
3309 3311 3312
3313 3314 3315
3313 3315 3316
3316 3317 3313
3316 3315 3318
3315 3319 3318
3316 3318 3320
3316 3321 3317
3320 3321 3316
3322 3317 3321
3320 3323 3321
3322 3321 3324
3324 3321 3323
3324 3323 3325
3324 3326 3322
3324 3325 3327
3324 3328 3326
3324 3327 3328
3328 3329 3326
3327 3330 3328
3328 3330 3329
3327 3331 3330
3329 3330 3332
3332 3330 3331
3329 3332 3333
3332 3331 3334
3332 3335 3333
3336 3332 3334
3332 3336 3335
3336 3334 3337
3336 3338 3335
3339 3336 3337
3336 3339 3338
3339 3337 3340
3339 3341 3338
3342 3339 3340
3339 3342 3341
3342 3340 3343
3342 3344 3341
3345 3342 3343
3342 3345 3344
3345 3343 3346
3345 3347 3344
3348 3345 3346
3345 3349 3347
3348 3349 3345
3350 3347 3349
3348 3351 3349
3350 3349 3351
3348 3352 3351
3353 3350 3351
3352 3354 3351
3353 3351 3354
3352 3355 3354
3356 3353 3354
3355 3356 3354
3357 3358 3359
3357 3360 3358
3360 3361 3358
3360 3357 3362
3360 3363 3361
3363 3360 3362
3364 3361 3363
3365 3363 3362
3363 3365 3366
3364 3363 3366
3367 3362 3368
3368 3369 3367
3368 3370 3369
3370 3368 3371
3372 3369 3370
3370 3371 3373
3371 3374 3373
3372 3370 3375
3375 3370 3373
3364 3375 3376
3376 3375 3373
3377 3364 3376
3374 3378 3373
3376 3373 3378
3374 3379 3378
3380 3377 3376
3380 3381 3377
3380 3376 3382
3383 3381 3380
3380 3382 3384
3382 3385 3384
3385 3386 3384
3382 3387 3385
3388 3380 3384
3383 3380 3388
3388 3384 3386
3389 3383 3388
3390 3388 3386
3389 3388 3390
3391 3389 3390
3383 3389 3392
3389 3391 3392
3390 3386 3393
3391 3390 3393
3386 3394 3393
3394 3391 3393
3383 3392 3395
3391 3396 3392
3396 3395 3392
3396 3397 3395
3395 3397 3398
3383 3395 3399
3395 3398 3399
3383 3399 3400
3399 3398 3401
3398 3402 3401
3400 3399 3403
3399 3401 3403
3400 3403 3404
3403 3372 3404
3403 3405 3372
3406 3405 3403
3406 3403 3401
3402 3406 3401
3402 3407 3406
3408 3409 3410
3408 3411 3409
3411 3412 3409
3411 3413 3412
3413 3414 3412
3413 3415 3414
3415 3416 3414
3415 3417 3416
3417 3418 3416
3417 3419 3418
3419 3420 3418
3419 3421 3420
3421 3422 3420
3421 3423 3422
3423 3424 3422
3423 3425 3424
3425 3426 3424
3425 3427 3426
3427 3428 3426
3427 3429 3428
3429 3430 3428
3429 3431 3430
3430 3432 3428
3430 3433 3432
3428 3432 3434
3428 3434 3426
3426 3434 3435
3426 3435 3424
3424 3435 3436
3424 3436 3437
3437 3436 3438
3437 3438 3439
3439 3438 3440
3439 3440 3441
3441 3440 3442
3441 3442 3443
3443 3442 3444
3443 3444 3414
3414 3444 3445
3414 3445 3412
3412 3445 3446
3412 3446 3409
3409 3446 3447
3409 3447 3448
3449 3450 3451
3449 3451 3452
3453 3452 3451
3453 3451 3454
3455 3453 3454
3455 3454 3456
3456 3457 3455
3456 3458 3457
3459 3457 3458
3459 3460 3457
3461 3460 3459
3461 3459 3462
3462 3463 3461
3463 3464 3461
3464 3463 3465
3466 3464 3465
3463 3467 3465
3468 3466 3465
3465 3467 3469
3468 3465 3469
3470 3468 3469
3470 3471 3468
3471 3470 3472
3470 3473 3472
3473 3474 3472
3475 3470 3469
3470 3475 3473
3473 3476 3474
3476 3477 3474
3476 3478 3477
3478 3479 3477
3478 3480 3479
3480 3481 3479
3480 3482 3481
3481 3482 3483
3481 3483 3484
3485 3484 3483
3485 3486 3484
3487 3486 3485
3487 3485 3488
3489 3487 3488
3473 3475 3490
3490 3475 3491
3491 3475 3469
3492 3491 3469
3491 3492 3493
3490 3491 3494
3491 3493 3494
3493 3495 3494
3496 3490 3494
3496 3494 3495
3493 3497 3495
3498 3497 3493
3473 3490 3499
3490 3496 3500
3490 3500 3499
3501 3473 3499
3501 3502 3473
3503 3499 3500
3503 3501 3499
3504 3502 3501
3504 3505 3502
3506 3501 3503
3506 3504 3501
3507 3505 3504
3507 3508 3505
3509 3504 3506
3509 3507 3504
3510 3506 3503
3509 3506 3510
3510 3503 3511
3511 3503 3500
3511 3500 3512
3500 3496 3512
3496 3513 3512
3513 3496 3495
3513 3495 3514
3515 3514 3495
3516 3509 3510
3515 3495 3497
3517 3509 3516
3518 3517 3516
3517 3507 3509
3519 3517 3518
3520 3515 3497
3520 3521 3515
3498 3520 3497
3521 3520 3522
3520 3498 3522
3521 3522 3523
3517 3524 3507
3524 3508 3507
3524 3525 3508
3524 3526 3525
3519 3527 3517
3527 3524 3517
3528 3527 3519
3498 3529 3522
3498 3530 3529
3531 3523 3522
3529 3531 3522
3529 3532 3531
3531 3533 3523
3531 3532 3534
3533 3531 3535
3531 3534 3535
3533 3535 3536
3535 3534 3537
3536 3535 3537
3534 3538 3537
3536 3537 3539
3538 3540 3537
3540 3539 3537
3538 3541 3540
3540 3542 3539
3541 3543 3540
3541 3544 3543
3544 3545 3543
3546 3542 3540
3546 3547 3542
3548 3547 3546
3548 3549 3547
3550 3549 3548
3549 3550 3551
3552 3549 3551
3552 3553 3549
3553 3554 3549
3553 3555 3554
3555 3556 3554
3555 3557 3556
3557 3558 3556
3557 3559 3558
3559 3560 3558
3559 3561 3560
3561 3562 3560
3561 3563 3562
3563 3564 3562
3563 3565 3564
3565 3566 3564
3565 3567 3566
3567 3568 3566
3567 3569 3568
3569 3570 3568
3569 3571 3570
3571 3572 3570
3571 3573 3572
3573 3574 3572
3573 3575 3574
3575 3576 3574
3575 3577 3576
3577 3578 3576
3577 3579 3578
3579 3580 3578
3579 3581 3580
3581 3582 3580
3581 3583 3582
3583 3584 3582
3583 3585 3584
3585 3586 3584
3585 3587 3586
3587 3588 3586
3587 3589 3588
3589 3590 3588
3591 3592 3593
3591 3594 3592
3595 3594 3591
3596 3594 3595
3596 3597 3594
3594 3597 3598
3599 3594 3598
3599 3598 3600
3601 3596 3595
3601 3595 3602
3603 3601 3602
3602 3595 3604
3595 3591 3604
3603 3602 3605
3605 3602 3604
3606 3603 3605
3606 3605 3607
3607 3608 3606
3605 3604 3609
3607 3605 3609
3607 3610 3608
3610 3611 3608
3607 3609 3612
3610 3607 3612
3610 3613 3611
3613 3614 3611
3610 3612 3615
3613 3610 3615
3613 3616 3614
3616 3617 3614
3613 3615 3618
3616 3613 3618
3616 3619 3617
3620 3617 3619
3620 3619 3621
3621 3619 3616
3620 3621 3622
3621 3616 3623
3622 3621 3623
3616 3618 3623
3622 3623 3624
3618 3624 3623
3618 3625 3624
3615 3625 3618
3615 3626 3625
3612 3626 3615
3612 3627 3626
3609 3627 3612
3609 3628 3627
3604 3628 3609
3604 3629 3628
3591 3629 3604
3591 3630 3629
3591 3631 3630
3591 3632 3631
3633 3634 3635
3636 3633 3635
3636 3635 3637
3638 3636 3637
3638 3637 3639
3640 3638 3639
3640 3639 3641
3642 3640 3641
3642 3641 3643
3644 3642 3643
3644 3643 3645
3646 3644 3645
3646 3645 3647
3648 3646 3647
3648 3647 3649
3650 3648 3649
3651 3650 3649
3651 3649 3652
3653 3651 3652
3654 3653 3652
3655 3656 3657
3655 3657 3658
3659 3655 3658
3659 3658 3660
3661 3659 3660
3658 3657 3662
3662 3660 3658
3663 3662 3657
3662 3664 3660
3663 3657 3665
3660 3664 3666
3661 3660 3667
3660 3666 3667
3668 3661 3667
3667 3666 3669
3667 3669 3668
3670 3668 3669
3670 3669 3671
3672 3670 3671
3672 3671 3673
3674 3672 3673
3674 3673 3675
3676 3663 3665
3677 3676 3665
3677 3678 3676
3676 3679 3663
3676 3678 3680
3679 3676 3681
3676 3680 3681
3679 3681 3682
3680 3683 3681
3683 3682 3681
3683 3684 3682
3683 3685 3684
3683 3686 3685
3685 3686 3687
3686 3688 3687
3688 3689 3687
3689 3690 3687
3687 3690 3691
3690 3692 3691
3691 3692 3693
3691 3693 3694
3693 3695 3694
3693 3696 3695
3696 3697 3695
3696 3698 3697
3697 3698 3699
3697 3699 3700
3699 3701 3700
3699 3702 3701
3701 3702 3703
3704 3705 3706
3704 3707 3705
3708 3707 3704
3708 3709 3707
3709 3708 3710
3711 3709 3710
3712 3711 3710
3712 3710 3713
3714 3712 3713
3714 3715 3712
3716 3715 3714
3716 3714 3717
3716 3717 3718
3719 3716 3718
3719 3718 3720
3719 3720 3721
3722 3721 3720
3722 3723 3721
3724 3723 3722
3718 3725 3720
3726 3720 3725
3726 3722 3720
3718 3727 3725
3717 3727 3718
3722 3726 3728
3724 3722 3729
3722 3728 3729
3724 3729 3728
3724 3728 3730
3728 3731 3730
3730 3731 3732
3730 3732 3733
3733 3732 3734
3733 3734 3735
3735 3734 3736
3735 3736 3737
3736 3734 3738
3737 3736 3739
3737 3739 3740
3741 3740 3739
3736 3738 3742
3739 3736 3742
3738 3743 3742
3738 3744 3743
3739 3742 3745
3742 3743 3745
3741 3739 3746
3746 3739 3745
3747 3741 3746
3747 3748 3741
3748 3747 3749
3748 3749 3750
3751 3747 3746
3749 3747 3751
3746 3745 3752
3751 3746 3752
3743 3753 3745
3752 3745 3753
3743 3754 3753
3744 3754 3743
3752 3753 3755
3744 3756 3754
3757 3752 3755
3757 3751 3752
3758 3756 3744
3751 3757 3759
3758 3760 3756
3751 3759 3761
3749 3751 3761
3761 3759 3762
3763 3760 3758
3763 3764 3760
3763 3758 3765
3766 3764 3763
3767 3749 3761
3750 3749 3767
3750 3767 3768
3769 3768 3767
3769 3770 3762
3761 3762 3770
3767 3761 3770
3769 3767 3770
3763 3765 3771
3772 3771 3765
3772 3773 3771
3771 3773 3774
3775 3763 3771
3771 3774 3775
3774 3776 3775
3775 3766 3763
3776 3766 3775
3774 3777 3776
3776 3778 3766
3776 3777 3779
3778 3776 3780
3776 3779 3781
3776 3781 3780
3779 3782 3781
3782 3780 3781
3779 3727 3782
3782 3783 3780
3784 3783 3782
3727 3717 3782
3717 3784 3782
3717 3785 3784
3717 3714 3785
3714 3786 3785
3714 3787 3786
3788 3789 3790
3789 3791 3790
3789 3792 3791
3792 3793 3791
3792 3794 3793
3794 3795 3793
3794 3796 3795
3795 3797 3793
3791 3793 3798
3791 3798 3799
3790 3791 3799
3793 3800 3798
3793 3797 3800
3790 3799 3801
3802 3790 3801
3803 3802 3801
3804 3803 3801
3799 3805 3801
3804 3801 3805
3806 3805 3799
3807 3804 3805
3806 3808 3805
3807 3805 3808
3809 3808 3806
3810 3807 3808
3809 3811 3808
3810 3808 3811
3811 3809 3812
3813 3810 3811
3811 3812 3814
3813 3811 3814
3815 3814 3812
3816 3813 3814
3815 3817 3814
3816 3814 3817
3818 3816 3817
3817 3815 3819
3818 3817 3820
3817 3819 3820
3821 3818 3820
3821 3820 3822
3823 3821 3822
3819 3824 3820
3820 3825 3822
3820 3824 3825
3819 3826 3824
3819 3827 3826
3824 3826 3828
3824 3828 3825
3829 3827 3819
3829 3830 3827
3825 3828 3831
3830 3829 3832
3825 3831 3833
3822 3825 3833
3834 3833 3831
3823 3822 3835
3822 3833 3835
3836 3823 3835
3836 3837 3823
3838 3837 3836
3839 3835 3833
3839 3836 3835
3834 3839 3833
3838 3836 3840
3836 3839 3840
3841 3838 3840
3842 3830 3832
3800 3842 3832
3800 3797 3842
3843 3842 3797
3830 3842 3843
3843 3797 3844
3845 3843 3844
3845 3846 3843
3847 3830 3843
3846 3847 3843
3848 3830 3847
3846 3849 3847
3850 3848 3847
3849 3850 3847
3849 3851 3850
3851 3852 3850
3853 3848 3850
3852 3854 3850
3854 3853 3850
3852 3855 3854
3856 3853 3854
3855 3856 3854
3856 3857 3853
3855 3858 3856
3859 3857 3856
3858 3859 3856
3859 3860 3857
3858 3861 3859
3862 3860 3859
3861 3862 3859
3861 3863 3862
3862 3834 3860
3863 3864 3862
3863 3865 3864
3865 3866 3864
3867 3834 3862
3867 3868 3834
3869 3868 3867
3839 3834 3868
3839 3868 3840
3840 3868 3869
3869 3867 3870
3871 3869 3870
3872 3870 3867
3872 3871 3870
3872 3873 3871
3840 3869 3874
3841 3840 3874
3875 3841 3874
3869 3876 3874
3875 3874 3876
3869 3877 3876
3871 3877 3869
3875 3876 3878
3878 3876 3877
3879 3875 3878
3878 3877 3880
3880 3877 3871
3879 3878 3881
3881 3878 3880
3881 3880 3882
3883 3879 3881
3883 3881 3884
3884 3881 3882
3885 3883 3884
3880 3871 3886
3882 3880 3886
3887 3886 3871
3887 3882 3886
3873 3887 3871
3873 3888 3887
3888 3882 3887
3873 3889 3888
3885 3884 3890
3891 3885 3890
3884 3882 3892
3890 3884 3892
3888 3893 3882
3893 3892 3882
3894 3893 3888
3894 3895 3893
3896 3893 3895
3893 3896 3892
3896 3895 3897
3898 3896 3897
3892 3896 3898
3898 3897 3899
3891 3890 3900
3901 3891 3900
3890 3892 3902
3892 3898 3902
3900 3890 3902
3899 3903 3898
3899 3904 3903
3898 3905 3902
3900 3902 3905
3898 3903 3905
3901 3900 3906
3906 3900 3905
3906 3907 3901
3904 3908 3903
3904 3909 3908
3905 3903 3910
3906 3905 3910
3903 3908 3910
3906 3911 3907
3911 3912 3907
3906 3910 3913
3908 3913 3910
3906 3913 3911
3909 3914 3908
3908 3914 3913
3909 3915 3914
3911 3916 3912
3913 3916 3911
3916 3917 3912
3915 3918 3914
3915 3919 3918
3914 3920 3913
3913 3920 3916
3914 3918 3920
3916 3920 3921
3921 3920 3918
3916 3922 3917
3916 3921 3922
3922 3923 3917
3919 3924 3918
3921 3918 3924
3919 3925 3924
3922 3926 3923
3921 3926 3922
3927 3923 3926
3925 3928 3924
3928 3921 3924
3925 3929 3928
3921 3930 3926
3928 3930 3921
3927 3926 3931
3931 3926 3930
3929 3932 3928
3929 3933 3932
3934 3930 3928
3934 3928 3932
3931 3930 3934
3933 3935 3932
3935 3934 3932
3933 3936 3935
3935 3936 3937
3935 3938 3934
3938 3931 3934
3939 3927 3931
3939 3940 3927
3941 3940 3939
3938 3942 3931
3942 3939 3931
3939 3942 3943
3938 3935 3944
3935 3937 3944
3938 3944 3945
3941 3939 3946
3939 3943 3946
3941 3946 3947
3946 3943 3947
3941 3947 3948
3947 3949 3948
3937 3950 3944
3937 3951 3950
3952 3945 3944
3952 3944 3950
3953 3945 3952
3943 3953 3954
3943 3954 3947
3953 3952 3954
3951 3955 3950
3955 3952 3950
3951 3956 3955
3947 3957 3949
3957 3947 3954
3952 3958 3954
3955 3958 3952
3958 3957 3954
3956 3959 3955
3959 3958 3955
3956 3960 3959
3961 3949 3957
3961 3962 3949
3962 3961 3963
3964 3957 3958
3959 3964 3958
3964 3961 3957
3960 3965 3959
3965 3964 3959
3960 3966 3965
3965 3966 3967
3961 3964 3968
3965 3968 3964
3961 3968 3963
3965 3967 3969
3968 3965 3969
3967 3970 3969
3967 3971 3970
3970 3971 3972
3970 3972 3973
3968 3969 3974
3970 3974 3969
3963 3968 3974
3975 3970 3973
3970 3975 3974
3975 3973 3976
3977 3976 3973
3977 3978 3976
3979 3978 3977
3980 3978 3979
3963 3974 3981
3981 3974 3975
3982 3979 3977
3982 3977 3983
3984 3982 3983
3984 3983 3985
3986 3979 3982
3984 3986 3982
3980 3979 3987
3986 3988 3979
3987 3979 3988
3989 3980 3987
3989 3990 3980
3991 3987 3988
3991 3989 3987
3992 3988 3986
3992 3991 3988
3984 3985 3993
3985 3994 3993
3985 3995 3994
3995 3996 3994
3995 3997 3996
3997 3998 3996
3997 3999 3998
3999 4000 3998
3984 3993 4001
4002 3984 4001
3984 4002 3986
4002 4001 4003
4004 4002 4003
4002 4005 3986
4004 4005 4002
4005 3992 3986
4006 4005 4004
4006 4004 4007
4005 4008 3992
4005 4006 4008
4009 4006 4007
4009 4007 4010
4011 4009 4010
4006 4009 4012
4006 4012 4008
4012 4009 4011
4013 3992 4008
4012 4013 4008
4014 4012 4011
4012 4014 4013
4014 4015 4013
4013 4016 3992
4015 4016 4013
3992 4016 3991
4017 4014 4011
4014 4017 4015
4018 4017 4011
4015 4017 4018
4011 4019 4018
4019 4020 4018
4015 4018 4020
4019 4021 4020
4021 4022 4020
4022 4015 4020
4021 4023 4022
4022 4023 4024
4016 4025 3991
4025 3989 3991
4015 4026 4016
4022 4026 4015
4016 4026 4025
4026 4022 4027
4022 4024 4027
4026 4027 4025
4025 4028 3989
4027 4028 4025
4024 4029 4027
4027 4029 4028
4024 4030 4029
4030 4031 4029
4031 4028 4029
4030 4032 4031
3989 4028 4033
4031 4033 4028
3989 4033 3990
4032 4034 4031
4034 4033 4031
4032 4035 4034
3990 4033 4036
4034 4036 4033
3990 4036 4037
4036 3975 4037
4035 4038 4034
4038 4036 4034
4035 4039 4038
4036 4040 3975
4038 4040 4036
3981 3975 4040
4039 4041 4038
4041 4040 4038
4041 3981 4040
4039 4042 4041
4043 3981 4041
4042 4043 4041
4043 3963 3981
4044 3963 4043
4042 4045 4043
4045 4044 4043
4044 4046 3963
4045 4047 4044
4048 4046 4044
4044 4047 4049
4048 4044 4050
4044 4049 4050
4051 4048 4050
4049 4051 4050
4051 4052 4048
4049 4053 4051
4054 4052 4051
4053 4054 4051
4055 4056 4057
4055 4057 4058
4059 4055 4058
4059 4058 4060
4061 4058 4057
4062 4061 4057
4061 4062 4063
4064 4060 4058
4064 4065 4060
4066 4065 4064
4066 4064 4067
4068 4066 4067
4068 4067 4069
4070 4068 4069
4070 4069 4071
4072 4070 4071
4072 4073 4070
4061 4074 4058
4073 4072 4075
4076 4073 4075
4072 4077 4075
4078 4076 4075
4075 4077 4079
4078 4075 4079
4077 4080 4079
4081 4078 4079
4079 4080 4082
4081 4079 4083
4079 4082 4083
4084 4081 4083
4083 4082 4085
4084 4083 4086
4083 4085 4086
4087 4084 4086
4086 4085 4088
4087 4086 4089
4086 4088 4089
4090 4087 4089
4089 4088 4091
4090 4089 4092
4089 4091 4092
4093 4090 4092
4092 4091 4094
4093 4092 4095
4092 4094 4095
4096 4093 4095
4095 4094 4097
4096 4095 4098
4095 4097 4098
4099 4096 4098
4098 4097 4100
4099 4098 4101
4098 4100 4101
4102 4099 4101
4101 4100 4103
4102 4101 4104
4101 4103 4104
4105 4102 4104
4104 4103 4106
4105 4104 4107
4104 4106 4107
4108 4105 4107
4108 4107 4106
4109 4110 4111
4109 4112 4110
4113 4112 4109
4114 4113 4109
4109 4115 4114
4114 4115 4116
4117 4113 4114
4114 4116 4118
4117 4114 4118
4119 4118 4116
4120 4117 4118
4119 4121 4118
4120 4122 4117
4123 4121 4119
4124 4122 4120
4123 4125 4121
4124 4126 4122
4127 4125 4123
4127 4128 4125
4129 4128 4127
4129 4130 4128
4131 4126 4124
4131 4132 4126
4133 4132 4131
4134 4133 4131
4130 4129 4135
4130 4135 4136
4137 4133 4134
4137 4134 4138
4139 4137 4138
4139 4140 4137
4141 4136 4135
4142 4141 4135
4143 4140 4139
4143 4144 4140
4145 4144 4143
4145 4143 4146
4147 4141 4142
4147 4148 4141
4148 4147 4149
4147 4150 4149
4151 4145 4146
4151 4146 4152
4153 4151 4152
4153 4154 4151
4155 4154 4153
4155 4156 4154
4149 4150 4157
4150 4158 4157
4159 4157 4158
4159 4160 4157
4161 4160 4159
4161 4162 4160
4163 4162 4161
4163 4164 4162
4164 4163 4165
4164 4165 4166
4166 4165 4167
4168 4156 4155
4168 4169 4156
4170 4169 4168
4170 4168 4171
4170 4171 4172
4173 4174 4175
4174 4176 4175
4177 4175 4176
4178 4177 4176
4179 4177 4178
4180 4179 4178
4181 4179 4180
4182 4178 4176
4182 4180 4178
4182 4176 4183
4174 4183 4176
4174 4184 4183
4185 4184 4174
4185 4186 4184
4186 4185 4187
4182 4188 4180
4185 4189 4187
4190 4181 4180
4188 4190 4180
4188 4191 4190
4192 4181 4190
4191 4193 4190
4192 4190 4193
4191 4194 4193
4195 4192 4193
4194 4195 4193
4195 4196 4192
4194 4197 4195
4198 4196 4195
4197 4198 4195
4197 4199 4198
4198 4200 4196
4198 4199 4201
4200 4198 4202
4198 4201 4202
4200 4202 4203
4201 4204 4202
4204 4203 4202
4201 4205 4204
4204 4206 4203
4205 4207 4204
4207 4206 4204
4205 4208 4207
4207 4209 4206
4208 4210 4207
4210 4209 4207
4211 4212 4213
4214 4213 4212
4214 4215 4213
4216 4215 4214
4216 4217 4215
4217 4216 4187
4215 4218 4213
4217 4218 4215
4218 4219 4213
4219 4220 4213
4217 4221 4218
4221 4217 4222
4217 4187 4222
4221 4222 4223
4224 4223 4222
4224 4222 4225
4225 4222 4187
4226 4224 4225
4226 4063 4224
4061 4063 4226
4061 4226 4227
4227 4226 4225
4074 4061 4227
4074 4227 4228
4229 4228 4227
4227 4225 4230
4229 4227 4230
4225 4187 4230
4231 4229 4230
4231 4230 4187
4187 4189 4231
4189 4232 4231
4233 4234 4235
4233 4236 4234
4236 4237 4234
4236 4238 4237
4236 4233 4239
4238 4236 4240
4236 4239 4240
4239 4241 4240
4238 4240 4242
4241 4242 4240
4239 4243 4241
4241 4244 4242
4241 4243 4245
4246 4244 4241
4241 4245 4247
4246 4241 4247
4248 4247 4245
4248 4246 4247
4248 4249 4246
4250 4248 4245
4251 4249 4248
4248 4250 4252
4251 4248 4252
4250 4253 4252
4254 4251 4252
4255 4252 4253
4254 4252 4255
4255 4253 4256
4257 4255 4256
4258 4254 4255
4257 4258 4255
4258 4259 4254
4260 4258 4257
4261 4259 4258
4260 4261 4258
4261 4262 4259
4263 4262 4261
4264 4261 4260
4263 4261 4264
4264 4260 4265
4266 4263 4264
4267 4264 4265
4266 4264 4267
4267 4265 4268
4269 4266 4267
4269 4267 4268
4270 4271 4272
4273 4270 4272
4273 4272 4274
4275 4273 4274
4275 4274 4276
4277 4275 4276
4277 4276 4278
4279 4277 4278
4279 4280 4277
4281 4280 4279
4281 4279 4282
4283 4281 4282
4283 4284 4281
4285 4284 4283
4285 4286 4284
4287 4286 4285
4287 4285 4288
4289 4287 4288
4289 4288 4290
4291 4289 4290
4292 4293 4294
4295 4292 4294
4295 4294 4296
4297 4295 4296
4297 4296 4298
4299 4297 4298
4299 4298 4300
4301 4299 4300
4301 4300 4302
4303 4301 4302
4303 4302 4304
4303 4304 4305
4303 4305 4306
4307 4306 4305
4307 4308 4306
4309 4308 4307
4309 4310 4308
4311 4310 4309
4311 4312 4310
4313 4312 4311
4314 4313 4311
4315 4316 4317
4318 4317 4316
4318 4316 4319
4320 4318 4319
4320 4321 4318
4322 4321 4320
4322 4323 4321
4324 4323 4322
4325 4324 4322
4324 4326 4323
4324 4325 4327
4326 4324 4328
4324 4327 4328
4327 4329 4328
4326 4328 4330
4329 4330 4328
4327 4331 4329
4329 4332 4330
4329 4331 4333
4334 4332 4329
4329 4333 4335
4334 4329 4335
4336 4335 4333
4337 4334 4335
4336 4337 4335
4337 4338 4334
4339 4338 4337
4340 4337 4336
4339 4337 4340
4340 4336 4341
4342 4339 4340
4342 4340 4341
4343 4344 4345
4343 4345 4346
4345 4347 4346
4345 4348 4347
4348 4349 4347
4348 4350 4349
4350 4351 4349
4350 4352 4351
4351 4352 4353
4351 4353 4354
4354 4353 4355
4354 4355 4356
4356 4355 4357
4356 4357 4358
4357 4359 4358
4357 4360 4359
4360 4361 4359
4362 4363 4364
4362 4364 4365
4366 4362 4365
4366 4365 4367
4367 4368 4366
4367 4369 4368
4369 4370 4368
4369 4371 4370
4371 4372 4370
4371 4373 4372
4373 4374 4372
4373 4375 4374
4375 4376 4374
4375 4377 4376
4377 4378 4376
4377 4379 4378
4379 4380 4378
4379 4381 4380
4381 4382 4380
4381 4383 4382
4383 4384 4382
4385 4386 4387
4385 4387 4388
4389 4385 4388
4388 4387 4390
4389 4388 4391
4388 4390 4392
4391 4388 4392
4393 4392 4390
4391 4392 4394
4393 4395 4392
4395 4394 4392
4395 4396 4394
4397 4395 4393
4398 4396 4395
4397 4398 4395
4398 4399 4396
4400 4398 4397
4399 4398 4400
4400 4397 4401
4402 4399 4400
4403 4400 4401
4404 4402 4400
4403 4404 4400
4404 4405 4402
4406 4405 4404
4404 4403 4407
4406 4404 4408
4404 4407 4408
4409 4406 4408
4407 4410 4408
4409 4408 4410
4407 4411 4410
4412 4409 4410
4413 4410 4411
4412 4410 4413
4413 4411 4414
4415 4413 4414
4416 4412 4413
4415 4416 4413
4416 4417 4412
4418 4416 4415
4418 4417 4416
4419 4420 4421
4419 4421 4422
4423 4424 4425
4423 4425 4426
4427 4426 4425
4427 4428 4426
4429 4423 4426
4428 4429 4426
4428 4430 4429
4429 4431 4423
4429 4430 4432
4431 4429 4433
4429 4432 4433
4431 4433 4434
4433 4435 4434
4432 4436 4433
4433 4436 4435
4432 4437 4436
4438 4435 4436
4437 4438 4436
4437 4439 4438
4438 4440 4435
4438 4439 4441
4440 4438 4442
4438 4441 4442
4440 4442 4443
4442 4444 4443
4441 4445 4442
4442 4445 4444
4441 4446 4445
4447 4444 4445
4448 4445 4446
4447 4445 4448
4448 4446 4449
4450 4448 4449
4451 4447 4448
4450 4451 4448
4451 4452 4447
4453 4452 4451
4454 4451 4450
4453 4451 4454
4454 4450 4455
4456 4454 4455
4457 4453 4454
4456 4457 4454
4457 4458 4453
4459 4458 4457
4456 4460 4457
4459 4457 4460
4456 4461 4460
4462 4459 4460
4461 4462 4460
4462 4463 4459
4461 4464 4462
4465 4463 4462
4464 4465 4462
4465 4466 4463
4464 4467 4465
4468 4466 4465
4467 4468 4465
4468 4469 4466
4467 4470 4468
4469 4468 4471
4468 4470 4471
4472 4473 4474
4472 4474 4475
4476 4472 4475
4474 4477 4475
4474 4478 4477
4476 4475 4479
4477 4479 4475
4477 4480 4479
4481 4476 4479
4479 4480 4482
4481 4479 4483
4479 4482 4483
4484 4481 4483
4482 4485 4483
4484 4483 4485
4482 4486 4485
4487 4484 4485
4485 4486 4488
4487 4485 4489
4485 4488 4489
4490 4487 4489
4489 4488 4491
4490 4489 4492
4489 4491 4492
4493 4490 4492
4492 4491 4494
4493 4492 4495
4492 4494 4495
4495 4494 4496
4497 4493 4495
4495 4496 4498
4497 4495 4498
4498 4496 4499
4497 4498 4500
4498 4499 4500
4497 4500 4501
4499 4502 4500
4502 4501 4500
4499 4503 4502
4502 4504 4501
4503 4505 4502
4505 4504 4502
4505 4506 4504
4503 4507 4505
4508 4506 4505
4507 4509 4505
4508 4505 4509
4507 4510 4509
4511 4508 4509
4510 4511 4509
4511 4512 4508
4510 4513 4511
4514 4512 4511
4513 4514 4511
4514 4515 4512
4513 4516 4514
4517 4515 4514
4516 4517 4514
4517 4518 4515
4516 4519 4517
4520 4518 4517
4519 4520 4517
4521 227 4522
4521 4522 226
4523 485 484
4523 484 4524
4525 4523 4524
483 4524 484
4525 4524 4526
4526 4524 483
4527 4525 4526
4526 483 486
4527 4526 4528
486 4528 4526
4528 4529 4527
486 4530 4528
4528 4531 4529
4531 4528 4530
4531 4530 4532
4531 4533 4529
4534 4531 4532
4531 4534 4533
4534 4532 4535
4533 4534 4536
4535 4536 4534
4537 4533 4536
4535 4538 4536
4539 4537 4536
4538 4540 4536
4539 4536 4540
4538 4541 4540
4542 4539 4540
4541 4543 4540
4542 4540 4543
4541 4544 4543
4543 4545 4542
4544 4546 4543
4543 4546 4545
4544 4547 4546
4548 4545 4546
4549 4546 4547
4548 4546 4549
4549 4547 4550
4548 4549 4551
4549 4550 4551
4552 486 475
4552 475 4553
4554 4552 4553
474 4553 475
4554 4553 4555
4555 4553 474
4556 4554 4555
4555 474 4557
474 471 4557
4556 4555 4558
4558 4555 4557
4559 4556 4558
4557 471 4560
471 473 4560
4558 4557 4561
4557 4560 4562
4563 4558 4561
4559 4558 4564
4563 4564 4558
4565 4559 4564
4566 4564 4563
473 4567 4560
4567 4562 4560
473 4568 4567
4567 4569 4562
4565 4564 4570
4566 4570 4564
4570 4571 4565
4572 4570 4566
4568 4573 4567
4573 4569 4567
4573 4574 4569
4568 4575 4573
4576 4574 4573
4570 4577 4571
4572 4577 4570
4578 4571 4577
4575 4579 4573
4576 4573 4579
4575 4580 4579
4581 4577 4572
4578 4577 4581
4581 4572 4582
4583 4578 4581
4576 4579 4584
4580 4584 4579
4585 4576 4584
4580 4586 4584
4587 4585 4584
4586 4587 4584
4588 4581 4582
4583 4581 4588
4588 4582 4589
4588 4590 4583
4589 4590 4588
4591 4592 4593
4592 4594 4593
4592 4595 4594
4595 4596 4594
4595 4597 4596
4591 4598 4592
4599 4598 4591
4599 4591 4600
4601 4599 4600
4592 4598 4602
4602 4598 4599
4592 4602 4603
4603 4595 4592
4602 4599 4604
4603 4605 4595
4599 4606 4604
4599 4601 4607
4599 4607 4606
4601 4608 4607
4606 4607 4609
4608 4609 4607
4605 4610 4595
4605 4611 4610
4595 4610 4597
4611 4612 4610
4597 4610 4612
4597 4612 4613
4611 4614 4612
4615 4613 4612
4614 4616 4612
4615 4612 4616
4614 4617 4616
4618 4615 4616
4617 4619 4616
4618 4616 4619
4617 4620 4619
4619 4621 4618
4622 4619 4620
4619 4622 4621
4622 4620 4623
4622 4624 4621
4625 4622 4623
4622 4625 4624
4625 4623 4626
4625 4627 4624
4628 4625 4626
4625 4628 4627
4628 4626 4629
4628 4630 4627
4631 4628 4629
4628 4631 4630
4631 4629 4632
4631 4633 4630
4632 4634 4631
4631 4634 4633
4632 4635 4634
4634 4636 4633
4635 4637 4634
4634 4637 4636
4635 4638 4637
4637 4639 4636
4638 4640 4637
4637 4640 4639
4638 4641 4640
4642 4639 4640
4643 4640 4641
4642 4640 4643
4643 4641 4644
4645 4642 4643
4646 4643 4644
4645 4643 4646
4646 4644 4647
4648 4645 4646
4649 4646 4647
4648 4646 4649
4649 4647 4650
4651 4648 4649
4651 4649 4650
4652 4653 4654
4653 4652 4655
4653 4656 4654
4657 4653 4655
4653 4657 4656
4657 4655 4658
4657 4659 4656
4658 4660 4657
4657 4660 4659
4658 4661 4660
4660 4662 4659
4661 4663 4660
4660 4663 4662
4661 4664 4663
4665 4662 4663
4666 4663 4664
4665 4663 4666
4666 4664 4667
4666 4667 4668
4665 4666 4669
4666 4668 4670
4666 4670 4669
4670 4668 4671
4672 4669 4670
4670 4671 4672
4672 4673 4669
4674 4672 4671
4675 4673 4672
4674 4675 4672
4675 4676 4673
4675 4674 4677
4678 4676 4675
4675 4677 4679
4679 4678 4675
4680 4681 4682
4683 4681 4680
4684 4683 4680
4682 4685 4680
4684 4680 4685
4682 4686 4685
4687 4684 4685
4686 4688 4685
4687 4685 4688
4689 4687 4688
4686 4690 4688
4690 4689 4688
4689 4691 4687
4690 4692 4689
4689 4693 4691
4694 4689 4692
4689 4695 4693
4694 4695 4689
4696 4697 4698
4697 4699 4698
4699 4700 4698
4700 4699 4701
4696 4698 4702
1445 4696 4702
1445 4702 4703
1444 1445 4703
4704 4702 4698
4703 4702 4704
4705 1444 4703
4705 4703 4704
4705 1459 1444
1459 4705 4706
1459 4706 1456
4706 4707 1456
1462 1456 4707
4705 4704 4708
4704 4698 4709
4708 4704 4709
4709 4698 4700
4710 1462 4707
1462 4710 1235
4710 4707 4711
1237 1235 4710
1237 4710 4711
4711 4708 4712
4708 4709 4712
4712 1237 4711
4712 4709 4700
4712 4713 1237
4712 4714 4713
4714 4712 4700
4714 4715 4713
4716 4714 4700
4714 4716 4715
4715 4716 4717
4715 4717 4718
4717 4719 4718
4716 4700 4720
4720 4717 4716
4700 4701 4720
4701 4721 4720
4720 4721 4717
4701 4722 4721
4721 4722 4723
4724 4721 4723
4724 4717 4721
4724 4723 4725
4717 4726 4719
4724 4726 4717
4727 4719 4726
4724 4727 4726
4724 4725 4727
4727 4728 4719
4727 4729 4728
4725 4730 4727
4727 4730 4729
4725 4731 4730
4730 4732 4729
4733 4730 4731
4730 4734 4732
4733 4734 4730
4732 4734 4735
4735 4734 4733
4732 4735 4736
4735 4733 4737
4738 4736 4735
4737 4738 4735
4738 4739 4736
4737 4740 4738
4739 4738 4741
4738 4740 4741
4742 4743 4744
4742 4744 4745
4746 4743 4742
4747 4742 4745
4747 4746 4742
4747 4745 4748
4747 4749 4746
4749 4747 4750
4750 4747 4748
4750 4748 4751
4752 4753 4746
4753 4752 4754
4753 4754 4755
4756 4753 4755
4755 4754 4757
4748 4758 4757
4755 4757 4759
4760 4756 4755
4760 4755 4759
4761 4756 4760
3387 4761 4760
3387 4760 4762
4762 4760 4759
4762 4759 4763
4751 4763 4759
4751 4764 4763
4748 4765 4758
4765 4766 4758
4764 4767 4763
4764 4766 4767
4768 4765 4748
4768 4748 4769
4770 4768 4769
4770 4771 4768
4771 4772 4768
4773 4765 4768
4772 4773 4768
4765 4773 4766
4774 4773 4772
4766 4773 4774
4774 4772 4775
4766 4774 4776
4767 4766 4776
4777 4774 4775
4776 4774 4777
4777 4775 4778
3391 4777 4778
4777 3391 4779
4776 4777 4779
4779 3391 3394
4780 4776 4779
4780 4779 3394
4767 4776 4780
3386 4780 3394
4781 4767 4780
3386 4781 4780
4781 4763 4767
3386 4782 4781
4781 4783 4763
4781 4782 3379
4781 3379 4783
4784 4785 4786
4787 4786 4785
4784 4786 4788
4789 4784 4788
4789 4790 4784
4791 4790 4789
4792 4791 4789
4793 4792 4789
4793 4789 4794
4795 4794 4789
4795 4789 4788
4786 4795 4788
4786 4796 4795
4797 4796 4786
4787 4797 4786
4797 4798 4796
4797 4799 4798
4787 4800 4797
4797 4800 4799
4787 4801 4800
4802 4799 4800
4803 4800 4801
4802 4800 4803
4803 4801 4804
4805 4802 4803
4806 4803 4804
4805 4803 4806
4806 4804 4807
4806 4808 4805
4809 4806 4807
4806 4809 4808
4809 4807 4810
4809 4811 4808
4812 4809 4810
4809 4812 4811
4812 4810 4813
4812 4814 4811
4815 4812 4813
4812 4815 4814
4815 4813 4816
4815 4817 4814
4818 4815 4816
4815 4818 4817
4818 4816 4819
4818 4820 4817
4820 4818 4819
4820 4821 4817
4820 4819 4822
4820 4823 4821
4824 4820 4822
4820 4824 4823
4824 4822 4825
4824 4826 4823
4826 4824 4825
4827 4828 4829
4830 4827 4829
4828 4831 4829
4830 4829 4832
4831 4832 4829
4833 4830 4832
4831 4834 4832
4833 4832 4835
4834 4835 4832
4835 4836 4833
4834 4837 4835
4835 4838 4836
4838 4835 4837
4838 4837 4839
4838 4840 4836
4841 4838 4839
4838 4841 4840
4841 4839 4842
4841 4843 4840
4843 4844 4840
4845 4841 4842
4841 4845 4843
4845 4842 4846
4847 4844 4843
4845 4847 4843
4847 4848 4844
4849 4845 4846
4845 4849 4847
4849 4846 4850
4851 4848 4847
4849 4851 4847
4851 4852 4848
4853 4849 4850
4849 4853 4851
4853 4850 4854
4855 4852 4851
4853 4855 4851
4855 4856 4852
4857 4853 4854
4853 4857 4855
4857 4854 4858
4859 4856 4855
4857 4859 4855
4859 4860 4856
4861 4860 4859
4858 4862 4857
4857 4862 4859
4858 4863 4862
4864 4861 4859
4862 4864 4859
4865 4861 4864
4863 4866 4862
4862 4866 4864
4864 4866 4867
4863 4868 4866
4867 4866 4868
4867 4868 4869
4867 4869 4870
4865 4864 4871
4864 4867 4871
4872 4865 4871
4867 4872 4871
4872 4873 4865
4867 4870 4874
4867 4874 4872
4874 4870 4875
4874 4875 4876
4876 4872 4874
4877 4876 4875
4877 4878 4876
4878 4879 4876
4880 4873 4872
4876 4880 4872
4879 4880 4876
4880 4881 4873
4879 4881 4880
4882 4883 4884
4884 4883 4885
4882 4884 4886
4887 4882 4886
4887 4888 4882
4889 4888 4887
4889 4887 4890
4890 4887 4886
4890 4886 4891
4884 4891 4886
4884 4892 4891
4893 4892 4884
4893 4884 4894
4884 4885 4894
4895 4893 4894
4885 4896 4894
4895 4894 4896
4885 4897 4896
4898 4895 4896
4897 4898 4896
4897 4899 4898
4898 4900 4895
4898 4899 4901
4900 4898 4902
4898 4901 4902
4900 4902 4903
4902 4904 4903
4901 4905 4902
4902 4905 4904
4901 4906 4905
4905 4906 4907
4904 4905 4908
4905 4907 4908
4904 4908 4909
4908 4910 4909
4907 4911 4908
4908 4911 4910
4907 4912 4911
4913 4911 4912
4914 4910 4911
4913 4914 4911
4913 4915 4914
4914 4916 4910
4915 4916 4914
4913 4917 4915
4915 4918 4916
4915 4917 4919
4920 4918 4915
4915 4919 4921
4920 4915 4921
4922 4921 4919
4923 4920 4921
4922 4924 4921
4924 4923 4921
3524 4925 3526
3527 4925 3524
4926 3526 4925
4926 4927 3526
4928 4927 4926
4929 4925 3527
4929 4926 4925
3528 4929 3527
4928 4926 4930
4926 4929 4930
4930 4929 3528
4931 4928 4930
4930 3528 4932
4931 4930 4932
4933 4934 4935
4936 4933 4935
4934 4937 4935
4938 4936 4935
4935 4937 4939
4938 4935 4939
4937 4940 4939
4939 4940 4941
4938 4939 4942
4939 4941 4942
4938 4942 4943
4941 4944 4942
4944 4943 4942
4941 4945 4944
4944 4946 4943
4945 4947 4944
4947 4946 4944
4945 4948 4947
4947 4949 4946
4948 4950 4947
4950 4949 4947
4951 4952 4953
4954 4951 4953
4955 4954 4953
4953 4952 4956
4955 4953 4957
4953 4956 4957
4958 4955 4957
4956 4959 4957
4958 4957 4959
4956 4960 4959
4961 4958 4959
4959 4960 4962
4961 4959 4963
4959 4962 4963
4964 4961 4963
4963 4962 4965
4964 4963 4966
4963 4965 4966
4967 4964 4966
4966 4965 4968
4967 4966 4969
4966 4968 4969
4970 4967 4969
4969 4968 4971
4970 4969 4972
4969 4971 4972
4973 4970 4972
4972 4971 4974
4973 4972 4975
4972 4974 4975
4976 4973 4975
4975 4974 4977
4976 4975 4978
4975 4977 4978
4979 4976 4978
4978 4977 4980
4978 4980 4979
