byte offset: 0
first index: 453
index count: 4932
topology: trianglelist
format: DXGI_FORMAT_R16_UINT

109 110 111
112 110 109
111 110 113
111 113 114
115 111 114
112 115 114
116 110 112
116 112 114
113 110 117
113 117 114
117 110 118
117 119 114
118 110 120
120 110 116
119 120 114
120 116 114
121 122 123
124 122 121
123 122 125
123 125 126
127 123 126
124 127 126
128 122 124
128 124 126
125 122 129
125 129 126
129 122 130
129 131 126
130 122 132
132 122 128
131 132 126
132 128 126
133 134 135
136 134 133
135 134 137
135 137 138
139 135 138
136 139 138
140 134 136
140 136 138
137 134 141
137 141 138
141 134 142
141 143 138
142 134 144
144 134 140
143 144 138
144 140 138
145 146 147
148 146 145
147 146 149
147 149 150
151 147 150
148 151 150
152 146 148
152 148 150
149 146 153
149 153 150
153 146 154
153 155 150
154 146 156
156 146 152
155 156 150
156 152 150
157 158 159
160 158 157
159 158 161
159 161 162
163 159 162
160 163 162
164 158 160
164 160 162
161 158 165
161 165 162
165 158 166
165 167 162
166 158 168
168 158 164
167 168 162
168 164 162
169 170 171
172 170 169
171 170 173
171 173 174
175 171 174
172 175 174
176 170 172
176 172 174
173 170 177
173 177 174
177 170 178
177 179 174
178 170 180
180 170 176
179 180 174
180 176 174
181 182 183
184 182 181
183 182 185
183 185 186
187 183 186
184 187 186
188 182 184
188 184 186
185 182 189
185 189 186
189 182 190
189 191 186
190 182 192
192 182 188
191 192 186
192 188 186
193 194 195
196 194 193
195 194 197
195 197 198
199 195 198
196 199 198
197 194 200
197 200 198
201 194 196
201 196 198
200 194 202
200 202 198
203 194 201
202 194 203
202 203 198
203 201 198
204 205 206
207 205 204
206 205 208
206 208 209
210 206 209
207 210 209
211 205 207
211 207 209
208 205 212
208 212 209
212 205 213
212 214 209
213 205 215
215 205 211
214 215 209
215 211 209
216 217 218
219 217 216
218 217 220
218 220 221
222 218 221
219 222 221
223 217 219
223 219 221
220 217 224
220 224 221
225 217 223
225 223 221
224 217 226
226 217 225
226 225 221
224 226 221
227 228 229
230 228 227
229 228 231
232 228 230
231 228 233
234 228 232
233 228 235
235 228 234
236 237 238
239 237 236
238 237 240
241 237 239
240 237 242
243 237 241
242 237 244
244 237 243
245 246 247
248 246 245
247 246 249
250 246 248
249 246 251
252 246 250
251 246 253
253 246 252
254 255 256
257 255 254
256 255 258
255 257 259
255 260 258
255 261 260
262 255 259
262 261 255
260 261 263
264 261 262
263 261 265
261 264 266
261 267 265
267 261 266
268 269 270
271 268 270
269 272 270
273 271 270
274 273 270
272 275 270
276 274 270
275 277 270
276 270 277
275 278 277
279 276 277
278 280 277
281 279 277
280 281 277
282 283 284
285 283 282
286 283 285
284 283 287
284 287 288
289 284 288
290 289 288
286 290 288
291 283 286
291 286 288
292 283 291
293 291 288
294 283 292
287 283 294
294 293 288
287 294 288
295 296 297
298 296 295
297 296 299
300 296 298
300 298 301
298 302 301
302 303 301
303 299 301
304 296 300
305 296 304
306 300 301
307 306 301
308 296 305
299 296 308
308 307 301
299 308 301
309 310 311
312 310 309
311 310 313
314 310 312
313 310 315
315 310 316
316 310 317
317 310 314
317 314 318
319 317 318
314 320 318
321 319 318
313 321 318
320 322 318
323 313 318
322 323 318
324 325 326
327 325 324
326 325 328
326 328 329
330 326 329
327 330 329
331 325 327
331 327 329
332 325 331
333 325 332
334 331 329
335 334 329
336 325 333
328 325 336
336 335 329
328 336 329
337 338 339
340 338 337
339 338 341
342 338 340
342 340 343
340 344 343
344 345 343
345 341 343
346 338 342
346 342 343
347 338 346
348 346 343
349 338 347
341 338 349
349 348 343
341 349 343
350 351 352
353 351 350
352 351 354
352 354 355
356 352 355
353 356 355
357 351 353
357 353 355
354 351 358
354 358 355
358 351 359
358 360 355
359 351 361
361 351 357
360 361 355
361 357 355
362 363 364
365 363 362
364 363 366
367 363 365
366 363 368
369 363 367
368 363 370
370 363 369
371 372 373
374 371 373
372 375 373
376 374 373
375 377 373
378 376 373
377 379 373
379 378 373
380 381 382
383 380 382
381 384 382
385 383 382
384 386 382
387 385 382
386 388 382
388 387 382
389 390 391
392 389 391
390 393 391
394 392 391
393 395 391
396 394 391
395 397 391
397 396 391
398 399 400
401 398 400
399 402 400
403 401 400
402 404 400
405 403 400
404 406 400
406 405 400
407 408 409
407 409 410
410 411 407
410 409 412
410 412 413
413 411 410
413 412 414
415 408 407
407 411 415
413 414 416
416 411 413
416 414 417
416 417 418
418 411 416
418 417 419
418 419 420
420 411 418
420 419 421
422 411 420
415 411 422
420 421 422
422 423 415
415 423 408
422 421 423
423 424 408
421 425 423
423 425 424
425 426 424
408 424 427
424 426 427
408 427 428
421 429 425
429 426 425
430 429 421
428 427 431
427 426 431
428 431 432
430 433 429
433 426 429
434 433 430
432 431 435
431 426 435
432 435 414
414 436 434
434 436 433
436 426 433
414 435 436
435 426 436
437 438 439
437 439 440
440 441 437
440 439 442
443 438 437
437 441 443
443 444 438
440 442 445
445 441 440
446 444 443
443 441 446
446 447 444
448 447 446
446 441 448
448 449 447
450 449 448
448 441 450
450 451 449
450 441 452
452 441 445
452 451 450
445 453 452
445 442 453
452 453 451
442 454 453
453 455 451
453 454 455
454 456 455
442 457 454
457 456 454
458 457 442
451 455 459
455 456 459
451 459 460
458 461 457
461 456 457
462 461 458
460 459 463
459 456 463
460 463 464
462 465 461
465 456 461
444 465 462
464 463 466
463 456 466
464 466 444
444 466 465
466 456 465
467 468 469
467 469 470
470 471 467
470 469 472
473 468 467
467 471 473
473 474 468
470 472 475
475 471 470
476 474 473
473 471 476
475 472 477
478 471 475
475 477 478
476 471 479
480 471 478
479 471 480
479 481 476
476 481 474
480 482 479
479 482 481
480 483 482
478 483 480
478 477 483
472 484 477
477 485 483
477 484 485
484 486 485
472 487 484
487 486 484
488 487 472
483 485 489
485 486 489
483 489 490
488 491 487
491 486 487
492 491 488
490 489 493
489 486 493
490 493 481
492 494 491
494 486 491
474 494 492
481 493 495
493 486 495
481 495 474
474 495 494
495 486 494
496 497 498
496 498 499
499 500 496
499 498 501
502 497 496
496 500 502
499 501 503
503 500 499
502 504 497
502 500 505
505 504 502
503 501 506
507 500 503
503 506 507
505 500 508
509 500 507
508 500 509
508 510 505
505 510 504
509 511 508
508 511 510
509 512 511
507 512 509
507 506 512
504 513 497
510 514 504
504 514 513
514 515 513
497 513 516
513 515 516
497 516 517
510 518 514
518 515 514
519 518 510
517 516 520
516 515 520
517 520 501
519 521 518
512 521 519
521 515 518
501 520 522
501 522 506
520 515 522
506 523 512
512 523 521
523 515 521
506 522 523
522 515 523
524 525 526
524 526 527
527 528 524
527 526 529
530 525 524
524 528 530
527 529 531
531 528 527
530 532 525
530 528 533
533 532 530
531 529 534
535 528 531
531 534 535
533 528 536
537 528 535
536 528 537
536 538 533
533 538 532
537 539 536
536 539 538
537 540 539
535 540 537
535 534 540
532 541 525
538 542 532
532 542 541
542 543 541
525 541 544
541 543 544
525 544 545
538 546 542
546 543 542
547 546 538
545 544 548
544 543 548
545 548 529
547 549 546
540 549 547
549 543 546
529 548 550
529 550 534
548 543 550
534 551 540
540 551 549
551 543 549
534 550 551
550 543 551
552 553 554
552 554 555
555 556 552
555 554 557
555 557 558
558 556 555
558 557 559
560 553 552
552 556 560
558 559 561
561 556 558
560 562 553
560 556 563
563 562 560
564 556 561
563 556 565
565 556 564
561 566 564
561 559 566
564 567 565
564 566 567
565 567 568
565 568 563
563 568 562
562 569 553
568 570 562
562 570 569
570 571 569
553 569 572
569 571 572
553 572 573
568 574 570
574 571 570
575 574 568
573 572 576
572 571 576
573 576 577
575 578 574
578 571 574
566 578 575
577 576 579
576 571 579
577 579 559
559 580 566
566 580 578
580 571 578
559 579 580
579 571 580
581 582 583
581 583 584
584 585 581
584 583 586
587 582 581
581 585 587
584 586 588
588 585 584
587 589 582
587 585 590
590 589 587
590 591 589
592 591 590
590 585 592
592 593 591
594 593 592
592 585 594
594 595 593
594 585 596
596 595 594
596 585 588
596 597 595
588 597 596
588 586 597
589 598 582
589 599 598
599 600 598
601 599 589
582 598 602
598 600 602
582 602 603
601 604 599
604 600 599
605 604 601
603 602 606
603 606 586
602 600 606
605 607 604
607 600 604
608 607 605
586 606 609
586 609 597
606 600 609
597 610 608
608 610 607
610 600 607
597 609 610
609 600 610
611 612 613
611 613 614
614 615 611
614 613 616
614 616 617
617 615 614
617 616 618
619 612 611
611 615 619
617 618 620
620 615 617
620 618 621
620 621 622
622 615 620
622 621 623
622 623 624
624 615 622
624 623 625
626 615 624
619 615 626
624 625 626
626 627 619
619 627 612
626 625 627
627 628 612
625 629 627
627 629 628
629 630 628
612 628 631
628 630 631
612 631 632
625 633 629
633 630 629
634 633 625
632 631 635
631 630 635
632 635 636
634 637 633
637 630 633
638 637 634
636 635 639
635 630 639
636 639 618
618 640 638
638 640 637
640 630 637
618 639 640
639 630 640
641 642 643
641 643 644
644 645 641
644 643 646
647 642 641
641 645 647
644 646 648
648 645 644
647 649 642
647 645 650
650 649 647
648 646 651
652 645 648
648 651 652
650 645 653
654 645 652
653 645 654
653 655 650
650 655 649
654 656 653
653 656 655
654 657 656
652 657 654
652 651 657
649 658 642
655 659 649
649 659 658
659 660 658
642 658 661
658 660 661
642 661 662
655 663 659
663 660 659
664 663 655
662 661 665
661 660 665
662 665 646
664 666 663
657 666 664
666 660 663
646 665 667
646 667 651
665 660 667
651 668 657
657 668 666
668 660 666
651 667 668
667 660 668
669 670 671
669 671 672
672 673 669
672 671 674
672 674 675
675 673 672
675 674 676
677 670 669
669 673 677
675 676 678
678 673 675
678 676 679
678 679 680
680 673 678
680 679 681
680 681 682
682 673 680
682 681 683
684 673 682
682 683 684
677 673 684
684 683 685
684 685 677
677 685 670
685 686 670
685 687 686
687 688 686
689 687 685
670 686 690
686 688 690
670 690 691
689 692 687
692 688 687
693 692 689
691 690 694
690 688 694
691 694 695
693 696 692
696 688 692
697 696 693
695 694 698
694 688 698
695 698 676
676 699 697
697 699 696
699 688 696
676 698 699
698 688 699
700 701 702
700 702 703
703 704 700
703 702 705
706 701 700
700 704 706
703 705 707
707 704 703
706 708 701
706 704 709
709 708 706
709 710 708
711 710 709
709 704 711
711 712 710
713 712 711
711 704 713
713 714 712
713 704 715
715 704 707
715 714 713
707 716 715
707 705 716
715 716 714
708 717 701
708 718 717
718 719 717
720 718 708
701 717 721
717 719 721
701 721 722
720 723 718
723 719 718
724 723 720
722 721 725
722 725 705
721 719 725
724 726 723
714 726 724
726 719 723
705 725 727
705 727 716
725 719 727
716 728 714
714 728 726
728 719 726
716 727 728
727 719 728
729 730 731
729 731 732
732 733 729
732 731 734
735 730 729
729 733 735
732 734 736
736 733 732
735 737 730
735 733 738
738 737 735
738 739 737
740 739 738
738 733 740
740 741 739
742 741 740
740 733 742
742 743 741
742 733 744
744 733 736
744 743 742
736 745 744
736 734 745
744 745 743
737 746 730
737 747 746
747 748 746
749 747 737
730 746 750
746 748 750
730 750 751
749 752 747
752 748 747
753 752 749
751 750 754
751 754 734
750 748 754
753 755 752
743 755 753
755 748 752
734 754 756
734 756 745
754 748 756
745 757 743
743 757 755
757 748 755
745 756 757
756 748 757
758 759 760
758 760 761
761 762 758
761 760 763
764 759 758
758 762 764
764 765 759
761 763 766
766 762 761
767 765 764
764 762 767
767 768 765
769 768 767
767 762 769
769 770 768
771 770 769
769 762 771
771 772 770
771 762 773
773 772 771
773 762 766
773 774 772
766 774 773
766 763 774
763 775 774
763 776 775
776 777 775
778 776 763
774 775 779
775 777 779
774 779 780
778 781 776
781 777 776
782 781 778
780 779 783
779 777 783
780 783 784
782 785 781
785 777 781
765 785 782
784 783 786
783 777 786
784 786 787
787 788 765
765 788 785
788 777 785
787 786 788
786 777 788
789 790 791
789 791 792
792 793 789
792 791 794
795 790 789
789 793 795
792 794 796
796 793 792
795 797 790
795 793 798
798 797 795
796 794 799
800 793 796
796 799 800
798 793 801
802 793 800
801 793 802
801 803 798
798 803 797
802 804 801
801 804 803
802 805 804
800 805 802
800 799 805
797 806 790
803 807 797
797 807 806
807 808 806
790 806 809
806 808 809
790 809 810
803 811 807
811 808 807
812 811 803
810 809 813
809 808 813
810 813 794
812 814 811
805 814 812
814 808 811
794 813 815
794 815 799
813 808 815
799 816 805
805 816 814
816 808 814
799 815 816
815 808 816
817 818 819
817 819 820
820 821 817
820 819 822
823 818 817
817 821 823
820 822 824
824 821 820
823 825 818
823 821 826
826 825 823
824 822 827
828 821 824
824 827 828
826 821 829
830 821 828
829 821 830
829 831 826
826 831 825
830 832 829
829 832 831
830 833 832
828 833 830
828 827 833
825 834 818
831 835 825
825 835 834
835 836 834
818 834 837
834 836 837
818 837 838
831 839 835
839 836 835
840 839 831
838 837 841
837 836 841
838 841 822
840 842 839
833 842 840
842 836 839
822 841 843
822 843 827
841 836 843
827 844 833
833 844 842
844 836 842
827 843 844
843 836 844
845 846 847
845 847 848
848 849 845
848 847 850
851 846 845
845 849 851
851 852 846
848 850 853
853 849 848
853 850 854
855 852 851
851 849 855
853 854 856
856 849 853
855 857 852
858 857 855
855 849 858
858 859 857
858 849 860
860 859 858
860 849 856
860 861 859
856 861 860
856 854 861
854 862 861
854 863 862
863 864 862
865 863 854
861 862 866
862 864 866
861 866 867
865 868 863
868 864 863
869 868 865
867 866 870
866 864 870
867 870 871
869 872 868
872 864 868
873 872 869
871 870 874
870 864 874
871 874 852
873 875 872
875 864 872
874 864 875
852 874 875
852 875 873
876 877 878
876 878 879
879 880 876
879 878 881
882 877 876
876 880 882
882 883 877
879 881 884
884 880 879
885 883 882
882 880 885
884 881 886
887 880 884
884 886 887
885 880 888
889 880 887
888 880 889
888 890 885
885 890 883
889 891 888
888 891 890
889 892 891
887 892 889
887 886 892
881 893 886
886 894 892
886 893 894
893 895 894
881 896 893
896 895 893
897 896 881
892 894 898
894 895 898
892 898 899
897 900 896
900 895 896
901 900 897
899 898 902
898 895 902
899 902 890
901 903 900
903 895 900
883 903 901
890 902 904
902 895 904
890 904 883
883 904 903
904 895 903
905 906 907
905 907 908
908 909 905
908 907 910
911 906 905
905 909 911
908 910 912
912 909 908
911 913 906
911 909 914
914 913 911
912 910 915
916 909 912
912 915 916
914 909 917
918 909 916
917 909 918
917 919 914
914 919 913
918 920 917
917 920 919
918 921 920
916 921 918
916 915 921
913 922 906
919 923 913
913 923 922
923 924 922
906 922 925
922 924 925
906 925 926
919 927 923
927 924 923
928 927 919
926 925 929
925 924 929
926 929 910
928 930 927
921 930 928
930 924 927
910 929 931
910 931 915
929 924 931
915 932 921
921 932 930
932 924 930
915 931 932
931 924 932
933 934 935
933 935 936
936 937 933
936 935 938
939 934 933
933 937 939
936 938 940
940 937 936
939 941 934
939 937 942
942 941 939
942 943 941
944 943 942
942 937 944
944 945 943
946 945 944
944 937 946
946 947 945
946 937 948
948 947 946
948 937 940
948 949 947
940 949 948
940 938 949
941 950 934
941 951 950
951 952 950
953 951 941
934 950 954
950 952 954
934 954 955
953 956 951
956 952 951
957 956 953
955 954 958
955 958 938
954 952 958
957 959 956
959 952 956
960 959 957
938 958 961
938 961 949
958 952 961
949 962 960
960 962 959
962 952 959
949 961 962
961 952 962
963 964 965
963 965 966
966 967 963
966 965 968
969 964 963
963 967 969
966 968 970
970 967 966
969 971 964
969 967 972
972 971 969
970 968 973
974 967 970
970 973 974
972 967 975
976 967 974
975 967 976
975 977 972
972 977 971
976 978 975
975 978 977
976 979 978
974 979 976
974 973 979
971 980 964
977 981 971
971 981 980
981 982 980
964 980 983
980 982 983
964 983 984
977 985 981
985 982 981
986 985 977
984 983 987
983 982 987
984 987 968
986 988 985
979 988 986
988 982 985
968 987 989
968 989 973
987 982 989
973 990 979
979 990 988
990 982 988
973 989 990
989 982 990
991 992 993
991 993 994
994 995 991
994 993 996
997 992 991
991 995 997
997 998 992
994 996 999
999 995 994
999 996 1000
1001 998 997
997 995 1001
999 1000 1002
1002 995 999
1001 1003 998
1004 1003 1001
1001 995 1004
1004 1005 1003
1004 995 1006
1006 1005 1004
1006 995 1002
1006 1007 1005
1002 1007 1006
1002 1000 1007
1008 1009 998
1008 1010 1009
1010 1011 1009
1012 1010 1008
998 1009 1013
1009 1011 1013
998 1013 1014
1012 1015 1010
1015 1011 1010
1016 1015 1012
1014 1013 1017
1013 1011 1017
1014 1017 1018
1016 1019 1015
1000 1019 1016
1019 1011 1015
1018 1017 1020
1017 1011 1020
1018 1020 1021
1021 1022 1000
1000 1022 1019
1022 1011 1019
1021 1020 1022
1020 1011 1022
1023 1024 1025
1023 1025 1026
1026 1027 1023
1026 1025 1028
1029 1024 1023
1023 1027 1029
1029 1030 1024
1026 1028 1031
1031 1027 1026
1032 1030 1029
1029 1027 1032
1031 1028 1033
1034 1027 1031
1031 1033 1034
1032 1027 1035
1036 1027 1034
1035 1027 1036
1034 1037 1036
1034 1033 1037
1036 1037 1038
1036 1038 1035
1035 1038 1039
1035 1039 1032
1032 1039 1030
1028 1040 1033
1028 1041 1040
1041 1042 1040
1043 1041 1028
1033 1040 1044
1040 1042 1044
1033 1044 1045
1043 1046 1041
1046 1042 1041
1047 1046 1043
1045 1044 1048
1044 1042 1048
1045 1048 1049
1047 1050 1046
1030 1050 1047
1050 1042 1046
1049 1048 1051
1049 1051 1039
1048 1042 1051
1039 1052 1030
1030 1052 1050
1052 1042 1050
1039 1051 1052
1051 1042 1052
1053 1054 1055
1053 1055 1056
1056 1057 1053
1056 1055 1058
1059 1054 1053
1053 1057 1059
1056 1058 1060
1060 1057 1056
1059 1061 1054
1059 1057 1062
1062 1061 1059
1060 1058 1063
1064 1057 1060
1060 1063 1064
1062 1057 1065
1066 1057 1064
1065 1057 1066
1064 1067 1066
1064 1063 1067
1066 1067 1068
1066 1068 1065
1065 1068 1069
1065 1069 1062
1062 1069 1061
1061 1070 1054
1069 1071 1061
1061 1071 1070
1071 1072 1070
1054 1070 1073
1070 1072 1073
1054 1073 1074
1069 1075 1071
1075 1072 1071
1076 1075 1069
1074 1073 1077
1073 1072 1077
1074 1077 1058
1076 1078 1075
1078 1072 1075
1079 1078 1076
1058 1077 1080
1077 1072 1080
1058 1080 1063
1063 1081 1079
1079 1081 1078
1081 1072 1078
1063 1080 1081
1080 1072 1081
1082 1083 1084
1082 1084 1085
1085 1086 1082
1085 1084 1087
1088 1083 1082
1082 1086 1088
1085 1087 1089
1089 1086 1085
1088 1090 1083
1088 1086 1091
1091 1090 1088
1089 1087 1092
1093 1086 1089
1089 1092 1093
1091 1086 1094
1095 1086 1093
1094 1086 1095
1094 1096 1091
1091 1096 1090
1095 1097 1094
1094 1097 1096
1095 1098 1097
1093 1098 1095
1093 1092 1098
1090 1099 1083
1096 1100 1090
1090 1100 1099
1100 1101 1099
1083 1099 1102
1099 1101 1102
1083 1102 1103
1096 1104 1100
1104 1101 1100
1105 1104 1096
1103 1102 1106
1102 1101 1106
1103 1106 1087
1105 1107 1104
1098 1107 1105
1107 1101 1104
1087 1106 1108
1087 1108 1092
1106 1101 1108
1092 1109 1098
1098 1109 1107
1109 1101 1107
1092 1108 1109
1108 1101 1109
1110 1111 1112
1110 1112 1113
1113 1114 1110
1113 1112 1115
1113 1115 1116
1116 1114 1113
1116 1115 1117
1118 1111 1110
1110 1114 1118
1116 1117 1119
1119 1114 1116
1118 1120 1111
1118 1114 1121
1121 1120 1118
1122 1114 1119
1121 1114 1123
1123 1114 1122
1119 1124 1122
1119 1117 1124
1122 1125 1123
1122 1124 1125
1123 1125 1126
1123 1126 1121
1121 1126 1120
1120 1127 1111
1126 1128 1120
1120 1128 1127
1128 1129 1127
1111 1127 1130
1127 1129 1130
1111 1130 1131
1126 1132 1128
1132 1129 1128
1133 1132 1126
1131 1130 1134
1130 1129 1134
1131 1134 1135
1133 1136 1132
1136 1129 1132
1124 1136 1133
1135 1134 1137
1134 1129 1137
1135 1137 1117
1117 1138 1124
1124 1138 1136
1138 1129 1136
1117 1137 1138
1137 1129 1138
1139 1140 1141
1139 1141 1142
1142 1143 1139
1142 1141 1144
1142 1144 1145
1145 1143 1142
1145 1144 1146
1147 1140 1139
1139 1143 1147
1145 1146 1148
1148 1143 1145
1147 1149 1140
1147 1143 1150
1150 1149 1147
1151 1143 1148
1150 1143 1152
1152 1143 1151
1148 1153 1151
1148 1146 1153
1151 1154 1152
1151 1153 1154
1152 1154 1155
1152 1155 1150
1150 1155 1149
1149 1156 1140
1155 1157 1149
1149 1157 1156
1157 1158 1156
1140 1156 1159
1156 1158 1159
1140 1159 1160
1155 1161 1157
1161 1158 1157
1162 1161 1155
1160 1159 1163
1159 1158 1163
1160 1163 1164
1162 1165 1161
1165 1158 1161
1153 1165 1162
1164 1163 1166
1163 1158 1166
1164 1166 1146
1146 1167 1153
1153 1167 1165
1167 1158 1165
1146 1166 1167
1166 1158 1167
1168 1169 1170
1168 1170 1171
1171 1172 1168
1171 1170 1173
1174 1169 1168
1168 1172 1174
1171 1173 1175
1175 1172 1171
1174 1176 1169
1174 1172 1177
1177 1176 1174
1175 1173 1178
1179 1172 1175
1175 1178 1179
1177 1172 1180
1181 1172 1179
1180 1172 1181
1180 1182 1177
1177 1182 1176
1181 1183 1180
1180 1183 1182
1181 1184 1183
1179 1184 1181
1179 1178 1184
1176 1185 1169
1182 1186 1176
1176 1186 1185
1186 1187 1185
1169 1185 1188
1185 1187 1188
1169 1188 1189
1182 1190 1186
1190 1187 1186
1191 1190 1182
1189 1188 1192
1188 1187 1192
1189 1192 1173
1191 1193 1190
1184 1193 1191
1193 1187 1190
1173 1192 1194
1173 1194 1178
1192 1187 1194
1178 1195 1184
1184 1195 1193
1195 1187 1193
1178 1194 1195
1194 1187 1195
