byte offset: 0
first index: 75795
index count: 4770
topology: trianglelist
format: DXGI_FORMAT_R16_UINT

19589 19590 19591
19590 19592 19593
19592 19590 19594
19594 19590 19595
19596 19594 19595
19596 19592 19594
19597 19596 19595
19592 19598 19593
19599 19593 19598
19597 19600 19596
19601 19600 19597
19596 19602 19592
19592 19602 19598
19602 19596 19600
19601 19603 19600
19604 19603 19601
19604 19605 19603
19603 19605 19606
19607 19605 19604
19600 19603 19608
19608 19603 19606
19602 19600 19609
19609 19600 19608
19610 19602 19609
19610 19609 19608
19610 19598 19602
19607 19611 19605
19606 19605 19611
19612 19611 19607
19612 19607 19613
19614 19612 19613
19615 19608 19606
19610 19608 19615
19606 19611 19616
19616 19611 19612
19598 19610 19617
19610 19615 19618
19610 19618 19617
19598 19617 19619
19619 19599 19598
19620 19599 19619
19620 19621 19599
19619 19617 19622
19619 19622 19620
19623 19621 19620
19623 19624 19621
19623 19625 19624
19623 19626 19625
19620 19627 19623
19626 19623 19627
19620 19622 19627
19628 19627 19622
19626 19627 19629
19629 19627 19628
19629 19628 19630
19630 19628 19631
19632 19631 19628
19633 19622 19617
19628 19622 19633
19633 19617 19618
19632 19628 19634
19634 19628 19633
19632 19634 19635
19634 19636 19635
19634 19633 19637
19637 19633 19618
19636 19634 19637
19637 19618 19638
19638 19618 19615
19636 19637 19639
19638 19639 19637
19636 19639 19640
19640 19639 19641
19641 19639 19642
19638 19642 19639
19641 19642 19643
19638 19615 19644
19642 19638 19644
19615 19606 19644
19643 19642 19645
19642 19644 19645
19645 19644 19606
19643 19645 19646
19645 19606 19616
19646 19645 19616
19646 19616 19647
19648 19646 19647
19616 19612 19647
19649 19648 19647
19612 19649 19647
19648 19649 19650
19614 19649 19612
19614 19650 19649
19614 19651 19650
19651 19614 19652
19653 19654 19655
19656 19657 19653
19656 19653 19658
19659 19656 19658
19653 19660 19658
19653 19661 19660
19661 19653 19662
19661 19662 19663
19663 19662 19664
19659 19658 19665
19658 19660 19666
19658 19666 19665
19665 19666 19667
19659 19665 19668
19665 19667 19668
19659 19668 19669
19670 19669 19668
19670 19671 19669
19672 19671 19670
19667 19673 19668
19673 19670 19668
19672 19670 19674
19675 19672 19674
19675 19674 19676
19670 19677 19674
19670 19673 19677
19674 19677 19676
19666 19660 19678
19679 19667 19666
19666 19678 19679
19660 19680 19678
19660 19661 19680
19661 19681 19680
19661 19663 19681
19682 19681 19663
19682 19663 19664
19683 19682 19664
19684 19683 19664
19685 19684 19664
19686 19678 19680
19686 19687 19678
19679 19678 19687
19680 19688 19686
19680 19681 19688
19681 19689 19688
19681 19682 19689
19679 19687 19690
19682 19691 19689
19690 19692 19679
19690 19693 19692
19679 19692 19667
19682 19694 19691
19682 19683 19694
19695 19691 19694
19683 19695 19694
19695 19696 19691
19693 19697 19692
19693 19698 19697
19692 19699 19667
19692 19697 19699
19700 19696 19695
19700 19701 19696
19702 19700 19695
19702 19695 19703
19683 19703 19695
19704 19702 19703
19704 19703 19705
19683 19705 19703
19706 19704 19705
19698 19707 19697
19698 19708 19707
19697 19709 19699
19697 19707 19709
19710 19707 19708
19710 19708 19711
19683 19712 19705
19705 19712 19713
19714 19712 19683
19714 19715 19712
19713 19712 19715
19716 19715 19714
19707 19717 19709
19707 19710 19717
19718 19710 19711
19718 19711 19719
19720 19718 19719
19705 19713 19721
19706 19705 19721
19722 19706 19721
19713 19722 19721
19722 19723 19706
19710 19724 19717
19710 19718 19724
19720 19725 19718
19725 19720 19726
19727 19723 19722
19727 19728 19723
19729 19728 19727
19729 19730 19728
19729 19727 19731
19722 19731 19727
19722 19732 19731
19733 19731 19732
19713 19732 19722
19733 19732 19734
19734 19732 19713
19734 19735 19733
19736 19718 19725
19736 19724 19718
19734 19713 19737
19738 19734 19737
19713 19715 19737
19715 19738 19737
19734 19739 19735
19738 19739 19734
19740 19735 19739
19740 19739 19741
19741 19739 19738
19742 19740 19741
19715 19743 19738
19716 19743 19715
19744 19743 19716
19744 19745 19743
19746 19745 19744
19738 19743 19747
19743 19745 19747
19746 19748 19745
19749 19748 19746
19738 19747 19750
19741 19738 19750
19745 19751 19747
19745 19748 19751
19751 19750 19747
19742 19741 19752
19753 19742 19752
19754 19741 19750
19751 19754 19750
19754 19752 19741
19749 19755 19748
19751 19748 19755
19756 19753 19752
19756 19757 19753
19758 19757 19756
19759 19758 19756
19752 19760 19756
19760 19759 19756
19760 19752 19754
19760 19761 19759
19762 19761 19760
19762 19760 19763
19760 19754 19763
19764 19762 19763
19765 19764 19763
19754 19751 19766
19754 19766 19763
19765 19763 19766
19751 19755 19766
19767 19765 19766
19755 19767 19766
19755 19768 19767
19749 19768 19755
19768 19769 19767
19768 19770 19769
19749 19771 19768
19772 19770 19768
19771 19772 19768
19771 19773 19772
19774 19775 19776
19774 19776 19777
19777 19776 19778
19777 19779 19774
19777 19778 19780
19777 19781 19779
19780 19781 19777
19781 19782 19779
19780 19783 19781
19781 19784 19782
19783 19784 19781
19784 19785 19782
19783 19786 19784
19784 19787 19785
19786 19787 19784
19788 19785 19787
19788 19789 19785
19786 19790 19787
19788 19787 19790
19790 19786 19791
19792 19791 19786
19793 19791 19792
19794 19789 19788
19794 19795 19789
19796 19795 19794
19788 19790 19797
19794 19788 19797
19793 19798 19791
19799 19798 19793
19799 19800 19798
19800 19799 19801
19796 19794 19802
19794 19797 19803
19802 19794 19803
19804 19796 19802
19804 19805 19796
19806 19805 19804
19806 19807 19805
19808 19807 19806
19809 19803 19797
19802 19803 19810
19810 19803 19809
19802 19811 19804
19802 19810 19811
19804 19812 19806
19804 19811 19812
19809 19797 19813
19813 19797 19790
19813 19790 19814
19790 19791 19814
19791 19815 19814
19816 19813 19814
19816 19814 19815
19817 19809 19813
19817 19813 19816
19810 19809 19818
19817 19818 19809
19810 19819 19811
19810 19818 19819
19811 19820 19812
19811 19819 19820
19812 19820 19821
19822 19820 19819
19821 19820 19822
19823 19819 19818
19822 19819 19823
19791 19824 19815
19798 19824 19791
19817 19825 19818
19823 19818 19825
19812 19821 19826
19806 19812 19826
19798 19827 19824
19800 19827 19798
19806 19826 19828
19808 19806 19828
19829 19808 19828
19826 19829 19828
19829 19830 19808
19831 19830 19829
19831 19832 19830
19831 19833 19832
19826 19834 19829
19821 19834 19826
19834 19831 19829
19831 19835 19833
19835 19836 19833
19800 19837 19827
19837 19800 19838
19800 19801 19838
19839 19838 19801
19839 19801 19840
19839 19840 19841
19837 19838 19842
19839 19842 19838
19839 19841 19843
19844 19843 19841
19845 19839 19843
19839 19845 19842
19844 19846 19843
19845 19843 19846
19846 19844 19847
19848 19846 19847
19848 19845 19846
19848 19842 19845
19848 19849 19842
19837 19842 19849
19837 19849 19850
19850 19827 19837
19850 19851 19827
19851 19824 19827
19851 19852 19824
19852 19853 19824
19815 19824 19853
19815 19853 19854
19815 19854 19855
19856 19855 19854
19815 19855 19857
19815 19857 19816
19858 19816 19857
19858 19817 19816
19817 19858 19859
19817 19859 19825
19860 19825 19859
19860 19823 19825
19861 19823 19860
19861 19822 19823
19861 19860 19862
19862 19860 19859
19822 19861 19863
19821 19822 19863
19862 19859 19864
19865 19821 19863
19864 19859 19866
19858 19866 19859
19867 19864 19866
19821 19865 19868
19869 19868 19865
19821 19868 19834
19869 19870 19868
19870 19834 19868
19870 19869 19871
19858 19872 19866
19872 19858 19857
19873 19867 19866
19872 19873 19866
19873 19874 19867
19872 19857 19875
19873 19872 19875
19855 19875 19857
19870 19876 19834
19834 19876 19831
19877 19870 19871
19877 19876 19870
19831 19876 19877
19878 19877 19871
19831 19877 19835
19878 19879 19877
19835 19877 19879
19880 19879 19878
19835 19879 19881
19880 19881 19879
19835 19881 19836
19880 19882 19881
19882 19836 19881
19882 19883 19836
19884 19882 19880
19884 19883 19882
19884 19885 19883
19885 19884 19886
19887 19888 19889
19890 19887 19889
19890 19891 19887
19891 19890 19892
19891 19892 19893
19894 19891 19893
19892 19895 19893
19892 19896 19895
19897 19895 19896
19894 19893 19898
19895 19898 19893
19899 19894 19898
19897 19900 19895
19874 19900 19897
19874 19873 19900
19900 19901 19895
19895 19901 19898
19873 19902 19900
19900 19902 19901
19873 19875 19902
19903 19901 19902
19903 19902 19875
19898 19901 19903
19855 19903 19875
19856 19903 19855
19899 19898 19904
19898 19903 19904
19856 19904 19903
19905 19899 19904
19856 19906 19904
19906 19905 19904
19907 19908 19909
19907 19910 19908
19910 19907 19911
19912 19910 19911
19913 19912 19911
19914 19913 19911
19915 19913 19914
19916 19915 19914
19916 19917 19915
19916 19918 19917
19919 19917 19918
19919 19918 19920
19921 19919 19920
19921 19920 19922
19921 19922 19923
19921 19923 19924
19924 19923 19925
19924 19925 19926
19927 19926 19925
19927 19925 19928
19929 19927 19928
19929 19930 19927
19931 19930 19929
19931 19929 19932
19931 19932 19933
19931 19933 19934
19935 19934 19933
19935 19936 19934
19937 19938 19939
19939 19938 19940
19939 19941 19942
19939 19942 19943
19943 19942 19944
19943 19944 19945
19945 19944 19946
19945 19946 19947
19948 19947 19946
19948 19949 19947
19947 19949 19950
19950 19949 19951
19945 19947 19952
19952 19947 19950
19945 19952 19953
19945 19953 19943
19950 19953 19952
19951 19954 19950
19950 19954 19953
19951 19955 19954
19943 19953 19956
19943 19956 19939
19954 19956 19953
19955 19957 19954
19954 19957 19956
19955 19958 19957
19959 19939 19956
19959 19960 19939
19959 19961 19960
19958 19962 19957
19958 19963 19962
19964 19956 19957
19959 19956 19964
19964 19957 19962
19965 19961 19959
19964 19965 19959
19965 19966 19961
19963 19967 19962
19964 19962 19967
19963 19968 19967
19964 19969 19965
19964 19967 19969
19969 19970 19965
19967 19971 19969
19969 19971 19970
19972 19966 19965
19972 19965 19970
19968 19973 19967
19967 19973 19971
19974 19972 19970
19971 19975 19970
19974 19970 19975
19971 19976 19975
19973 19976 19971
19977 19966 19972
19974 19977 19972
19974 19975 19978
19976 19978 19975
19968 19979 19973
19973 19980 19976
19979 19980 19973
19981 19979 19968
19981 19968 19982
19981 19982 19983
19984 19981 19983
19985 19983 19982
19986 19983 19985
19981 19987 19979
19984 19987 19981
19979 19988 19980
19987 19988 19979
19976 19980 19989
19988 19989 19980
19986 19990 19983
19991 19990 19986
19984 19983 19992
19992 19983 19990
19991 19993 19990
19993 19991 19994
19976 19989 19995
19976 19995 19978
19992 19990 19996
19996 19990 19993
19993 19994 19997
19998 19997 19994
19996 19993 19999
19999 19993 19997
19998 20000 19997
20000 19998 20001
20002 19992 19996
20002 19996 19999
20002 20003 19992
20004 19992 20003
19984 19992 20004
19984 20004 20005
20002 19999 20006
20007 19984 20005
19999 19997 20008
20006 19999 20008
20008 19997 20000
20006 20008 20009
20008 20010 20009
20008 20011 20010
20008 20000 20011
20011 20012 20010
20000 20013 20011
20011 20013 20012
20000 20001 20013
20012 20013 20014
20014 20013 20001
20007 20015 19984
19984 20015 19987
20015 20016 19987
19987 20016 19988
20007 20017 20015
20015 20017 20016
20018 19988 20016
19988 20018 19989
19989 20018 20019
19995 19989 20019
20020 20016 20017
20018 20016 20021
20020 20021 20016
20022 20021 20020
20021 20023 20018
20023 20019 20018
20022 20023 20021
20020 20017 20024
20024 20017 20007
20025 20022 20020
20020 20024 20025
19995 20019 20026
20023 20027 20019
20027 20026 20019
19995 20026 20028
19995 20028 19978
20022 20029 20023
20023 20029 20027
20027 20030 20026
20030 20028 20026
20031 19978 20028
19974 19978 20031
20032 20028 20030
20031 20028 20032
20031 20033 19974
19974 20033 19977
20033 20034 19977
20031 20035 20033
20032 20035 20031
20034 20036 19977
19977 20036 19966
19966 20036 20037
19966 20037 20038
20037 20039 20038
20039 20037 20040
20037 20041 20040
20035 20042 20033
20033 20042 20034
20034 20043 20036
20036 20043 20037
20037 20044 20041
20045 20041 20044
20046 20042 20035
20034 20042 20046
20046 20035 20047
20034 20046 20048
20049 20034 20048
20049 20043 20034
20050 20047 20035
20043 20049 20051
20032 20050 20035
20043 20051 20052
20043 20052 20037
20052 20051 20053
20054 20050 20032
20054 20055 20050
20032 20030 20054
20056 20055 20054
20037 20052 20057
20052 20053 20057
20057 20053 20058
20037 20057 20044
20054 20030 20059
20054 20059 20056
20027 20059 20030
20059 20060 20056
20057 20058 20061
20044 20057 20061
20061 20058 20062
20027 20063 20059
20029 20063 20027
20059 20064 20060
20063 20064 20059
20044 20061 20065
20045 20044 20065
20066 20045 20065
20061 20062 20067
20065 20061 20067
20067 20062 20068
20066 20065 20069
20065 20067 20069
20070 20066 20069
20067 20068 20071
20069 20067 20071
20070 20069 20071
20071 20068 20072
20070 20071 20072
20063 20073 20064
20064 20073 20074
20064 20074 20075
20060 20064 20075
20060 20075 20076
20075 20074 20077
20078 20076 20075
20075 20077 20079
20078 20075 20079
20079 20077 20080
20078 20079 20081
20079 20080 20081
20078 20081 20082
20081 20080 20083
20082 20081 20084
20082 20084 20085
20081 20086 20084
20084 20087 20085
20086 20087 20084
20086 20088 20087
20088 20089 20090
20089 20080 20090
20088 20090 20091
20091 20090 20092
20093 20091 20092
20090 20080 20094
20090 20094 20092
20093 20092 20095
20096 20093 20095
20080 20097 20094
20080 20098 20097
20092 20094 20099
20092 20099 20095
20099 20094 20097
20098 20100 20097
20098 20101 20100
20102 20100 20101
20102 20101 20103
20104 20102 20103
20104 20103 20063
20029 20104 20063
20104 20029 20105
20022 20105 20029
20104 20105 20106
20106 20105 20022
20107 20102 20104
20104 20106 20107
20108 20100 20102
20107 20108 20102
20097 20100 20109
20108 20109 20100
20110 20108 20107
20110 20109 20108
20097 20109 20111
20099 20097 20111
20106 20022 20112
20025 20112 20022
20106 20113 20107
20113 20110 20107
20106 20114 20113
20114 20106 20112
20111 20109 20115
20110 20115 20109
20116 20099 20111
20095 20099 20116
20117 20110 20113
20117 20113 20114
20111 20115 20118
20116 20111 20118
20119 20115 20110
20117 20119 20110
20120 20119 20117
20117 20114 20121
20120 20117 20121
20114 20112 20122
20121 20114 20122
20123 20118 20115
20119 20123 20115
20095 20116 20124
20124 20116 20125
20096 20095 20124
20116 20118 20126
20123 20126 20118
20116 20126 20125
20096 20124 20127
20124 20125 20127
20096 20127 20128
20129 20128 20127
20125 20129 20127
20129 20130 20128
20130 20129 20131
20130 20131 20132
20129 20133 20131
20129 20125 20133
20125 20134 20133
20125 20126 20135
20125 20135 20134
20126 20136 20135
20136 20134 20135
20126 20123 20136
20137 20133 20134
20138 20133 20137
20139 20132 20138
20139 20138 20140
20138 20137 20140
20137 20134 20141
20142 20141 20134
20142 20134 20143
20134 20136 20143
20143 20144 20142
20123 20145 20136
20136 20145 20143
20144 20143 20146
20146 20143 20145
20147 20144 20146
20148 20145 20123
20146 20145 20148
20148 20123 20119
20120 20148 20119
20120 20146 20148
20147 20146 20149
20120 20149 20146
20147 20149 20150
20120 20150 20149
20147 20150 20151
20120 20152 20150
20120 20121 20152
20151 20150 20153
20153 20150 20152
20151 20153 20154
20155 20154 20153
20152 20121 20156
20121 20122 20156
20155 20153 20157
20157 20158 20155
20153 20152 20159
20152 20156 20159
20159 20157 20153
20158 20157 20160
20158 20160 20161
20159 20162 20157
20162 20159 20156
20162 20160 20157
20161 20160 20163
20161 20163 20164
20165 20156 20122
20162 20156 20165
20162 20166 20160
20166 20163 20160
20164 20163 20167
20167 20163 20168
20169 20164 20167
20170 20169 20167
20170 20167 20171
20170 20171 20172
20173 20171 20167
20172 20171 20173
20173 20167 20168
20173 20174 20172
20168 20174 20173
20168 20175 20174
20175 20168 20176
20168 20177 20176
20168 20163 20178
20178 20177 20168
20166 20178 20163
20178 20179 20177
20166 20179 20178
20166 20180 20179
20166 20181 20180
20162 20181 20166
20165 20181 20162
20182 20181 20165
20182 20183 20181
20182 20184 20183
20182 20165 20185
20165 20122 20185
20122 20186 20185
20186 20182 20185
20122 20112 20186
20112 20025 20186
20025 20187 20186
20186 20187 20182
20025 20024 20187
20182 20188 20184
20187 20188 20182
20189 20184 20188
20024 20190 20187
20187 20190 20188
20024 20007 20190
20191 20190 20007
20191 20007 20192
20191 20192 20193
20191 20193 20194
20191 20194 20195
20196 20191 20195
20194 20197 20195
20195 20197 20198
20195 20198 20199
20189 20188 20200
20190 20200 20188
20190 20191 20200
20196 20200 20191
20189 20200 20201
20202 20201 20200
20202 20200 20196
20203 20202 20196
20204 20203 20196
20205 20204 20196
20205 20196 20206
20195 20206 20196
20207 20205 20206
20195 20199 20208
20195 20208 20206
20208 20199 20209
20207 20206 20210
20208 20210 20206
20208 20209 20211
20208 20211 20210
20212 20211 20209
20213 20207 20210
20210 20211 20213
20212 20213 20211
20213 20214 20207
20213 20212 20215
20213 20215 20214
20216 20217 20218
20216 20219 20217
20216 20220 20219
20219 20221 20217
20219 20220 20222
20222 20220 20223
20219 20224 20221
20225 20219 20222
20225 20224 20219
20226 20225 20222
20222 20223 20227
20226 20222 20227
20223 20228 20227
20228 20226 20227
20223 20229 20228
20228 20229 20230
20231 20224 20225
20226 20231 20225
20221 20224 20232
20231 20232 20224
20228 20230 20233
20234 20233 20230
20234 20235 20233
20235 20234 20236
20237 20228 20233
20235 20237 20233
20228 20238 20226
20237 20238 20228
20226 20238 20239
20239 20238 20237
20226 20240 20231
20226 20239 20240
20235 20241 20237
20241 20239 20237
20235 20236 20242
20241 20235 20242
20240 20243 20231
20232 20231 20243
20242 20236 20244
20245 20244 20236
20245 20246 20244
20247 20242 20244
20241 20242 20247
20246 20248 20244
20247 20244 20248
20246 20249 20248
20241 20247 20250
20250 20247 20248
20249 20251 20248
20250 20248 20251
20241 20250 20252
20241 20252 20239
20249 20253 20251
20254 20251 20253
20249 20255 20253
20255 20254 20253
20256 20250 20251
20252 20250 20256
20256 20251 20254
20255 20257 20254
20257 20255 20258
20259 20257 20258
20260 20259 20258
20257 20261 20254
20257 20259 20261
20259 20260 20262
20260 20263 20262
20264 20262 20263
20265 20262 20264
20264 20263 20266
20267 20264 20266
20267 20268 20264
20265 20264 20268
20268 20267 20269
20268 20269 20270
20271 20268 20270
20271 20272 20268
20272 20265 20268
20273 20272 20271
20274 20259 20262
20265 20274 20262
20259 20274 20275
20274 20265 20275
20259 20275 20261
20273 20276 20272
20265 20272 20276
20265 20277 20275
20265 20276 20277
20278 20261 20275
20254 20261 20278
20279 20276 20273
20279 20273 20280
20281 20279 20280
20282 20277 20276
20282 20276 20279
20283 20275 20277
20278 20275 20283
20283 20277 20282
20284 20254 20278
20284 20256 20254
20281 20285 20279
20285 20282 20279
20286 20283 20282
20285 20286 20282
20287 20278 20283
20287 20284 20278
20286 20287 20283
20288 20285 20281
20288 20286 20285
20288 20281 20289
20290 20288 20289
20290 20289 20291
20290 20291 20292
20288 20293 20286
20287 20286 20293
20293 20288 20290
20284 20287 20294
20287 20293 20294
20290 20292 20295
20295 20292 20296
20284 20294 20297
20298 20297 20294
20256 20284 20297
20256 20297 20299
20298 20299 20297
20252 20256 20299
20300 20252 20299
20298 20300 20299
20300 20239 20252
20301 20239 20300
20298 20301 20300
20301 20240 20239
20240 20301 20243
20298 20294 20302
20302 20294 20293
20302 20293 20303
20293 20290 20303
20304 20303 20290
20302 20303 20304
20304 20290 20295
20298 20302 20305
20302 20304 20305
20298 20306 20301
20298 20305 20306
20301 20306 20307
20301 20307 20243
20307 20306 20305
20308 20305 20304
20307 20305 20308
20295 20309 20304
20308 20304 20309
20310 20243 20307
20310 20232 20243
20308 20311 20307
20310 20307 20311
20295 20312 20309
20295 20296 20312
20309 20313 20308
20308 20313 20311
20296 20314 20312
20296 20315 20314
20312 20316 20309
20309 20316 20313
20312 20314 20316
20315 20317 20314
20315 20318 20317
20314 20319 20316
20314 20317 20319
20320 20319 20317
20321 20317 20318
20320 20317 20321
20321 20322 20320
20323 20321 20318
20322 20321 20323
20324 20322 20323
20322 20324 20325
20322 20325 20326
20326 20327 20322
20316 20319 20328
20328 20319 20320
20316 20328 20313
20327 20329 20322
20322 20329 20320
20320 20329 20330
20327 20331 20329
20329 20331 20332
20332 20330 20329
20332 20333 20330
20330 20333 20334
20335 20330 20334
20320 20330 20336
20336 20328 20320
20336 20330 20337
20330 20335 20337
20337 20328 20336
20313 20328 20338
20337 20338 20328
20313 20338 20311
20335 20339 20337
20338 20337 20339
20311 20338 20339
20335 20340 20339
20311 20339 20310
20340 20341 20339
20341 20310 20339
20341 20342 20310
20221 20342 20341
20342 20232 20310
20221 20232 20342
20343 20344 20345
20343 20346 20344
20347 20346 20343
20346 20348 20344
20347 20349 20346
20349 20347 20350
20346 20351 20348
20349 20351 20346
20348 20351 20352
20348 20352 20353
20352 20354 20353
20349 20350 20355
20350 20356 20355
20349 20357 20351
20357 20349 20355
20357 20352 20351
20356 20358 20355
20357 20355 20358
20352 20359 20354
20354 20359 20360
20361 20359 20352
20360 20359 20361
20357 20362 20352
20361 20352 20362
20357 20363 20362
20357 20358 20363
20364 20361 20362
20360 20361 20364
20364 20362 20363
20356 20365 20358
20356 20366 20365
20366 20367 20365
20358 20368 20363
20358 20365 20368
20369 20364 20363
20369 20363 20368
20370 20360 20364
20370 20364 20369
20367 20371 20365
20367 20372 20371
20371 20372 20373
20371 20373 20374
20371 20374 20375
20365 20371 20376
20365 20376 20368
20371 20375 20376
20377 20369 20368
20377 20368 20376
20375 20377 20376
20370 20369 20377
20375 20378 20377
20378 20379 20377
20379 20370 20377
20380 20360 20370
20379 20380 20370
20380 20381 20360
20379 20382 20380
20381 20380 20383
20380 20382 20384
20380 20384 20383
20383 20384 20385
20386 20387 20388
20389 20388 20387
20389 20390 20388
20390 20389 20391
20392 20390 20391
20393 20392 20391
20389 20394 20391
20389 20395 20394
20396 20394 20395
20396 20397 20394
20397 20391 20394
20397 20396 20398
20393 20391 20399
20397 20399 20391
20397 20398 20400
20399 20397 20400
20393 20399 20401
20399 20400 20401
20393 20401 20402
20403 20402 20401
20403 20404 20402
20403 20405 20404
20403 20406 20405
20407 20406 20403
20408 20407 20403
20398 20409 20400
20409 20401 20400
20409 20403 20401
20408 20403 20409
20398 20410 20409
20411 20408 20409
20411 20409 20410
20412 20408 20411
20411 20410 20413
20414 20412 20411
20414 20411 20413
20415 20416 20417
20416 20418 20417
20416 20419 20418
20416 20420 20419
20421 20418 20419
20420 20422 20419
20420 20423 20422
20421 20419 20424
20424 20419 20422
20424 20425 20421
20423 20426 20422
20423 20427 20426
20428 20426 20427
20422 20426 20429
20424 20422 20429
20426 20428 20429
20424 20430 20425
20429 20430 20424
20430 20431 20425
20430 20432 20431
20432 20433 20431
20429 20434 20430
20432 20430 20434
20429 20428 20435
20434 20429 20435
20432 20436 20433
20436 20437 20433
20432 20434 20438
20438 20436 20432
20428 20439 20435
20439 20428 20440
20441 20439 20440
20441 20442 20439
20442 20443 20439
20435 20439 20443
20442 20444 20443
20434 20435 20445
20435 20443 20445
20438 20434 20445
20446 20443 20444
20445 20443 20446
20438 20445 20446
20446 20444 20447
20446 20448 20438
20438 20448 20436
20447 20449 20446
20446 20449 20448
20447 20450 20449
20450 20451 20449
20451 20448 20449
20450 20452 20451
20453 20436 20448
20451 20453 20448
20452 20454 20451
20451 20454 20453
20452 20455 20454
20454 20455 20456
20453 20457 20436
20436 20457 20437
20457 20458 20437
20453 20459 20457
20453 20454 20459
20457 20459 20458
20454 20456 20460
20454 20460 20459
20458 20459 20460
20461 20460 20456
20458 20460 20462
20463 20460 20461
20462 20460 20463
20464 20463 20461
20462 20463 20465
20463 20464 20465
20466 20467 20468
20469 20466 20468
20469 20468 20470
20470 20471 20469
20470 20472 20471
20471 20472 20473
20471 20473 20474
20474 20473 20475
20474 20475 20476
20474 20476 20477
20476 20475 20478
20477 20476 20479
20476 20478 20479
20477 20479 20480
20479 20478 20481
20480 20479 20482
20479 20481 20482
20480 20482 20483
20481 20484 20482
20484 20483 20482
20484 20485 20483
20481 20486 20484
20486 20487 20484
20487 20486 20488
20488 20486 20489
20488 20489 20490
20491 20492 20493
20494 20492 20491
20494 20491 20495
20496 20494 20495
20496 20497 20494
20498 20497 20496
20499 20497 20498
20497 20500 20494
20499 20500 20497
20500 20492 20494
20499 20501 20500
20501 20502 20500
20502 20503 20500
20500 20503 20492
20502 20504 20503
20504 20505 20503
20504 20506 20505
20506 20507 20505
20507 20508 20505
20507 20509 20508
20509 20510 20508
20509 20511 20510
20511 20512 20510
20513 20510 20512
20513 20514 20510
20515 20514 20513
20514 20515 20516
20514 20516 20517
20505 20508 20518
20508 20510 20519
20508 20519 20518
20510 20514 20520
20510 20520 20519
20514 20517 20521
20514 20521 20520
20517 20522 20521
20505 20518 20523
20524 20505 20523
20524 20523 20492
20525 20492 20523
20525 20523 20526
20526 20523 20527
20527 20523 20518
20527 20518 20528
20518 20529 20528
20518 20519 20529
20529 20519 20530
20530 20519 20520
20530 20520 20531
20532 20531 20520
20532 20520 20533
20534 20532 20533
20534 20533 20522
20535 20534 20522
20535 20536 20534
20537 20535 20522
20517 20537 20522
20538 20537 20517
20538 20539 20537
20540 20537 20539
20540 19676 20537
20537 19676 20535
19677 20535 19676
19677 20536 20535
19677 20541 20536
19673 20541 19677
19673 20542 20541
19667 20542 19673
19699 20542 19667
20541 20542 19699
20541 19699 19709
20543 20541 19709
20543 19709 19717
20544 20543 19717
20544 19717 19724
20545 20544 19724
20545 19724 19736
20545 19736 20546
19736 20547 20546
19736 20548 20547
19725 20548 19736
20548 20549 20547
19725 20550 20548
19725 19726 20550
20550 19726 20551
20548 20552 20549
20550 20552 20548
20552 20553 20549
20550 20551 20554
20550 20554 20552
20554 20551 20555
20554 20555 20556
20553 20552 20557
20553 20557 20558
20557 20559 20558
20552 20554 20560
20554 20556 20560
20552 20560 20557
20557 20561 20559
20560 20561 20557
20561 20562 20559
20556 20563 20560
20560 20563 20561
20556 20564 20563
20563 20564 20565
20561 20566 20562
20561 20563 20566
20563 20565 20566
20566 20567 20562
20565 20568 20566
20566 20568 20567
20565 20569 20568
20567 20568 20570
20568 20569 20570
20571 20572 20573
20571 20573 20574
20571 20574 20575
20573 20576 20574
20573 20577 20576
20578 20576 20577
20574 20579 20575
20574 20576 20579
20578 20580 20576
20579 20576 20580
20580 20578 20581
20580 20581 20582
20582 20581 20583
20575 20579 20584
20585 20575 20584
20584 20586 20585
20579 20580 20587
20587 20580 20582
20582 20583 20588
20588 20583 20589
20584 20590 20586
20591 20586 20590
20579 20592 20584
20579 20587 20592
20592 20590 20584
20587 20582 20593
20593 20582 20588
20587 20593 20592
20588 20589 20594
20594 20589 20595
20591 20590 20596
20597 20591 20596
20593 20588 20598
20598 20588 20594
20593 20599 20592
20598 20599 20593
20592 20600 20590
20600 20596 20590
20600 20592 20599
20594 20595 20601
20601 20595 20602
20597 20596 20603
20603 20604 20597
20596 20605 20603
20600 20605 20596
20605 20606 20603
20605 20607 20606
20600 20599 20608
20608 20605 20600
20605 20609 20607
20608 20609 20605
20608 20599 20610
20598 20610 20599
20607 20609 20611
20607 20611 20612
20611 20613 20612
20609 20608 20614
20609 20614 20611
20608 20610 20614
20611 20615 20613
20614 20615 20611
20616 20613 20615
20610 20598 20617
20598 20594 20617
20617 20594 20601
20614 20610 20618
20610 20617 20618
20616 20615 20619
20619 20620 20616
20614 20621 20615
20614 20618 20621
20619 20615 20621
20617 20601 20622
20618 20617 20622
20619 20623 20620
20624 20620 20623
20624 20623 20625
20619 20621 20626
20623 20619 20626
20621 20618 20627
20618 20622 20627
20621 20627 20626
20625 20623 20628
20623 20626 20628
20625 20628 20629
20628 20630 20629
20626 20631 20628
20628 20631 20630
20626 20627 20631
20632 20630 20631
20633 20631 20627
20632 20631 20633
20633 20627 20622
20633 20634 20632
20622 20635 20633
20633 20635 20634
20622 20601 20635
20635 20636 20634
20601 20602 20635
20635 20637 20636
20635 20602 20637
20638 20639 20640
20639 20641 20640
20639 20642 20641
20643 20641 20642
20643 20644 20641
20643 20645 20644
20646 20645 20643
20645 20647 20644
20646 20648 20645
20645 20649 20647
20648 20649 20645
20650 20647 20649
20650 20651 20647
20648 20652 20649
20652 20648 20653
20652 20653 20654
20655 20649 20652
20655 20652 20654
20655 20650 20649
20655 20654 20656
20655 20656 20657
20658 20655 20657
20650 20655 20658
20659 20658 20657
20660 20658 20659
20651 20650 20661
20650 20658 20661
20651 20661 20662
20660 20663 20658
20661 20658 20663
20664 20663 20660
20662 20661 20665
20661 20663 20665
20662 20665 20666
20665 20667 20666
20664 20668 20663
20665 20663 20668
20669 20668 20664
20665 20670 20667
20665 20668 20670
20669 20671 20668
20668 20671 20670
20667 20670 20671
20669 20672 20671
20667 20671 20673
20671 20672 20673
