byte offset: 0
first index: 0
index count: 9375
topology: trianglelist
format: DXGI_FORMAT_R16_UINT

0 1 2
3 4 5
6 7 8
6 9 10
10 9 11
12 10 11
13 12 11
12 14 10
14 12 15
13 15 12
13 16 15
16 17 15
16 18 17
17 18 19
20 19 18
21 19 20
21 20 22
22 20 18
21 22 23
18 16 24
22 18 24
13 25 16
25 24 16
26 22 24
22 26 27
22 27 23
26 24 28
25 28 24
27 29 23
27 30 29
29 31 23
29 32 31
30 33 29
33 34 29
33 35 34
34 36 29
37 34 35
34 38 36
34 37 39
38 34 40
34 39 40
38 40 41
42 40 39
42 41 40
43 44 45
46 47 43
43 48 46
43 49 48
43 50 51
43 51 52
52 53 43
53 54 43
52 55 56
57 52 56
58 49 59
58 60 49
58 61 60
62 60 61
63 62 61
64 60 62
64 9 60
65 9 49
64 11 9
64 62 66
62 67 66
68 11 64
68 64 66
67 69 66
67 70 69
68 71 69
68 13 11
68 69 72
13 68 72
72 69 73
13 72 74
74 72 75
13 74 25
72 73 76
72 76 75
25 74 77
74 75 77
28 25 77
78 75 76
78 76 79
28 77 80
81 28 80
82 81 80
82 80 83
80 77 83
84 82 83
85 84 83
85 86 84
77 87 83
77 75 87
85 83 87
88 86 85
88 89 86
75 90 87
85 87 91
87 90 91
90 92 91
93 91 92
93 85 91
85 93 94
85 94 88
94 95 88
88 95 96
88 96 97
97 96 98
75 99 90
78 99 75
90 99 100
100 99 78
90 100 101
101 100 102
103 102 100
104 103 100
104 105 103
100 78 106
107 105 104
106 104 108
97 98 109
109 98 110
111 109 110
112 109 111
112 97 109
112 113 97
112 114 113
107 104 115
116 107 115
116 115 117
118 116 117
117 115 119
120 118 117
121 118 120
117 119 122
122 123 117
122 119 124
119 125 124
126 122 124
122 126 127
128 122 127
121 128 129
129 128 127
119 130 131
119 132 130
133 132 119
133 104 132
106 132 104
130 132 106
130 106 134
135 106 78
135 78 136
130 135 137
136 137 135
130 137 138
138 139 130
138 140 139
140 141 139
141 140 142
143 142 140
143 140 144
144 145 143
136 146 137
79 146 136
79 147 146
148 147 79
148 149 147
136 150 73
151 152 153
154 155 151
154 156 155
157 156 154
158 155 156
159 156 157
158 156 159
159 157 160
161 158 159
160 162 159
161 159 162
163 161 162
160 164 162
163 162 165
164 165 162
166 163 165
164 167 165
164 168 167
167 168 169
166 165 170
170 165 167
171 166 170
167 169 172
170 167 172
172 169 173
171 170 174
174 170 172
175 171 174
172 173 176
174 172 176
176 173 177
175 174 178
178 174 176
176 177 179
178 176 179
180 179 177
180 181 179
181 178 179
182 181 180
175 178 183
181 183 178
175 183 184
185 184 183
185 183 186
186 187 185
186 188 187
189 186 183
189 183 181
189 188 186
182 190 181
190 189 181
190 182 191
189 190 191
182 192 191
191 192 193
189 194 188
189 191 194
195 188 194
191 193 196
194 191 196
196 193 197
194 196 198
195 194 198
199 195 198
196 197 200
198 196 200
200 197 201
200 201 202
198 200 203
203 200 202
199 198 203
203 202 204
199 203 204
199 204 205
206 199 205
206 207 199
208 199 207
208 195 199
208 209 195
208 210 209
67 211 212
213 214 215
216 214 213
216 217 214
217 216 218
217 218 219
219 218 220
219 220 221
221 220 222
221 222 223
223 222 224
223 224 225
225 224 226
225 226 227
228 227 226
228 226 229
230 228 229
230 231 228
230 232 231
230 233 232
234 233 230
234 230 235
234 235 236
237 236 235
237 238 236
239 238 237
239 240 238
240 239 241
240 241 242
242 241 243
242 243 244
245 244 243
245 246 244
247 246 245
247 248 246
248 247 249
248 249 250
250 249 251
252 253 254
253 252 255
253 255 256
255 257 256
255 258 257
257 258 259
257 259 260
261 260 259
261 262 260
263 262 261
263 264 262
264 263 265
264 265 266
267 266 265
267 268 266
269 268 267
269 270 268
270 269 271
270 271 234
234 271 272
234 272 233
273 272 271
273 271 274
275 273 274
275 276 273
277 276 275
277 275 278
277 278 279
277 279 280
281 280 279
281 282 280
283 282 281
283 284 282
285 284 283
285 283 286
287 285 286
287 286 288
289 287 288
289 288 290
291 289 290
291 292 289
293 292 291
293 294 292
294 293 295
296 297 298
299 297 296
299 300 297
301 300 299
301 302 300
302 301 303
302 303 304
304 303 305
303 306 305
306 307 305
306 308 307
231 307 308
231 309 307
231 310 309
231 232 310
310 232 311
310 311 312
313 312 311
314 311 232
314 232 233
272 314 233
313 311 315
315 311 314
316 313 315
272 317 314
318 317 272
318 272 273
319 317 318
320 314 317
319 320 317
315 314 320
321 320 319
321 322 320
322 315 320
322 321 323
322 324 315
316 315 324
325 324 322
316 324 325
316 325 326
327 328 329
330 328 327
330 327 331
332 330 331
332 331 333
333 334 332
333 335 334
336 334 335
336 335 337
337 338 336
337 339 338
340 338 339
340 339 341
342 340 341
342 341 343
342 343 344
342 344 345
345 344 346
347 340 342
347 342 345
347 348 340
348 338 340
348 349 338
336 338 349
336 349 350
350 334 336
350 351 334
334 351 332
347 345 352
332 351 353
352 345 354
345 346 354
352 354 355
346 356 354
355 354 356
346 357 356
355 356 358
359 356 357
358 356 359
359 357 360
358 359 361
362 359 360
363 361 359
362 363 359
363 364 361
365 363 362
366 364 363
365 366 363
366 367 364
368 366 365
366 369 367
368 370 366
366 370 369
371 370 368
370 372 369
371 373 370
370 373 372
374 373 371
373 375 372
374 376 373
373 376 375
376 374 377
375 376 377
378 379 380
378 381 379
382 381 378
383 382 378
382 383 384
385 382 384
385 328 382
382 386 381
386 387 381
328 388 382
330 388 328
386 389 387
389 390 387
389 391 390
392 386 382
388 392 382
393 391 389
393 394 391
386 395 389
386 392 395
395 393 389
394 393 396
394 396 397
393 395 398
393 398 396
398 395 399
399 395 392
399 392 400
400 392 388
396 398 401
397 396 402
396 401 402
397 402 403
402 401 404
403 402 405
402 404 405
403 405 406
405 404 407
406 405 408
405 407 408
406 408 409
410 408 407
409 408 410
410 407 411
409 410 412
413 410 411
412 410 413
413 411 414
412 413 415
414 416 413
416 415 413
414 417 416
417 418 416
416 419 415
418 419 416
417 420 418
418 421 419
422 418 420
418 423 421
422 424 418
418 424 423
425 424 422
424 426 423
425 427 424
424 427 426
428 427 425
427 429 426
428 430 427
427 430 429
430 428 431
429 430 431
432 433 434
433 435 434
435 436 434
435 437 436
436 437 438
439 436 438
439 438 440
439 440 441
442 441 440
443 442 440
444 433 445
444 446 447
446 448 447
449 447 448
450 449 448
451 450 448
451 452 450
453 452 451
453 454 452
455 454 453
455 456 454
457 456 455
457 458 456
458 457 459
458 459 460
459 461 460
462 463 461
464 463 462
464 465 463
466 465 464
466 467 465
466 468 467
469 468 466
470 468 469
470 471 468
472 471 470
472 470 473
474 472 473
474 475 472
476 475 474
476 474 477
477 478 476
477 479 478
480 478 479
480 481 478
482 481 480
482 483 481
482 484 483
482 442 484
485 486 487
485 488 486
488 489 486
490 489 488
490 491 489
491 490 492
493 492 490
493 490 494
495 490 488
496 495 488
495 497 490
490 497 498
498 494 490
498 499 494
499 500 494
499 501 500
500 502 494
500 503 502
504 500 501
500 505 503
504 506 500
500 506 505
504 507 506
507 505 506
508 496 509
508 510 496
511 512 510
513 512 511
513 511 514
515 513 514
515 514 516
517 515 516
514 518 516
514 519 518
520 519 514
520 521 519
516 518 522
516 522 523
517 516 523
523 522 524
517 523 525
523 524 525
517 525 526
525 524 527
526 525 527
521 485 528
529 530 531
529 531 532
533 529 532
533 534 529
533 535 534
533 536 535
536 537 535
536 538 537
538 539 537
538 540 539
540 538 541
541 542 540
541 543 542
543 544 542
543 545 544
545 546 544
546 547 544
546 548 547
549 550 551
549 552 550
553 552 549
553 554 552
555 554 553
555 556 554
557 556 555
557 558 556
558 557 559
559 560 558
561 560 559
561 562 560
563 562 561
563 564 562
565 564 563
565 563 566
567 565 566
567 566 568
569 570 571
569 571 572
569 572 573
569 573 574
572 575 573
571 576 572
571 577 576
572 578 575
578 572 576
578 579 575
578 580 579
580 578 576
580 581 579
582 576 577
580 576 582
582 577 583
580 584 581
584 585 581
583 586 582
583 587 586
588 586 587
582 589 580
589 584 580
582 586 589
588 590 586
590 588 591
586 592 589
592 584 589
586 590 592
584 593 585
592 593 584
594 585 593
594 595 585
596 593 592
596 594 593
590 597 592
597 596 592
590 591 598
597 590 598
597 599 596
594 596 599
595 594 600
595 600 601
602 601 600
591 603 598
591 604 603
605 597 598
597 605 599
605 598 603
594 606 600
594 599 606
607 606 599
602 600 608
606 608 600
609 602 608
599 605 610
603 610 605
599 610 607
604 611 603
603 611 610
604 612 611
611 612 613
611 614 610
610 615 607
614 611 616
611 613 616
614 616 617
616 618 617
613 619 616
616 619 618
613 620 619
619 621 618
620 621 619
622 607 615
623 622 615
624 622 623
624 625 622
625 624 626
607 622 627
625 627 622
625 626 628
626 629 628
626 630 629
630 631 629
630 632 631
632 633 631
634 625 628
635 628 629
635 634 628
634 635 636
637 635 629
631 637 629
631 638 637
639 638 631
633 639 631
633 640 639
639 641 638
640 641 639
633 642 640
640 643 641
640 642 644
640 645 643
640 644 646
640 646 645
644 647 646
646 647 645
648 636 635
648 635 649
650 648 649
650 649 651
636 648 652
652 648 650
653 650 651
653 651 654
655 653 654
652 650 656
656 650 653
655 657 653
657 655 658
656 653 659
653 657 659
659 657 660
661 657 658
657 661 660
662 661 658
663 661 662
660 661 663
664 663 662
665 663 664
665 664 666
667 665 666
668 652 656
659 669 656
656 669 668
668 670 652
670 636 652
670 668 671
671 668 669
672 636 670
672 670 671
673 672 671
673 671 674
671 669 675
673 674 676
669 677 675
673 676 678
659 679 669
669 679 677
680 679 659
677 679 680
677 680 681
680 682 681
680 659 660
680 683 682
683 680 660
683 684 682
683 685 684
683 686 685
686 683 660
687 685 686
686 660 688
660 663 688
687 686 689
689 686 688
688 663 690
689 688 690
663 665 690
687 689 691
687 691 692
689 690 693
665 693 690
689 693 691
692 691 694
692 694 695
694 696 695
697 693 665
667 697 665
691 693 698
697 698 693
691 698 694
667 699 697
699 698 697
667 700 699
699 700 701
694 702 696
703 696 702
704 694 698
699 704 698
704 702 694
699 701 705
704 699 705
706 705 701
702 704 707
707 703 702
704 705 707
706 708 705
708 707 705
708 706 709
710 703 707
708 710 707
710 711 703
708 709 712
710 708 712
712 711 710
712 709 713
712 714 711
712 713 714
715 716 717
715 717 718
719 715 718
719 718 720
721 719 720
721 720 722
723 721 722
723 722 724
725 723 724
725 724 726
727 725 726
727 726 728
729 727 728
729 728 730
731 729 730
731 730 732
733 734 735
733 736 734
737 736 733
737 738 736
739 738 737
739 740 738
741 740 739
741 742 740
743 742 741
743 744 742
745 744 743
745 746 744
747 746 745
747 748 746
749 748 747
749 750 748
751 752 753
751 754 752
755 754 751
756 752 754
755 757 754
756 754 758
758 754 757
759 756 758
758 757 760
759 758 761
760 761 758
762 759 761
760 763 761
762 761 764
764 761 763
764 763 765
766 767 768
769 767 766
769 770 767
771 770 769
771 772 770
773 769 766
771 769 773
774 772 771
774 775 772
771 773 776
774 771 776
777 775 774
777 778 775
774 776 779
779 777 774
780 778 777
780 781 778
782 781 780
782 783 781
777 784 780
782 780 784
779 785 777
777 785 784
779 776 786
785 779 786
787 783 782
787 788 783
789 788 787
782 784 790
787 782 790
791 789 787
787 790 791
791 792 789
791 793 792
791 794 793
795 794 791
791 790 795
795 796 794
790 784 797
790 797 795
797 796 795
785 797 784
797 798 796
785 799 797
799 798 797
799 800 798
799 785 786
801 800 799
801 799 786
801 786 802
803 801 802
776 802 786
804 803 802
802 776 773
805 804 802
805 802 773
804 805 806
805 773 807
773 766 807
805 808 806
805 807 808
808 809 806
810 809 808
810 811 809
810 812 811
813 812 810
814 813 810
766 815 807
807 815 808
815 810 808
766 816 815
817 815 816
810 815 817
817 816 818
814 810 819
810 817 819
820 814 819
821 817 818
819 817 821
821 818 822
821 822 823
820 819 824
819 821 824
821 823 825
824 821 825
826 825 823
820 824 827
824 825 827
820 827 828
826 829 825
829 827 825
830 828 827
829 830 827
830 831 828
832 831 830
832 830 833
829 833 830
834 832 833
826 835 829
829 835 833
835 834 833
826 836 835
836 834 835
837 838 839
837 839 840
840 839 841
840 841 842
840 842 843
843 842 844
840 845 837
840 843 845
845 846 837
845 847 846
848 843 844
848 844 849
848 850 843
851 843 850
845 843 852
851 852 843
845 852 847
853 852 851
853 847 852
853 854 847
854 853 855
856 857 858
857 856 859
857 859 860
861 860 859
861 859 862
863 861 862
863 862 864
863 864 865
863 865 866
866 865 867
868 869 870
871 869 868
871 872 869
872 871 873
872 874 869
872 873 875
875 873 876
872 877 874
877 872 875
878 874 877
875 876 879
879 876 880
877 875 881
881 875 879
878 877 882
882 877 881
882 881 883
878 882 884
884 882 883
885 878 884
885 884 886
883 886 884
887 885 886
879 880 888
888 880 889
888 889 890
891 888 890
881 879 892
892 879 888
883 881 892
887 886 893
893 894 887
891 895 888
892 888 895
893 886 896
883 896 886
893 897 894
896 897 893
883 892 898
898 892 895
899 896 883
899 883 898
896 899 897
891 900 895
901 900 891
898 895 902
902 899 898
902 895 900
903 900 901
902 900 903
902 904 899
904 897 899
902 903 904
903 905 904
903 901 906
903 906 905
906 901 907
906 907 908
908 907 909
906 908 910
905 906 910
911 905 910
905 911 912
904 913 897
905 913 904
905 912 914
905 914 913
915 914 912
916 914 915
897 913 917
914 917 913
897 917 894
918 894 917
916 919 914
914 919 917
916 920 919
916 921 920
920 921 922
920 922 923
924 920 923
925 920 924
918 926 925
918 917 926
919 926 917
920 925 926
919 920 926
927 928 929
927 929 930
930 929 931
930 931 932
932 931 933
932 933 934
934 933 935
934 935 936
936 935 937
936 937 938
938 937 939
938 939 940
940 939 941
940 941 942
942 941 943
942 943 944
944 945 946
944 946 947
947 946 948
947 948 949
949 948 950
949 950 951
951 952 953
951 953 954
954 953 955
954 955 956
956 955 957
956 957 958
958 957 959
958 959 960
960 959 961
960 961 962
963 964 965
966 964 963
966 967 964
968 967 966
968 969 967
970 969 968
970 971 969
972 971 970
972 973 971
974 973 972
974 975 973
976 975 974
976 977 975
978 979 976
978 980 979
981 982 983
983 984 981
984 985 981
984 986 985
986 987 985
986 988 987
989 985 987
990 989 987
990 991 989
988 992 987
992 990 987
988 993 992
993 994 992
990 992 994
993 995 994
990 996 991
997 991 996
997 996 998
998 996 999
1000 996 990
996 1000 999
995 1001 994
995 1002 1001
990 994 1003
1000 990 1003
994 1004 1003
994 1001 1004
1002 1005 1001
1002 1006 1005
1007 1000 1003
1007 1003 1004
1001 1008 1004
1001 1005 1008
1009 1005 1006
1008 1005 1009
1009 1006 1010
1011 1009 1010
1011 1012 1009
1011 1013 1012
1014 1012 1013
1012 1014 1015
1015 1016 1012
1008 1017 1004
1017 1007 1004
1008 1009 1018
1018 1009 1012
1017 1008 1018
1019 1012 1016
1018 1012 1019
1019 1016 1020
1021 1018 1019
1017 1018 1021
1022 1019 1020
1021 1019 1022
1022 1020 1023
1024 1017 1021
1022 1024 1021
1023 1025 1022
1022 1025 1024
1024 1026 1017
1017 1026 1007
1024 1027 1026
1027 1024 1025
1023 1028 1025
1023 1029 1028
1028 1029 1030
1007 1026 1031
1027 1031 1026
1027 1025 1032
1032 1025 1028
1028 1030 1033
1032 1028 1033
1034 1027 1032
1027 1034 1031
1030 1035 1033
1030 1036 1035
1035 1036 1037
1038 1032 1033
1034 1032 1038
1038 1033 1035
1039 1035 1037
1039 1037 1040
1038 1035 1041
1035 1039 1041
1042 1039 1040
1042 1041 1039
1042 1040 1043
1042 1043 1044
1045 1034 1038
1045 1038 1041
1042 1044 1046
1046 1044 1047
1042 1048 1041
1048 1045 1041
1048 1042 1046
1046 1047 1049
1049 1047 1050
1049 1050 1051
1048 1046 1052
1052 1046 1049
1051 1053 1049
1052 1049 1053
1051 1054 1053
1055 1053 1054
1055 1052 1053
1056 1048 1052
1048 1056 1045
1055 1057 1052
1056 1052 1057
1057 1055 1058
1057 1059 1056
1059 1045 1056
1057 1058 1059
1059 1060 1045
1060 1034 1045
1060 1031 1034
1061 1059 1058
1061 1060 1059
1061 1058 1062
1063 1031 1060
1061 1063 1060
1064 1061 1062
1063 1061 1064
1062 1065 1064
1064 1065 1066
999 1064 1066
999 1063 1064
1063 1067 1031
999 1067 1063
1007 1031 1067
1000 1067 999
1000 1007 1067
1068 1069 1070
1071 1070 1069
1071 1069 1072
1071 1072 1073
1073 1072 1074
1074 1075 1073
1073 1075 1076
1077 1075 1074
1077 1074 1078
1076 1075 1079
1076 1079 1080
1081 1077 1078
1081 1078 1082
1075 1077 1083
1075 1083 1079
1083 1077 1081
1079 1084 1080
1079 1083 1084
1085 1080 1084
1085 1084 1086
1087 1085 1086
1086 1088 1087
1089 1084 1083
1086 1084 1089
1083 1081 1090
1089 1083 1090
1091 1081 1082
1090 1081 1091
1086 1092 1088
1092 1093 1088
1094 1086 1089
1086 1094 1092
1095 1091 1082
1095 1082 1096
1097 1095 1096
1090 1091 1098
1095 1098 1091
1099 1089 1090
1099 1090 1098
1094 1089 1099
1100 1093 1092
1094 1100 1092
1095 1101 1098
1101 1099 1098
1097 1102 1095
1101 1095 1102
1100 1103 1093
1104 1093 1103
1094 1105 1100
1105 1103 1100
1106 1104 1103
1105 1106 1103
1106 1107 1104
1106 1108 1107
1109 1094 1099
1094 1109 1105
1110 1102 1097
1110 1097 1111
1112 1110 1111
1113 1108 1106
1113 1114 1108
1114 1113 1115
1114 1115 1116
1115 1117 1116
1118 1113 1106
1118 1106 1105
1115 1113 1118
1119 1105 1109
1119 1118 1105
1120 1102 1110
1101 1102 1120
1117 1115 1121
1121 1122 1117
1121 1123 1122
1124 1121 1115
1123 1121 1124
1115 1118 1125
1124 1115 1125
1126 1123 1124
1127 1123 1126
1112 1127 1126
1112 1128 1110
1112 1126 1128
1118 1129 1125
1118 1119 1129
1130 1124 1125
1126 1124 1130
1130 1125 1129
1126 1130 1131
1128 1126 1131
1131 1130 1129
1128 1132 1110
1128 1131 1132
1120 1110 1132
1131 1133 1132
1131 1129 1133
1133 1120 1132
1129 1134 1133
1133 1134 1120
1129 1119 1134
1134 1101 1120
1119 1135 1134
1134 1135 1101
1119 1109 1135
1101 1135 1099
1109 1099 1135
1136 1137 1138
1136 1139 1137
1140 1139 1136
1140 1141 1139
1142 1141 1140
1142 1143 1141
1144 1137 1145
1144 1145 1146
1146 1145 1147
1146 1147 1148
1148 1147 1149
1148 1149 1150
1150 1149 1151
1150 1151 1152
1152 1151 1153
1152 1153 1154
1154 1153 1155
1154 1155 1156
1156 1155 1157
1156 1157 1158
1158 1157 1159
1158 1159 1160
1161 1159 1162
1161 1162 1163
1163 1162 1164
1163 1164 1165
1165 1164 1166
1165 1166 1167
1167 1168 1169
1167 1169 1170
1170 1169 1171
1170 1171 1172
1173 1174 1175
1173 1175 1176
1177 1178 1179
1177 1179 1180
1181 1179 1182
1181 1182 1183
1183 1182 1184
1183 1184 1185
1186 1187 1188
1186 1188 1189
1190 1191 1186
1190 1192 1191
1193 1194 1190
1193 1195 1194
1196 1195 1193
1196 1197 1195
1198 1197 1196
1198 1199 1197
1200 1199 1198
1200 1201 1199
1202 1203 1204
1202 1204 1205
1205 1206 1207
1205 1207 1208
1209 1210 1211
1209 1211 1212
1212 1211 1213
1212 1213 1214
1214 1213 1215
1214 1215 1142
1216 1217 1209
1216 1218 1217
1219 1218 1216
1219 1220 1218
1221 1220 1219
1221 1222 1220
1223 1222 1221
1224 1225 1226
1227 1224 1226
1228 1227 1226
1228 1229 1227
1229 1228 1230
1230 1228 1231
1228 1226 1232
1232 1231 1228
1230 1231 1233
1233 1231 1234
1234 1231 1235
1236 1234 1235
1236 1235 1237
1232 1238 1231
1232 1239 1238
1240 1231 1238
1239 1240 1238
1240 1241 1231
1239 1242 1240
1236 1237 1243
1244 1236 1243
1243 1237 1245
1246 1245 1237
1246 1247 1245
1243 1245 1248
1249 1243 1248
1250 1247 1241
1244 1243 1251
1249 1251 1243
1244 1251 1252
1253 1251 1249
1254 1252 1251
1253 1255 1251
1254 1251 1255
1256 1255 1253
1257 1254 1255
1256 1258 1255
1257 1255 1258
1259 1258 1256
1257 1258 1259
1260 1250 1241
1260 1241 1240
1260 1240 1261
1240 1242 1261
1261 1242 1262
1242 1263 1262
1263 1264 1262
1264 1265 1262
1265 1266 1262
1266 1267 1262
1261 1262 1267
1268 1267 1266
1269 1260 1261
1269 1261 1267
1268 1270 1267
1270 1269 1267
1271 1270 1268
1272 1250 1260
1269 1272 1260
1273 1272 1269
1272 1274 1250
1274 1275 1250
1274 1272 1276
1276 1272 1273
1276 1273 1277
1278 1277 1273
1271 1279 1270
1280 1279 1271
1270 1281 1269
1273 1269 1281
1279 1281 1270
1273 1281 1279
1278 1273 1282
1273 1279 1282
1283 1278 1282
1280 1284 1279
1282 1279 1284
1285 1284 1280
1283 1282 1286
1282 1284 1286
1285 1287 1284
1286 1284 1287
1288 1287 1285
1283 1286 1289
1286 1287 1289
1283 1289 1290
1290 1289 1291
1290 1291 1292
1293 1292 1291
1288 1294 1287
1289 1287 1294
1289 1294 1291
1288 1295 1294
1294 1295 1291
1291 1295 1296
1293 1291 1297
1291 1296 1297
1293 1297 1298
1296 1298 1297
1293 1298 1299
1296 1300 1298
1299 1298 1301
1301 1298 1300
1302 1303 1304
1303 1305 1304
1305 1303 1306
1305 1306 1307
1304 1305 1308
1308 1305 1307
1309 1308 1307
1310 1304 1308
1308 1309 1311
1310 1308 1312
1308 1311 1312
1310 1312 1313
1314 1312 1311
1313 1312 1315
1314 1315 1312
1313 1315 1316
1315 1317 1316
1315 1314 1318
1315 1318 1317
1314 1319 1318
1318 1320 1317
1318 1319 1321
1318 1322 1320
1318 1321 1322
1320 1322 1323
1323 1322 1321
1324 1325 1326
1324 1327 1325
1325 1327 1328
1325 1328 1329
1330 1329 1328
1330 1328 1331
1330 1331 1332
1330 1332 1333
1334 1333 1332
1334 1335 1333
1336 1335 1334
1336 1337 1335
1336 1338 1337
1336 1339 1338
1339 1340 1338
1339 1341 1340
1342 1340 1341
1342 1343 1340
1343 1342 1344
1343 1344 1345
1346 1347 1348
1346 1348 1349
1348 1350 1349
1348 1351 1350
1352 1350 1351
1352 1353 1350
1352 1354 1353
1352 1355 1354
1356 1354 1355
1356 1355 1357
1358 1356 1357
1358 1357 1359
1358 1359 1360
1358 1360 1361
1360 1362 1361
1360 1363 1362
1364 1362 1363
1364 1363 1365
1365 1366 1364
1365 1367 1366
1368 1369 1370
1371 1368 1370
1371 1370 1372
1371 1373 1368
1371 1372 1374
1372 1375 1374
1375 1376 1374
1376 1371 1374
1373 1371 1377
1376 1377 1371
1373 1377 1378
1379 1373 1378
1380 1377 1376
1378 1377 1380
1380 1376 1381
1382 1380 1381
1382 1381 1383
1382 1383 1384
1382 1384 1385
1386 1379 1378
1387 1386 1378
1386 1388 1379
1378 1380 1389
1389 1380 1382
1387 1378 1389
1390 1388 1386
1387 1390 1386
1390 1391 1388
1382 1385 1392
1385 1393 1392
1389 1382 1394
1387 1389 1394
1394 1382 1392
1395 1391 1390
1395 1396 1391
1397 1396 1395
1393 1398 1392
1393 1399 1398
1398 1399 1400
1398 1400 1401
1401 1400 1402
1403 1394 1392
1403 1392 1398
1387 1394 1403
1404 1403 1398
1404 1398 1401
1405 1404 1401
1406 1405 1401
1407 1387 1403
1401 1408 1406
1407 1409 1387
1409 1407 1410
1387 1409 1390
1411 1409 1410
1409 1395 1390
1411 1395 1409
1412 1395 1411
1397 1395 1412
1412 1411 1413
1414 1397 1412
1414 1412 1413
1401 1415 1408
1401 1402 1415
1408 1415 1416
1416 1415 1402
1416 1402 1417
1408 1416 1418
1416 1417 1419
1418 1416 1420
1416 1419 1420
1418 1420 1421
1420 1419 1422
1423 1421 1420
1420 1422 1424
1423 1420 1424
1422 1425 1424
1425 1423 1424
1426 1427 1428
1426 1429 1427
1430 1429 1426
1427 1429 1431
1431 1432 1427
1430 1433 1429
1431 1429 1433
1430 1434 1433
1433 1434 1435
1433 1435 1431
1436 1432 1431
1435 1436 1431
1436 1437 1432
1436 1435 1438
1436 1439 1437
1440 1437 1439
1436 1438 1441
1439 1436 1441
1438 1442 1441
1439 1441 1442
1438 1443 1442
1443 1444 1442
1440 1439 1445
1440 1445 1446
1447 1439 1442
1445 1439 1447
1448 1447 1442
1444 1448 1442
1445 1447 1448
1445 1449 1446
1450 1446 1449
1451 1448 1444
1451 1444 1452
1445 1448 1453
1449 1445 1453
1450 1449 1454
1455 1450 1454
1456 1453 1448
1456 1448 1451
1453 1457 1449
1449 1457 1454
1456 1457 1453
1452 1458 1451
1452 1459 1458
1458 1459 1460
1451 1458 1461
1451 1461 1456
1456 1462 1457
1454 1457 1462
1455 1454 1463
1463 1464 1455
1463 1465 1464
1466 1464 1465
1465 1467 1466
1468 1467 1465
1468 1469 1467
1468 1470 1469
1471 1470 1468
1454 1472 1463
1462 1472 1454
1472 1465 1463
1456 1473 1462
1456 1461 1473
1461 1474 1473
1462 1473 1475
1462 1475 1472
1475 1473 1474
1476 1471 1468
1476 1477 1471
1478 1477 1476
1478 1479 1477
1479 1478 1480
1478 1481 1480
1478 1482 1481
1478 1483 1482
1483 1484 1482
1484 1483 1485
1486 1485 1483
1486 1487 1485
1487 1486 1488
1487 1488 1489
1490 1486 1483
1486 1490 1488
1489 1488 1491
1489 1491 1492
1492 1491 1493
1494 1492 1493
1494 1493 1495
1494 1495 1496
1493 1497 1495
1493 1498 1497
1491 1499 1493
1493 1499 1498
1491 1488 1500
1491 1500 1499
1488 1501 1500
1499 1500 1501
1501 1488 1490
1502 1498 1499
1499 1501 1502
1502 1501 1503
1502 1504 1498
1504 1502 1505
1502 1503 1505
1504 1505 1506
1506 1505 1507
1507 1505 1503
1506 1507 1508
1508 1507 1509
1507 1503 1509
1508 1509 1510
1509 1511 1510
1509 1512 1511
1512 1509 1503
1512 1513 1511
1501 1514 1503
1501 1490 1514
1512 1515 1513
1516 1513 1515
1512 1503 1517
1517 1503 1514
1518 1515 1512
1518 1512 1517
1490 1519 1514
1517 1514 1520
1519 1520 1514
1490 1521 1519
1490 1483 1521
1519 1522 1520
1519 1521 1522
1523 1517 1520
1523 1520 1522
1524 1518 1517
1524 1517 1523
1515 1518 1525
1524 1525 1518
1521 1483 1526
1483 1478 1526
1478 1527 1526
1527 1478 1476
1527 1476 1528
1521 1526 1529
1526 1527 1529
1521 1529 1530
1529 1527 1530
1521 1530 1522
1530 1527 1528
1523 1522 1531
1523 1531 1524
1532 1522 1530
1532 1530 1528
1532 1531 1522
1528 1476 1533
1533 1476 1468
1533 1468 1534
1468 1465 1534
1535 1534 1465
1472 1535 1465
1536 1533 1534
1535 1536 1534
1537 1533 1536
1537 1528 1533
1535 1537 1536
1472 1538 1535
1475 1538 1472
1535 1539 1537
1538 1539 1535
1538 1475 1540
1538 1540 1539
1540 1475 1474
1541 1528 1537
1541 1537 1539
1539 1540 1542
1542 1540 1474
1542 1543 1539
1541 1539 1543
1541 1544 1528
1541 1545 1544
1532 1528 1544
1532 1544 1545
1546 1542 1474
1542 1546 1543
1547 1541 1543
1541 1547 1545
1532 1545 1548
1548 1531 1532
1546 1549 1543
1547 1543 1549
1550 1547 1549
1545 1547 1551
1550 1551 1547
1548 1552 1531
1524 1531 1552
1524 1552 1553
1524 1553 1525
1554 1552 1548
1554 1553 1552
1545 1555 1548
1554 1548 1555
1546 1556 1549
1550 1549 1556
1545 1551 1557
1545 1557 1555
1551 1558 1557
1555 1557 1558
1559 1525 1553
1554 1559 1553
1554 1555 1560
1555 1558 1560
1551 1561 1558
1550 1561 1551
1550 1556 1562
1550 1562 1563
1564 1559 1554
1554 1560 1564
1560 1558 1565
1561 1565 1558
1550 1566 1561
1566 1550 1563
1567 1564 1560
1560 1565 1567
1561 1568 1565
1568 1561 1566
1569 1567 1565
1569 1565 1568
1566 1563 1570
1568 1566 1571
1570 1571 1566
1569 1568 1572
1571 1572 1568
1573 1570 1563
1573 1563 1574
1574 1575 1573
1574 1556 1575
1576 1575 1556
1577 1575 1576
1576 1556 1546
1576 1546 1578
1576 1578 1577
1546 1474 1578
1578 1474 1579
1578 1579 1577
1461 1579 1474
1461 1580 1579
1461 1458 1580
1458 1460 1580
1580 1581 1579
1460 1581 1580
1581 1577 1579
1460 1582 1581
1583 1581 1582
1583 1584 1581
1581 1584 1577
1584 1583 1585
1586 1577 1584
1584 1585 1586
1586 1587 1577
1577 1587 1575
1587 1573 1575
1585 1588 1586
1585 1589 1588
1588 1589 1590
1591 1587 1586
1587 1591 1573
1591 1586 1588
1588 1590 1592
1592 1590 1593
1591 1594 1573
1573 1594 1570
1595 1591 1588
1595 1588 1592
1591 1595 1594
1592 1593 1596
1596 1593 1597
1598 1570 1594
1570 1598 1571
1599 1594 1595
1598 1594 1599
1600 1595 1592
1600 1592 1596
1599 1595 1600
1596 1597 1601
1601 1597 1602
1603 1601 1602
1604 1596 1601
1604 1600 1596
1603 1604 1601
1600 1604 1605
1605 1604 1603
1600 1605 1599
1605 1603 1606
1607 1599 1605
1607 1605 1606
1607 1598 1599
1608 1607 1606
1607 1608 1609
1598 1607 1610
1607 1609 1610
1610 1571 1598
1609 1611 1610
1610 1611 1571
1609 1612 1611
1611 1612 1613
1571 1611 1572
1611 1613 1572
1572 1613 1614
1572 1614 1569
1615 1569 1614
1569 1615 1567
1615 1614 1616
1617 1567 1615
1567 1617 1564
1618 1615 1616
1617 1615 1618
1618 1616 1619
1620 1564 1617
1564 1620 1559
1621 1617 1618
1620 1617 1621
1622 1618 1619
1621 1618 1622
1622 1619 1623
1620 1624 1559
1624 1620 1621
1625 1621 1622
1624 1621 1625
1626 1622 1623
1625 1622 1626
1626 1623 1627
1626 1627 1628
1629 1559 1624
1559 1629 1525
1625 1630 1624
1629 1624 1630
1631 1629 1630
1632 1525 1629
1632 1629 1631
1631 1633 1632
1515 1525 1632
1516 1515 1632
1633 1516 1632
1634 1516 1633
1626 1628 1635
1635 1628 1636
1626 1637 1625
1625 1637 1630
1626 1635 1637
1637 1638 1630
1631 1630 1638
1639 1637 1635
1637 1639 1638
1635 1636 1640
1639 1635 1640
1636 1641 1640
1636 1642 1641
1640 1641 1643
1643 1639 1640
1643 1644 1639
1639 1644 1638
1643 1645 1644
1644 1645 1646
1644 1646 1638
1638 1646 1647
1647 1631 1638
1647 1648 1631
1647 1649 1648
1631 1648 1650
1631 1650 1633
1648 1633 1650
1648 1649 1651
1648 1651 1633
1649 1652 1651
1651 1652 1633
1649 1653 1652
1634 1633 1652
1653 1634 1652
1654 1655 1656
1657 1654 1656
1658 1654 1657
1656 1659 1657
1656 1660 1659
1659 1660 1661
1658 1657 1662
1659 1662 1657
1663 1658 1662
1663 1662 1664
1664 1665 1663
1666 1665 1664
1659 1667 1662
1667 1664 1662
1659 1661 1668
1668 1667 1659
1661 1669 1668
1661 1670 1669
1671 1669 1670
1667 1672 1664
1672 1666 1664
1668 1673 1667
1668 1669 1673
1673 1672 1667
1673 1674 1672
1669 1674 1673
1672 1675 1666
1674 1675 1672
1676 1666 1675
1676 1677 1666
1676 1678 1677
1678 1679 1677
1678 1676 1680
1676 1681 1680
1675 1681 1676
1680 1681 1682
1674 1683 1675
1683 1681 1675
1681 1684 1682
1681 1683 1684
1684 1683 1685
1682 1684 1686
1684 1685 1686
1685 1687 1686
1685 1688 1687
1689 1683 1674
1669 1689 1674
1669 1690 1689
1689 1691 1683
1683 1691 1685
1690 1691 1689
1669 1692 1690
1671 1692 1669
1693 1692 1671
1690 1692 1693
1693 1671 1694
1695 1693 1694
1695 1696 1693
1690 1693 1697
1696 1697 1693
1695 1698 1696
1696 1698 1699
1698 1695 1700
1700 1701 1698
1700 1702 1701
1696 1703 1697
1696 1699 1703
1703 1704 1697
1699 1704 1703
1705 1690 1697
1704 1705 1697
1699 1698 1706
1701 1706 1698
1702 1707 1701
1702 1708 1707
1709 1701 1707
1707 1710 1709
1708 1710 1711
1708 1712 1710
1712 1713 1710
1710 1713 1714
1710 1714 1709
1709 1715 1701
1714 1715 1709
1715 1706 1701
1715 1714 1716
1706 1715 1716
1706 1716 1717
1717 1718 1706
1699 1706 1718
1717 1719 1718
1717 1720 1719
1719 1720 1721
1719 1722 1718
1722 1719 1721
1722 1699 1718
1722 1721 1723
1722 1724 1699
1699 1724 1704
1723 1725 1722
1725 1724 1722
1704 1724 1726
1725 1726 1724
1727 1725 1723
1727 1723 1728
1729 1725 1727
1729 1726 1725
1726 1729 1730
1704 1726 1731
1726 1730 1731
1704 1731 1705
1732 1731 1730
1731 1732 1705
1732 1730 1733
1732 1733 1734
1735 1705 1732
1732 1734 1735
1735 1736 1705
1705 1736 1690
1690 1736 1691
1691 1736 1735
1737 1735 1734
1691 1735 1737
1737 1734 1738
1691 1737 1685
1685 1737 1738
1685 1738 1739
330 332 1740
330 1740 388
332 353 1740
1740 1741 388
353 1741 1740
400 388 1741
1742 1741 353
1742 400 1741
1742 353 1743
1742 1744 400
1742 1743 1745
1744 1742 1746
1742 1745 1746
1744 1746 1747
1746 1748 1747
1745 1749 1746
1746 1749 1748
1745 1750 1749
1751 1749 1750
1752 1748 1749
1751 1752 1749
1752 1753 1748
1752 1751 1754
1753 1752 1755
1752 1754 1755
1753 1755 1756
1757 1755 1754
1756 1755 1757
1757 1754 1758
1756 1757 1759
1760 1757 1758
1759 1757 1760
1760 1758 1761
1759 1760 1762
1761 1763 1760
1762 1760 1763
1761 1764 1763
1762 1763 1765
1765 1763 1766
1763 1767 1766
1763 1764 1768
1769 1767 1763
1763 1768 1770
1769 1763 1770
1771 1770 1768
1770 1772 1769
1771 1773 1770
1770 1773 1772
1774 1773 1771
1773 1775 1772
1774 1776 1773
1773 1776 1775
1777 1776 1774
1776 1778 1775
1777 1779 1776
1776 1779 1778
1779 1777 1780
1778 1779 1780
1781 1782 1783
1781 1783 1784
1781 1785 1782
1785 1786 1782
1781 1784 1787
1788 1787 1784
1788 1784 1789
1790 1788 1789
1791 1781 1787
1792 1787 1788
1791 1787 1792
1790 1793 1788
1792 1788 1793
1791 1794 1781
1794 1785 1781
1791 1792 1795
1794 1791 1795
1790 1796 1793
1796 1790 1797
1792 1793 1798
1792 1798 1795
1796 1799 1793
1793 1799 1798
1800 1796 1797
1796 1800 1799
1800 1797 1801
1802 1801 1797
1802 1803 1801
1801 1803 1804
1801 1804 1805
1805 1804 1806
1807 1805 1806
1805 1807 1808
1801 1805 1809
1809 1805 1808
1800 1801 1809
1808 1810 1809
1809 1811 1800
1811 1799 1800
1810 1811 1809
1799 1811 1812
1812 1811 1810
1812 1810 1813
1799 1812 1798
1814 1812 1813
1815 1798 1812
1814 1815 1812
1814 1816 1815
1815 1795 1798
1816 1817 1815
1795 1815 1817
1817 1816 1818
1795 1817 1819
1794 1795 1819
1817 1818 1820
1820 1818 1821
1819 1822 1794
1794 1822 1785
1823 1819 1817
1823 1817 1820
1819 1823 1822
1820 1821 1824
1824 1823 1820
1822 1825 1785
1785 1825 1786
1826 1824 1821
1826 1821 1827
1823 1828 1822
1828 1825 1822
1829 1786 1825
1828 1829 1825
1829 1830 1786
1824 1831 1823
1831 1824 1826
1823 1831 1828
1830 1829 1832
1832 1829 1828
1833 1830 1832
1832 1834 1833
1835 1828 1831
1832 1828 1835
1832 1836 1834
1835 1836 1832
1836 1837 1834
1835 1831 1838
1831 1826 1838
1836 1839 1837
1839 1840 1837
1835 1841 1836
1838 1841 1835
1841 1839 1836
1826 1842 1838
1838 1842 1841
1839 1843 1840
1843 1839 1841
1826 1844 1842
1827 1844 1826
1827 1845 1844
1844 1845 1846
1844 1846 1847
1842 1844 1847
1847 1846 1848
1841 1842 1849
1842 1847 1849
1843 1841 1849
1847 1848 1850
1850 1849 1847
1850 1848 1851
1852 1840 1843
1852 1853 1840
1852 1854 1853
1855 1843 1849
1850 1855 1849
1855 1852 1843
1850 1851 1856
1855 1850 1856
1856 1851 1857
1854 1858 1857
1852 1858 1854
1852 1855 1858
1857 1858 1856
1855 1856 1858
1859 1860 1861
1862 1859 1861
1861 1860 1863
1862 1861 1864
1864 1861 1863
1864 678 1862
1864 1863 1865
1864 1866 678
1865 1866 1864
1865 1867 1866
673 678 1866
673 1866 1867
673 1867 1868
1869 673 1868
1869 672 673
1869 1870 672
1870 1871 672
1870 1872 1871
672 1871 636
1872 1873 1871
1872 1874 1873
1873 1874 1875
1871 1876 636
1871 1873 1876
1873 1877 1876
634 636 1876
1876 1877 634
1873 1875 1878
1877 1873 1878
1875 1879 1878
1877 1878 1879
1875 1880 1879
1877 1881 634
634 1881 625
625 1881 627
627 1881 1877
627 1877 1882
1877 1879 1882
627 1882 607
1879 1883 1882
1882 1883 607
1880 1883 1879
607 1883 606
606 1883 608
1883 1884 608
1883 1880 1884
609 608 1884
1880 1885 1884
1885 609 1884
1880 1886 1885
1886 1887 1885
1885 1888 609
1887 1888 1885
1886 1889 1887
1887 1890 1888
1887 1889 1891
1887 1892 1890
1887 1891 1893
1887 1893 1892
1891 1894 1893
1893 1894 1892
1895 1896 1897
1896 1898 1897
1895 1899 1896
1896 1900 1898
1899 1895 1901
1900 1902 1898
1899 1901 1903
1900 1904 1902
1905 1903 1901
1905 1906 1903
1907 1902 1904
1907 1904 1908
1905 1909 1906
1909 1907 1908
1905 1910 1909
1909 1910 1907
1911 1912 1913
1913 1912 1914
1914 1915 1913
1911 1913 1916
1916 1917 1911
1916 1918 1917
1918 1916 1919
1916 1920 1919
1920 1921 1919
1920 1922 1921
1920 1923 1922
1924 1923 1920
1925 1913 1915
1916 1913 1925
1920 1916 1925
1925 1915 1926
1927 1925 1926
1924 1920 1928
1920 1925 1928
1927 1928 1925
1929 1924 1928
1928 1927 1929
1930 1931 1932
1930 1932 1933
1932 1931 1934
1932 1935 1933
1932 1934 1936
1937 1936 1934
1932 1938 1935
1938 1932 1936
1938 1939 1935
1938 1940 1939
1940 1938 1941
1938 1942 1941
1942 1938 1936
1942 1943 1941
1942 1944 1943
1942 1945 1944
1937 1946 1936
1946 1942 1936
1945 1942 1946
1937 1947 1946
1945 1946 1948
1947 1948 1946
1949 1950 1951
1949 1952 1950
1950 1953 1951
1950 1952 1954
1950 1955 1953
1956 1953 1955
1950 1954 1957
1957 1955 1950
1957 1954 1958
1957 1958 1959
1959 1960 1957
1957 1960 1961
1961 1955 1957
1961 1960 1962
1961 1962 1963
1961 1963 1964
1956 1955 1965
1965 1955 1961
1964 1965 1961
1956 1965 1966
1964 1967 1965
1966 1965 1967
1968 1969 1970
1971 1969 1968
1968 1970 1972
1971 1968 1973
1972 1970 1974
1975 1971 1973
1972 1974 1976
1975 1973 1977
1977 1978 1975
1977 1979 1978
1979 1980 1978
1979 1981 1980
1976 1974 1982
1982 1980 1981
1976 1982 1983
1982 1981 1983
1984 1985 1986
1987 1985 1984
1988 1984 1986
1987 1984 1989
1989 1990 1987
1991 1990 1989
1988 1992 1984
1988 1993 1992
1994 1992 1993
1994 1995 1992
1994 1996 1995
1997 1995 1996
1998 1995 1997
1991 1989 1999
1999 2000 1991
2001 2000 1999
2001 2002 2000
2001 2003 2002
2001 2004 2003
1999 1989 2005
1984 2005 1989
1984 1992 2005
1999 2005 2006
1992 2006 2005
1992 1995 2006
2001 1999 2006
1998 2007 1995
2008 2007 1998
2009 2007 2008
1995 2010 2006
1995 2007 2010
2001 2006 2010
2009 2011 2007
2011 2010 2007
2012 2011 2009
2013 2011 2012
2014 2001 2010
2011 2014 2010
2013 2015 2011
2014 2011 2015
2016 2015 2013
2017 2015 2016
2014 2018 2001
2018 2004 2001
2018 2019 2004
2020 2019 2018
2017 2021 2015
2022 2021 2017
2014 2015 2023
2018 2014 2023
2023 2015 2021
2024 2020 2018
2018 2023 2024
2024 2025 2020
2023 2021 2026
2024 2023 2026
2027 2025 2024
2024 2026 2027
2027 2028 2025
2027 2029 2028
2030 2026 2021
2030 2027 2026
2022 2030 2021
2030 2029 2027
2022 2031 2030
2031 2029 2030
2032 2031 2022
2031 2033 2029
2032 2034 2031
2034 2033 2031
2035 2036 2037
2037 2036 2038
2037 2038 2039
2037 2039 2040
2035 2037 2041
2042 2035 2041
2042 2041 2043
2044 2043 2041
2037 2040 2045
2041 2037 2045
2046 2044 2041
2046 2041 2045
2046 2047 2044
2048 2047 2046
2048 2046 2049
2040 2050 2045
2046 2045 2050
2049 2046 2050
2040 2051 2050
2049 2050 2052
2050 2051 2053
2050 2053 2052
2054 2055 2056
2056 2055 2057
2058 2056 2057
2054 2056 2059
2059 2060 2054
2059 2061 2060
2061 2059 2062
2063 2056 2058
2059 2056 2063
2063 2058 2064
2063 2064 2065
2059 2066 2062
2066 2059 2063
2066 2067 2062
2066 2068 2067
2066 2069 2068
2063 2065 2070
2070 2066 2063
2070 2069 2066
2070 2065 2071
2070 2072 2069
2072 2070 2071
2073 2074 2075
2076 2075 2074
2076 2077 2075
2073 2075 2078
2078 2079 2073
2078 2080 2079
2081 2080 2078
2082 2075 2077
2078 2075 2082
2082 2077 2083
2084 2082 2083
2081 2078 2085
2085 2078 2082
2086 2081 2085
2085 2087 2086
2085 2088 2087
2084 2089 2082
2085 2082 2089
2089 2088 2085
2090 2089 2084
2089 2091 2088
2090 2091 2089
2092 2093 2094
2093 2095 2094
2093 2096 2095
2093 2097 2096
2092 2098 2093
2099 2098 2092
2099 2100 2098
2101 2098 2100
2093 2102 2097
2098 2102 2093
2103 2098 2101
2103 2102 2098
2103 2101 2104
2105 2103 2104
2105 2106 2103
2097 2102 2107
2103 2107 2102
2106 2107 2103
2097 2107 2108
2106 2109 2107
2107 2110 2108
2107 2109 2110
2111 2112 2113
2112 2114 2113
2115 2114 2112
2111 2116 2112
2116 2111 2117
2116 2117 2118
2118 2119 2116
2120 2115 2112
2116 2120 2112
2120 2121 2115
2120 2122 2121
2116 2119 2123
2123 2120 2116
2123 2119 2124
2123 2124 2125
2123 2125 2126
2120 2127 2122
2127 2120 2123
2127 2123 2126
2127 2128 2122
2127 2126 2129
2129 2128 2127
2130 2131 2132
2133 2132 2131
2133 2131 2134
2130 2135 2131
2135 2130 2136
2135 2136 2137
2138 2135 2137
2139 2134 2131
2135 2139 2131
2139 2140 2134
2141 2140 2139
2138 2142 2135
2142 2139 2135
2143 2142 2138
2142 2143 2144
2142 2144 2145
2141 2139 2146
2142 2146 2139
2146 2142 2145
2147 2141 2146
2146 2145 2148
2147 2146 2148
2149 2150 2151
2152 2150 2149
2153 2151 2150
2152 2154 2150
2155 2154 2152
2153 2150 2156
2157 2153 2156
2155 2158 2154
2158 2155 2159
2158 2159 2160
2161 2160 2159
2162 2154 2158
2162 2158 2160
2161 2163 2160
2163 2161 2164
2162 2160 2165
2165 2160 2163
2165 2163 2166
2163 2164 2167
2166 2163 2167
2168 2167 2164
2166 2167 2169
2168 2170 2167
2169 2167 2170
2171 2170 2168
2169 2170 2172
2172 2170 2171
2162 2173 2154
2150 2154 2173
2174 2173 2162
2162 2175 2174
2150 2173 2176
2174 2176 2173
2174 2175 2177
2177 2175 2178
2177 2178 2179
2180 2150 2176
2180 2156 2150
2177 2179 2181
2181 2179 2182
2183 2181 2182
2183 2182 2184
2185 2183 2184
2183 2185 2186
2186 2185 2187
2186 2187 2188
2181 2189 2177
2190 2181 2183
2181 2190 2189
2191 2183 2186
2190 2183 2191
2192 2177 2189
2192 2174 2177
2174 2192 2193
2174 2193 2176
2176 2193 2194
2176 2194 2180
2186 2188 2195
2196 2191 2186
2195 2196 2186
2195 2197 2196
2188 2198 2195
2195 2198 2197
2197 2198 2199
2188 2200 2198
2199 2198 2200
2199 2200 2201
2199 2201 2202
2199 2202 2203
2203 2202 2204
2204 2205 2203
2205 2199 2203
2205 2204 2206
2205 2207 2199
2207 2205 2206
2207 2197 2199
2207 2206 2208
2197 2207 2208
2197 2208 2209
2210 2197 2209
2210 2209 2211
2196 2197 2210
2210 2211 2212
2196 2210 2213
2210 2212 2213
2191 2196 2213
2212 2214 2213
2215 2191 2213
2213 2214 2215
2215 2190 2191
2215 2214 2216
2190 2215 2217
2215 2216 2217
2217 2216 2218
2190 2217 2189
2217 2218 2219
2220 2189 2217
2217 2219 2220
2220 2219 2221
2220 2192 2189
2220 2221 2222
2192 2220 2223
2220 2222 2223
2223 2193 2192
2224 2223 2222
2224 2222 2225
2223 2226 2193
2226 2194 2193
2224 2225 2227
2228 2227 2225
2229 2227 2228
2223 2224 2230
2226 2223 2230
2229 2231 2227
2232 2231 2229
2232 2233 2231
2234 2233 2232
2235 2233 2234
2235 2231 2233
2235 2236 2231
2236 2227 2231
2236 2237 2227
2224 2227 2237
2224 2237 2238
2224 2238 2230
2239 2230 2238
2239 2240 2230
2240 2226 2230
2240 2239 2241
2226 2240 2242
2240 2241 2242
2243 2226 2242
2243 2194 2226
2241 2244 2242
2244 2243 2242
2241 2245 2244
2244 2245 2246
2247 2244 2246
2244 2247 2243
2247 2246 2248
2248 2249 2247
2249 2250 2247
2250 2243 2247
2249 2251 2250
2252 2250 2251
2253 2194 2243
2250 2253 2243
2253 2250 2252
2253 2180 2194
2180 2253 2254
2253 2252 2254
2180 2254 2156
2255 2156 2254
2255 2254 2252
2255 2157 2156
2256 2157 2255
2257 2256 2255
2252 2258 2255
2257 2255 2258
2259 2258 2252
2260 2252 2251
2259 2252 2260
2260 2251 2261
2260 2262 2259
2260 2263 2262
2260 2261 2263
2263 2264 2262
2265 2264 2263
2266 2259 2262
2261 2267 2263
2265 2263 2267
2261 2268 2267
2268 2265 2267
2268 2261 2269
2268 2270 2265
2271 2268 2269
2270 2268 2271
2271 2269 2272
2273 2270 2271
2274 2271 2272
2273 2271 2274
2274 2272 2275
2273 2274 2276
2276 2274 2275
2273 2276 2277
2276 2275 2278
2279 2277 2276
2278 2280 2276
2279 2276 2280
2278 2281 2280
2282 2279 2280
2283 2280 2281
2282 2280 2283
2283 2281 2284
2285 2282 2283
2286 2283 2284
2285 2283 2287
2286 2287 2283
2288 2285 2287
2289 2287 2286
2288 2287 2289
2289 2286 2290
2291 2288 2289
2292 2289 2290
2291 2289 2292
2292 2290 2293
2291 2292 2294
2294 2292 2293
2295 2296 2297
2295 2297 2298
2295 2299 2296
2299 2300 2296
2299 2301 2300
2301 2302 2300
2301 2303 2302
2303 2304 2302
2303 2305 2304
2305 2306 2304
2307 2301 2299
2301 2308 2303
2301 2307 2308
2309 2303 2308
2309 2305 2303
2310 2299 2295
2307 2299 2310
2307 2311 2308
2311 2309 2308
2312 2307 2310
2307 2312 2311
2305 2313 2306
2305 2314 2313
2305 2309 2314
2306 2313 2315
2315 2313 2314
2306 2315 2316
2315 2317 2316
2317 2315 2318
2315 2314 2318
2317 2318 2319
2314 2319 2318
2317 2319 2320
2319 2321 2320
2314 2322 2319
2309 2322 2314
2319 2322 2321
2309 2323 2322
2323 2321 2322
2311 2323 2309
2323 2324 2321
2325 2324 2323
2325 2323 2311
2312 2325 2311
2312 2326 2325
2327 2326 2312
2327 2312 2328
2312 2310 2328
2329 2327 2328
2328 2310 2330
2310 2295 2330
2329 2328 2331
2328 2330 2331
2332 2331 2330
2295 2333 2330
2333 2332 2330
2295 2298 2333
2334 2329 2331
2332 2334 2331
2334 2335 2329
2336 2335 2334
2298 2337 2333
2333 2337 2332
2332 2337 2338
2298 2339 2337
2339 2340 2337
2337 2340 2257
2337 2257 2338
2257 2341 2338
2338 2341 2259
2336 2334 2342
2342 2334 2332
2343 2336 2342
2342 2332 2344
2332 2338 2344
2343 2342 2345
2345 2342 2344
2346 2343 2345
2345 2344 2347
2346 2345 2347
2338 2347 2344
2266 2346 2347
2338 2259 2348
2266 2348 2259
2266 2347 2348
2338 2348 2347
2349 2350 2351
2352 2350 2349
2353 2349 2351
2354 2352 2349
2353 2355 2349
2355 2354 2349
2356 2355 2353
2354 2355 2356
2353 2357 2356
2354 2356 2358
2357 2359 2356
2357 2360 2359
2356 2361 2358
2361 2356 2359
2362 2358 2361
2359 2360 2363
2359 2363 2361
2360 2364 2363
2364 2365 2363
2366 2361 2363
2362 2361 2366
2365 2366 2363
2367 2362 2366
2367 2368 2362
2369 2368 2367
2370 2367 2366
2371 2369 2367
2371 2367 2370
2365 2372 2366
2370 2366 2372
2365 2373 2372
2373 2370 2372
2365 2374 2373
2374 2365 2375
2374 2375 2376
2377 2376 2375
2378 2376 2377
2379 2369 2371
2379 2380 2369
2381 2380 2379
2382 2371 2370
2373 2382 2370
2382 2383 2371
2383 2379 2371
2384 2382 2373
2384 2383 2382
2384 2373 2385
2385 2373 2374
2384 2386 2383
2385 2374 2387
2374 2388 2387
2374 2389 2388
2374 2376 2389
2390 2389 2376
2391 2390 2376
2383 2386 2392
2391 2376 2393
2378 2393 2376
2394 2391 2393
2395 2393 2378
2394 2393 2396
2395 2396 2393
2394 2396 2397
2397 2396 2395
2383 2392 2398
2383 2398 2379
2392 2399 2398
2379 2398 2399
2392 2400 2399
2381 2379 2399
2400 2401 2399
2401 2381 2399
2400 2402 2401
2401 2403 2381
2402 2404 2401
2404 2403 2401
