byte offset: 0
first index: 0
index count: 12504
topology: trianglelist
format: DXGI_FORMAT_R16_UINT

0 1 2
0 3 1
4 3 0
5 1 3
4 6 3
5 3 7
6 7 3
8 5 7
6 9 7
8 7 10
10 7 9
10 9 11
10 12 8
11 13 10
10 13 12
11 14 13
13 14 15
12 13 16
13 15 16
12 16 17
15 18 16
16 18 17
19 20 21
19 22 20
23 22 19
24 20 22
23 25 22
24 22 26
25 26 22
27 24 26
25 28 26
27 26 29
29 26 28
29 30 27
29 28 31
29 32 30
31 32 29
31 33 32
32 34 30
33 35 32
32 35 34
33 36 35
35 36 37
34 35 38
35 37 38
34 38 39
37 40 38
38 40 39
41 42 43
41 44 42
45 42 44
45 44 46
44 41 47
46 44 48
44 47 48
46 48 49
50 49 48
51 48 47
50 48 51
51 47 52
53 51 52
50 51 54
53 54 51
50 54 55
54 56 55
53 57 54
54 57 56
53 58 57
57 58 59
56 57 60
57 59 60
56 60 61
59 62 60
60 62 61
63 64 65
63 65 66
67 63 66
68 66 65
67 66 69
68 70 66
69 66 70
71 70 68
69 70 72
71 73 70
73 72 70
73 74 72
73 71 75
74 73 76
73 75 76
74 76 77
76 78 77
75 79 76
76 79 78
75 80 79
78 79 81
79 80 81
82 83 84
82 84 85
86 82 85
87 85 84
86 85 88
87 89 85
88 85 89
90 89 87
88 89 91
90 92 89
92 91 89
92 90 93
92 94 91
92 93 95
94 92 95
94 95 96
95 93 97
96 95 98
95 97 98
96 98 99
98 100 99
97 101 98
98 101 100
97 102 101
100 101 103
101 102 103
104 105 106
104 106 107
108 107 106
108 109 107
107 110 104
109 111 107
107 111 110
109 112 111
113 111 112
114 110 111
113 114 111
114 115 110
116 115 114
113 117 114
116 114 117
113 118 117
117 118 119
116 117 120
117 119 120
116 120 121
120 122 121
119 123 120
120 123 122
119 124 123
122 123 125
123 124 125
126 127 128
128 127 129
129 130 128
129 131 130
130 132 128
131 133 130
130 133 132
131 134 133
132 133 135
135 133 134
135 134 136
132 135 137
138 135 136
139 137 135
138 139 135
140 137 139
139 138 141
140 139 142
139 141 142
142 143 140
141 144 142
144 143 142
145 146 147
145 148 146
148 149 146
148 150 149
148 145 151
148 152 150
152 153 150
148 151 154
154 152 148
152 155 153
154 155 152
155 156 153
155 157 156
151 158 154
154 158 155
151 159 158
155 160 157
158 160 155
160 161 157
162 158 159
158 162 160
162 159 163
162 164 160
160 164 161
165 162 163
162 165 164
165 163 166
167 165 166
164 165 168
167 168 165
169 164 168
161 164 169
167 169 168
169 170 161
161 170 171
167 172 169
172 170 169
167 173 172
172 174 170
173 174 172
170 174 171
173 175 174
171 174 175
171 175 176
177 178 179
179 178 180
180 181 179
180 182 181
182 180 183
184 181 182
184 182 185
185 182 183
186 184 185
187 184 186
185 183 188
189 186 185
185 188 189
188 183 190
190 183 191
191 192 190
191 193 192
194 192 193
194 193 195
195 196 194
195 197 196
192 194 198
196 198 194
190 192 199
192 198 199
188 190 200
190 199 200
197 201 196
197 202 201
189 188 203
188 200 203
196 204 198
204 196 201
202 205 201
202 206 205
206 207 205
206 208 207
207 208 209
207 209 210
210 209 211
205 207 212
210 212 207
201 205 213
205 212 213
211 214 210
211 215 214
204 201 216
201 213 216
210 217 212
217 210 214
214 215 218
218 215 219
220 218 219
220 221 218
222 221 220
223 214 218
223 218 221
222 224 221
224 223 221
224 222 225
217 214 226
223 226 214
227 212 217
226 227 217
224 225 228
225 229 228
224 230 223
228 230 224
227 231 212
213 212 231
223 232 226
232 223 230
213 231 233
216 213 233
216 233 234
234 204 216
234 235 204
235 198 204
235 236 198
236 199 198
236 237 199
200 199 237
200 237 238
203 200 238
233 231 239
240 234 233
233 239 240
235 234 241
240 241 234
236 235 242
235 241 242
243 237 236
236 242 243
243 244 237
238 237 244
245 243 242
245 244 243
241 246 242
245 242 246
240 247 241
241 247 246
248 239 231
248 231 227
240 249 247
239 249 240
248 227 250
226 250 227
226 251 250
226 232 251
248 250 252
252 250 251
232 253 251
232 230 253
251 254 252
251 253 254
255 253 230
255 230 228
253 256 254
256 253 255
228 257 255
228 229 257
255 258 256
255 257 258
229 259 257
229 260 259
257 261 258
257 259 261
262 259 260
262 260 263
263 264 262
263 265 264
266 264 265
267 259 262
261 259 267
267 262 268
268 262 264
269 261 267
269 267 268
270 258 261
269 270 261
266 271 264
272 271 266
270 273 258
256 258 273
272 274 271
275 274 272
256 273 276
254 256 276
276 277 254
252 254 277
278 270 269
279 273 270
278 279 270
276 273 280
279 280 273
281 277 276
276 280 281
278 269 282
269 268 282
282 268 283
268 264 283
264 284 283
271 284 264
282 283 285
285 283 284
278 282 286
285 286 282
279 278 287
280 279 288
279 287 288
281 280 289
280 288 289
278 286 290
278 290 287
271 291 284
285 284 292
292 284 291
285 293 286
292 293 285
271 294 291
294 271 274
286 293 295
286 295 290
292 296 293
296 295 293
292 291 297
297 291 294
297 296 292
298 287 290
290 295 299
290 299 298
296 300 295
299 295 300
297 301 296
301 300 296
297 294 302
302 301 297
294 274 303
303 302 294
303 274 304
275 304 274
303 304 305
305 306 303
303 306 302
305 307 306
302 308 301
306 308 302
301 309 300
308 309 301
307 310 306
307 311 310
310 311 312
306 313 308
313 306 310
310 312 314
314 312 315
309 316 300
299 300 316
317 299 316
308 318 309
313 318 308
309 319 316
317 316 319
318 319 309
313 310 320
320 310 314
314 315 321
321 315 322
313 323 318
320 323 313
318 324 319
323 324 318
320 314 325
325 314 321
321 322 326
326 322 327
320 328 323
328 320 325
325 321 329
329 321 326
326 327 330
331 330 327
324 332 319
317 319 332
323 333 324
333 323 328
328 325 334
334 325 329
329 326 335
335 326 330
331 336 330
336 331 337
333 328 338
338 328 334
334 329 339
339 329 335
335 330 340
340 330 336
336 337 341
342 341 337
338 334 343
339 343 334
340 344 335
339 335 344
340 336 345
341 345 336
340 346 344
346 340 345
342 347 341
341 348 345
341 347 348
347 342 349
342 350 349
350 351 349
352 347 349
347 352 348
353 345 348
346 345 353
354 349 351
354 352 349
355 348 352
353 348 355
351 356 354
357 356 351
358 356 357
354 356 358
358 357 359
360 358 359
361 352 354
355 352 361
360 362 358
362 360 363
354 358 364
364 361 354
364 358 362
364 362 365
361 364 365
366 362 363
365 362 366
361 367 355
361 365 368
361 368 367
365 366 369
369 368 365
370 355 367
370 353 355
353 370 371
353 371 346
346 371 372
346 372 344
344 372 373
344 373 339
374 339 373
339 374 343
368 375 367
376 370 367
376 367 375
377 371 370
377 370 376
378 372 371
378 371 377
372 379 373
372 378 379
374 373 380
380 373 379
368 381 375
369 381 368
376 382 377
377 383 378
377 382 383
384 379 378
384 378 383
380 379 385
385 379 384
375 386 376
376 386 382
387 374 380
387 380 385
388 375 381
375 388 386
389 383 382
390 382 386
390 389 382
391 384 383
389 391 383
386 388 392
386 392 390
393 389 390
393 394 389
394 391 389
390 395 393
390 392 395
394 396 391
397 395 392
396 398 391
391 398 384
396 399 398
388 400 392
397 392 400
398 401 384
385 384 401
399 402 398
398 402 401
399 403 402
401 404 385
387 385 404
402 405 401
401 405 404
403 406 402
402 406 405
388 407 400
388 381 407
403 408 406
409 408 403
407 381 410
410 381 369
409 411 408
412 411 409
412 413 411
413 412 414
406 415 405
406 416 415
416 406 408
415 417 405
416 408 418
418 408 411
418 411 419
419 411 413
405 417 404
404 417 420
419 413 421
422 404 420
421 413 423
422 387 404
423 413 424
413 414 424
423 424 425
422 426 387
422 427 426
387 426 374
426 427 428
374 426 429
426 428 429
374 429 343
424 414 430
431 430 414
425 424 432
424 430 432
429 428 433
428 434 433
433 434 435
436 343 429
429 433 436
436 338 343
338 436 437
338 437 333
433 438 436
436 439 437
440 333 437
439 440 437
440 324 333
439 441 440
433 442 438
433 435 442
442 443 438
444 324 440
441 444 440
441 445 444
324 444 332
446 444 445
435 447 442
442 447 443
448 443 447
435 449 447
332 444 450
450 444 446
450 446 451
451 452 450
317 332 450
448 447 453
447 449 453
453 454 448
450 452 455
317 450 455
452 456 455
456 317 455
457 453 449
457 454 453
458 454 457
457 449 459
457 460 458
456 461 317
317 461 299
462 461 456
461 298 299
463 457 459
457 463 460
463 459 464
463 465 460
464 466 463
463 466 465
466 462 465
464 467 466
467 468 466
468 462 466
467 469 468
461 470 298
470 461 462
471 468 469
471 469 472
473 462 468
470 462 473
470 474 298
298 474 287
474 288 287
468 475 473
468 471 475
476 470 473
470 476 474
476 473 475
474 477 288
476 477 474
477 289 288
472 478 471
472 479 478
480 475 471
480 471 478
481 476 475
476 481 477
481 475 480
477 482 289
481 482 477
482 281 289
483 478 479
483 479 484
483 484 485
485 486 483
487 480 478
487 478 483
488 481 480
481 488 482
488 480 487
482 489 281
488 489 482
277 281 489
490 483 486
490 487 483
487 491 488
488 491 489
487 490 491
277 489 492
492 489 491
252 277 492
492 491 493
493 491 490
252 492 494
494 492 493
494 248 252
495 490 486
496 495 486
496 497 495
495 498 490
493 490 498
498 495 499
499 493 498
499 495 497
497 500 499
499 501 493
494 493 501
502 501 499
502 494 501
502 499 500
494 503 248
502 503 494
503 502 500
503 239 248
503 504 239
503 500 504
239 504 249
249 504 500
505 500 497
505 497 506
507 249 500
500 505 507
249 507 247
507 508 247
508 507 505
247 508 246
506 509 505
505 509 508
506 510 509
508 511 246
511 508 509
510 512 509
512 511 509
510 513 512
246 511 430
430 245 246
511 432 430
511 512 432
431 245 430
245 431 244
513 514 512
514 432 512
513 515 514
425 432 514
425 514 515
516 244 431
238 244 516
516 431 517
518 238 516
203 238 518
517 519 516
518 516 519
517 520 519
521 203 518
189 203 521
520 522 519
520 523 522
519 524 518
521 518 524
519 522 524
521 525 189
525 521 524
526 522 523
526 523 527
522 528 524
525 524 528
522 526 528
525 529 189
189 529 186
530 526 527
530 527 531
532 528 526
532 526 530
533 525 528
525 533 529
533 528 532
534 186 529
187 186 534
531 535 530
531 536 535
537 532 530
537 530 535
534 529 538
533 538 529
187 534 539
538 539 534
187 539 540
536 541 535
536 542 541
543 533 532
543 532 537
544 538 533
538 544 539
544 533 543
539 545 540
544 545 539
546 537 535
546 535 541
547 541 542
547 542 548
549 544 543
544 549 545
540 545 550
549 550 545
540 550 551
537 552 543
549 543 552
537 546 552
553 546 541
553 541 547
554 547 548
554 548 555
549 556 550
556 549 552
557 551 550
556 557 550
557 558 551
546 559 552
546 553 559
556 552 559
547 560 553
547 554 560
553 561 559
556 559 561
553 560 561
555 562 554
555 563 562
556 564 557
564 556 561
558 557 565
565 557 564
558 565 566
554 567 560
554 562 567
563 568 562
563 569 568
570 561 560
570 560 567
564 561 571
571 561 570
562 572 567
562 568 572
573 570 567
570 573 571
573 567 572
574 568 569
575 574 569
568 576 572
568 574 576
572 577 573
572 576 577
574 575 578
575 579 578
580 576 574
578 580 574
581 578 579
582 581 579
581 582 583
584 578 581
584 580 578
585 576 580
585 577 576
586 573 577
573 586 571
581 583 587
587 584 581
587 588 584
580 584 589
588 589 584
580 589 585
588 590 589
591 589 590
591 592 589
585 589 592
591 593 592
577 585 594
594 586 577
595 592 593
596 595 593
585 592 597
585 597 594
597 592 595
594 597 598
598 586 594
597 595 598
596 599 595
595 599 598
599 596 600
601 599 600
601 602 599
598 599 602
566 602 601
566 565 602
598 603 586
602 603 598
565 603 602
603 571 586
565 604 603
603 604 571
565 564 604
604 564 571
605 606 607
607 606 608
607 608 609
608 610 609
608 611 610
610 611 612
610 612 613
613 612 614
613 614 615
615 614 616
615 616 617
618 617 616
618 616 619
620 618 619
620 619 621
622 620 621
622 621 623
624 622 623
624 623 625
626 624 625
626 625 627
627 628 626
628 629 630
628 631 629
632 629 631
632 633 629
634 633 632
634 635 633
636 635 634
636 637 635
638 639 640
638 640 641
638 641 642
638 642 643
641 640 644
644 640 645
643 642 646
643 646 647
647 648 643
647 649 648
647 650 649
641 651 642
641 644 652
641 652 651
642 653 646
642 651 653
647 646 654
647 655 650
647 654 655
650 655 656
650 656 657
655 658 656
655 654 658
657 656 659
659 656 658
657 659 660
661 660 659
646 662 654
646 653 662
661 659 663
659 658 663
654 664 658
654 662 664
661 663 665
666 661 665
667 666 665
658 668 663
658 664 668
665 669 667
670 667 669
663 671 665
663 668 671
665 672 669
665 671 672
653 673 662
662 674 664
662 673 674
673 675 674
676 675 673
653 676 673
674 675 677
664 674 677
664 677 668
651 676 653
668 677 678
668 678 671
677 675 678
651 679 676
679 675 676
679 651 652
671 678 680
671 680 672
678 675 680
679 652 681
681 675 679
681 652 644
672 680 682
680 675 682
683 675 681
681 644 683
682 675 684
685 675 683
672 682 686
686 682 684
669 672 686
683 644 687
683 687 685
644 645 687
645 688 687
688 685 687
645 689 688
669 686 690
670 669 690
686 684 691
690 686 691
670 690 692
690 691 692
670 692 693
688 694 685
694 675 685
689 695 688
695 694 688
689 696 695
697 691 684
684 675 697
693 692 698
693 698 699
699 698 700
692 691 701
697 701 691
692 701 698
702 700 698
702 698 701
703 700 702
704 701 697
704 702 701
697 675 704
703 702 705
704 705 702
705 706 703
704 675 707
704 707 705
705 708 706
709 706 708
705 707 710
707 675 710
705 710 708
710 675 711
708 710 711
711 675 712
712 675 713
708 711 714
709 708 714
714 711 712
715 709 714
714 712 715
715 712 713
715 716 709
717 716 715
717 715 718
715 713 718
719 717 718
718 713 720
713 675 720
719 718 721
718 720 721
722 719 721
721 720 723
720 675 723
722 721 724
721 723 724
725 722 724
725 724 726
723 726 724
727 725 726
723 728 726
675 728 723
727 726 729
726 728 729
730 727 729
730 729 731
728 731 729
732 730 731
728 675 733
728 733 731
732 731 734
696 732 734
696 734 695
731 733 735
733 675 735
731 735 734
734 736 695
734 735 736
735 675 736
695 736 694
736 675 694
737 738 739
740 739 738
740 741 739
741 740 742
741 742 743
743 742 744
743 744 745
745 744 746
745 746 747
746 748 747
746 749 748
748 749 750
751 752 753
752 754 753
752 755 754
756 754 755
756 755 757
757 758 756
757 759 758
760 758 759
760 759 761
761 762 760
761 763 762
763 764 762
763 765 764
764 765 766
767 768 769
768 770 769
770 768 771
770 771 772
771 768 773
772 771 774
771 773 774
772 774 775
773 776 774
776 775 774
776 777 775
773 778 776
779 777 776
780 776 778
779 776 780
781 780 778
780 782 779
781 783 780
780 783 782
783 781 784
782 783 785
785 783 784
786 787 788
786 788 789
789 788 790
789 790 791
789 792 786
789 791 793
793 791 794
789 795 792
795 789 793
793 794 796
795 793 796
796 794 797
796 797 798
792 795 799
795 796 799
792 799 800
796 798 801
799 796 801
801 798 802
803 800 799
799 801 803
803 804 800
803 801 805
801 802 805
806 804 803
803 805 806
806 807 804
808 807 806
805 809 806
808 806 809
810 809 805
802 810 805
808 809 810
810 802 811
802 812 811
808 810 813
813 810 811
808 813 814
813 811 815
814 813 815
811 812 815
814 815 816
812 816 815
812 817 816
818 819 820
819 821 820
821 819 822
821 822 823
823 824 821
825 823 822
825 826 823
826 824 823
827 826 825
828 827 825
826 829 824
830 826 827
826 830 829
829 831 824
831 832 824
832 831 833
832 833 834
835 834 833
835 836 834
836 835 837
836 837 838
833 839 835
837 835 839
831 840 833
833 840 839
829 841 831
831 841 840
838 837 842
838 842 843
830 844 829
829 844 841
837 839 845
845 842 837
843 842 846
843 846 847
847 846 848
847 848 849
848 850 849
848 851 850
851 852 850
846 853 848
851 848 853
842 854 846
846 854 853
852 851 855
852 855 856
845 857 842
842 857 854
851 853 858
858 855 851
855 859 856
859 860 856
861 860 859
861 859 862
863 861 862
864 859 855
864 862 859
863 862 865
865 862 864
865 866 863
858 867 855
864 855 867
868 858 853
867 858 868
854 869 853
868 853 869
865 870 866
866 870 871
865 864 872
870 865 872
864 867 873
873 872 864
854 874 869
857 874 854
857 875 874
875 857 845
875 845 876
876 845 839
876 839 877
877 839 840
877 840 878
841 878 840
841 879 878
844 879 841
874 880 869
881 874 875
874 881 880
876 882 875
881 875 882
877 883 876
876 883 882
884 877 878
877 884 883
884 878 885
879 885 878
886 883 884
886 884 885
882 883 887
886 887 883
881 882 888
882 887 888
889 869 880
889 868 869
881 888 890
880 881 890
889 891 868
867 868 891
867 891 892
867 892 873
889 893 891
893 892 891
873 892 894
873 894 872
892 893 895
892 895 894
896 872 894
896 870 872
894 895 897
897 896 894
870 896 898
870 898 871
896 897 899
896 899 898
871 898 900
871 900 901
898 899 902
898 902 900
903 901 900
903 904 901
904 903 905
904 905 906
907 906 905
908 903 900
902 908 900
908 909 903
909 905 903
910 908 902
910 909 908
911 902 899
910 902 911
907 905 912
913 907 912
911 899 914
897 914 899
913 912 915
275 913 915
275 915 916
917 916 915
917 918 916
897 919 914
895 919 897
920 915 912
920 917 915
918 917 921
918 921 922
919 895 923
893 923 895
917 920 924
917 924 921
922 921 925
922 925 926
925 927 926
925 928 927
928 929 927
928 930 929
930 931 929
930 932 931
932 933 931
932 934 933
935 933 934
935 934 936
936 937 935
936 938 937
939 937 938
940 928 925
941 930 928
940 941 928
942 932 930
941 942 930
943 934 932
942 943 932
944 936 934
943 944 934
938 936 945
944 945 936
946 940 925
946 925 921
921 947 946
921 924 947
948 942 941
949 943 942
948 949 942
944 943 950
949 950 943
951 941 940
951 948 941
940 946 952
940 952 951
946 947 953
946 953 952
944 950 954
954 945 944
924 955 947
947 956 953
947 955 956
924 957 955
957 924 920
957 920 958
912 958 920
912 959 958
912 905 959
960 957 958
960 958 959
957 961 955
957 960 961
905 962 959
909 962 905
963 960 959
963 959 962
964 962 909
964 963 962
910 964 909
960 963 965
960 965 961
955 961 966
955 966 956
967 964 910
967 910 911
963 964 968
963 968 965
967 968 964
961 965 969
968 969 965
961 969 966
968 970 969
967 970 968
967 911 971
971 911 914
972 966 969
970 972 969
956 966 973
972 973 966
967 974 970
971 974 967
971 914 975
919 975 914
956 973 976
953 956 976
970 977 972
977 970 974
971 978 974
975 978 971
919 979 975
979 919 923
980 973 972
980 976 973
953 976 981
952 953 981
977 974 982
982 974 978
975 983 978
979 983 975
984 972 977
980 972 984
985 978 983
982 978 985
986 983 979
985 983 986
987 977 982
984 977 987
988 982 985
987 982 988
986 979 989
923 989 979
990 985 986
988 985 990
923 991 989
893 991 923
992 986 989
990 986 992
893 993 991
993 893 889
991 994 989
992 989 994
993 889 995
995 889 880
991 996 994
993 996 991
995 880 997
995 997 998
880 890 997
890 998 997
999 993 995
995 998 999
999 1000 993
993 1000 996
999 1001 1000
999 998 1001
1001 996 1000
1002 998 890
890 888 1002
1002 888 1003
888 887 1003
998 1002 1004
1003 1004 1002
1005 1001 998
1004 1005 998
1004 1006 1005
1006 1004 1007
1004 1003 1007
1006 1007 1008
1003 887 1009
1009 1007 1003
1008 1007 1010
1010 1007 1009
1008 1010 1011
1001 1005 1012
1013 1012 1005
887 1014 1009
1014 887 886
1009 1015 1010
1009 1014 1015
1011 1010 1016
1016 1010 1015
1011 1016 1017
1018 1017 1016
1018 1016 1015
1018 1015 1019
1019 1015 1014
1020 1018 1019
1021 1014 886
886 885 1021
1020 1019 1022
1023 1020 1022
1024 1023 1022
1019 1014 1025
1021 1025 1014
1022 1019 1025
1022 1025 1026
1027 1021 885
879 1027 885
1027 1028 1021
1024 1022 1029
1026 1029 1022
1030 1024 1029
1026 1031 1029
1030 1029 1032
1031 1032 1029
1033 1030 1032
1031 1034 1032
1033 1032 1035
1034 1035 1032
1035 1036 1033
1037 1027 879
844 1037 879
1034 1038 1035
1039 1038 1034
1035 1040 1036
1038 1040 1035
1036 1040 1041
1039 1042 1038
1043 1042 1039
1038 1044 1040
1042 1044 1038
1040 1045 1041
1044 1045 1040
1045 1046 1041
1047 1046 1045
1043 1048 1042
1049 1048 1043
1042 1050 1044
1048 1050 1042
1044 1051 1045
1051 1044 1050
1047 1045 1052
1052 1045 1051
1049 1053 1048
1054 1053 1049
1048 1055 1050
1053 1055 1048
1054 1056 1053
1056 1054 1057
1047 1052 1058
1047 1058 1059
1058 1060 1059
1053 1061 1055
1056 1061 1053
1056 1057 1062
1063 1062 1057
1056 1064 1061
1064 1056 1062
1050 1055 1065
1066 1055 1061
1066 1065 1055
1067 1061 1064
1067 1066 1061
1050 1065 1068
1051 1050 1068
1069 1051 1068
1052 1051 1069
1052 1069 1070
1052 1070 1058
1069 1068 1071
1070 1069 1071
1072 1068 1065
1072 1071 1068
1065 1066 1073
1065 1073 1072
1066 1067 1074
1066 1074 1073
1070 1075 1058
1058 1075 1060
1075 1076 1060
1060 1076 1077
1076 1078 1077
950 1071 1072
954 950 1072
954 1072 1073
950 949 1071
1070 1071 949
1079 954 1073
1079 1073 1074
954 1079 945
949 1080 1070
1070 1080 1075
949 948 1080
1079 1081 945
938 945 1081
1074 1082 1079
1079 1082 1081
1083 1075 1080
1075 1083 1076
1084 1080 948
1083 1080 1084
1084 948 951
938 1081 1085
939 938 1085
1086 1084 951
1086 951 952
952 981 1086
1084 1087 1083
1084 1086 1087
1076 1083 1088
1083 1087 1089
1090 1087 1086
1089 1087 1090
1090 1086 981
1089 1090 1091
1076 1088 1092
1076 1092 1078
1092 1088 1093
1091 1090 1094
1094 1090 981
1091 1094 1095
1096 1095 1094
1078 1092 1097
1092 1093 1097
1098 1097 1093
1078 1097 1099
1098 1100 1097
1097 1100 1099
1100 1098 1101
1102 1099 1100
1102 1100 1101
1103 1102 1101
1102 1104 1099
1102 1103 1105
1106 1104 1102
1102 1105 1106
1106 1107 1104
1106 1105 1108
1107 1106 1109
1106 1108 1109
1107 1109 1110
1109 1108 1111
1110 1109 1112
1112 1109 1111
1110 1112 1113
1114 1113 1112
1114 1115 1113
1115 1114 1116
1115 1116 1117
1118 1117 1116
1118 1119 1117
1118 1013 1119
1013 1118 1120
1013 1120 1012
1012 1120 1121
1121 1120 1122
1123 1122 1116
1121 1122 1123
1124 1116 1114
1123 1116 1124
1112 1125 1114
1124 1114 1125
1012 1121 1126
1126 1001 1012
1001 1126 996
996 1126 1121
996 1121 994
1123 994 1121
1123 992 994
992 1123 1124
992 1124 990
990 1124 1125
990 1125 988
1112 1127 1125
988 1125 1127
988 1127 987
1127 1112 1111
987 1127 1111
987 1111 984
1111 1128 984
1129 984 1128
1130 1129 1128
1129 980 984
1129 1130 1131
980 1129 1131
1132 1131 1130
1131 1132 1096
1131 1096 1094
980 1131 1133
1133 1131 1094
980 1133 976
981 1133 1094
981 976 1133
1134 1135 1136
1135 1137 1136
1135 1138 1137
1137 1138 1139
1137 1139 1140
1139 1141 1140
1139 1142 1141
1142 1143 1141
1142 1144 1143
1144 1145 1143
1144 1146 1145
1147 1145 1146
1147 1148 1145
1149 1148 1147
1149 1150 1148
1151 1150 1149
1151 1152 1150
1153 1152 1151
1153 1151 1154
1155 1153 1154
1155 1156 1153
1156 1155 1157
1157 1155 1158
1157 1158 1159
1160 1159 1158
1160 1158 1161
1162 1160 1161
1162 1161 1163
1164 1162 1163
1164 1163 1165
1166 1167 1168
1166 1169 1167
1166 1170 1169
1166 1171 1170
1169 1172 1167
1172 1173 1167
1171 1174 1170
1171 1175 1174
1175 1171 1176
1175 1176 1177
1175 1177 1178
1169 1170 1179
1169 1180 1172
1169 1179 1180
1170 1174 1181
1170 1181 1179
1175 1182 1174
1175 1178 1183
1175 1183 1182
1178 1184 1183
1178 1185 1184
1183 1184 1186
1183 1186 1182
1185 1187 1184
1187 1186 1184
1185 1188 1187
1189 1187 1188
1174 1182 1190
1174 1190 1181
1189 1191 1187
1187 1191 1186
1182 1186 1192
1182 1192 1190
1189 1193 1191
1193 1189 1194
1186 1191 1195
1186 1195 1192
1194 1196 1193
1194 1197 1196
1198 1196 1197
1191 1193 1199
1191 1199 1195
1193 1196 1200
1193 1200 1199
1181 1190 1201
1190 1192 1202
1190 1202 1201
1201 1202 1203
1204 1201 1203
1181 1201 1204
1202 1205 1203
1192 1205 1202
1192 1195 1205
1179 1181 1204
1195 1206 1205
1195 1199 1206
1205 1206 1203
1179 1204 1207
1207 1204 1203
1207 1180 1179
1199 1208 1206
1199 1200 1208
1206 1208 1203
1207 1209 1180
1209 1207 1203
1209 1172 1180
1200 1210 1208
1208 1210 1203
1211 1209 1203
1209 1211 1172
1210 1212 1203
1213 1211 1203
1200 1214 1210
1214 1212 1210
1196 1214 1200
1211 1215 1172
1211 1213 1215
1172 1215 1173
1173 1215 1216
1216 1215 1213
1173 1216 1217
1196 1218 1214
1198 1218 1196
1214 1219 1212
1218 1219 1214
1198 1220 1218
1218 1220 1219
1198 1221 1220
1216 1213 1222
1222 1213 1203
1217 1216 1223
1223 1216 1222
1217 1223 1224
1225 1212 1219
1212 1225 1203
1221 1226 1220
1221 1227 1226
1227 1228 1226
1220 1229 1219
1225 1219 1229
1220 1226 1229
1230 1226 1228
1230 1229 1226
1231 1230 1228
1232 1225 1229
1232 1229 1230
1225 1232 1203
1231 1233 1230
1232 1230 1233
1233 1231 1234
1232 1235 1203
1232 1233 1235
1233 1234 1236
1237 1236 1234
1233 1238 1235
1235 1238 1203
1233 1236 1238
1238 1239 1203
1236 1239 1238
1239 1240 1203
1240 1241 1203
1236 1242 1239
1237 1242 1236
1242 1240 1239
1243 1242 1237
1242 1243 1240
1243 1241 1240
1243 1237 1244
1245 1243 1244
1245 1246 1243
1243 1246 1241
1247 1246 1245
1246 1248 1241
1241 1248 1203
1247 1249 1246
1246 1249 1248
1250 1249 1247
1249 1251 1248
1248 1251 1203
1250 1252 1249
1249 1252 1251
1253 1252 1250
1252 1254 1251
1251 1254 1203
1253 1255 1252
1252 1255 1254
1256 1255 1253
1255 1256 1254
1256 1253 1257
1258 1256 1257
1256 1259 1254
1254 1259 1203
1258 1260 1256
1256 1260 1259
1261 1260 1258
1259 1262 1203
1260 1262 1259
1261 1263 1260
1260 1263 1262
1224 1263 1261
1224 1223 1263
1262 1264 1203
1263 1264 1262
1263 1223 1264
1264 1222 1203
1223 1222 1264
1265 1266 1267
1268 1267 1266
1268 1266 1269
1269 1270 1268
1269 1271 1270
1271 1272 1270
1271 1273 1272
1273 1274 1272
1273 1275 1274
1274 1275 1276
1274 1276 1277
1276 1278 1277
1279 1280 1281
1281 1280 1282
1281 1282 1283
1284 1283 1282
1284 1285 1283
1285 1284 1286
1285 1286 1287
1288 1287 1286
1288 1289 1287
1289 1288 1290
1289 1290 1291
1291 1290 1292
1291 1292 1293
1292 1294 1293
1295 1296 1297
1295 1298 1296
1298 1295 1299
1298 1300 1296
1298 1299 1301
1301 1299 1302
1298 1303 1300
1303 1298 1301
1303 1304 1300
1301 1302 1305
1306 1305 1302
1303 1301 1307
1307 1301 1305
1303 1308 1304
1303 1307 1308
1309 1304 1308
1309 1308 1310
1310 1308 1307
1311 1309 1310
1310 1307 1312
1312 1307 1305
1311 1310 1313
1313 1310 1312
1313 1314 1311
1306 1315 1305
1315 1306 1316
1312 1305 1317
1315 1317 1305
1313 1312 1318
1317 1318 1312
1313 1319 1314
1319 1313 1318
1319 1320 1314
1319 1321 1320
1318 1321 1319
1322 1320 1321
1317 1323 1318
1323 1317 1315
1322 1321 1324
1325 1322 1324
1318 1326 1321
1323 1326 1318
1326 1324 1321
1325 1324 1327
1327 1328 1325
1326 1329 1324
1329 1327 1324
1323 1330 1326
1329 1326 1330
1323 1315 1331
1331 1330 1323
1327 1332 1328
1332 1333 1328
1329 1334 1327
1334 1332 1327
1331 1315 1335
1315 1316 1335
1331 1336 1330
1336 1331 1335
1329 1330 1337
1334 1329 1337
1336 1337 1330
1334 1338 1332
1338 1334 1337
1332 1339 1333
1338 1339 1332
1335 1316 1340
1341 1340 1316
1341 1342 1340
1343 1340 1342
1343 1344 1340
1335 1340 1344
1341 1345 1342
1336 1335 1346
1344 1346 1335
1336 1347 1337
1346 1347 1336
1338 1337 1348
1347 1348 1337
1338 1349 1339
1348 1349 1338
1344 1350 1346
1346 1351 1347
1346 1350 1351
1347 1352 1348
1352 1347 1351
1353 1348 1352
1348 1353 1349
1354 1352 1351
1351 1350 1354
1353 1352 1354
1353 1354 1350
1355 1350 1344
1353 1350 1355
1349 1353 1355
1355 1344 1343
1339 1349 1356
1349 1355 1356
1339 1356 1357
1357 1333 1339
1357 1358 1333
1358 1357 1359
1358 1359 1360
1356 1355 1361
1355 1343 1361
1362 1356 1361
1362 1361 1359
1360 1359 1363
1360 1363 1364
1359 1361 1365
1343 1365 1361
1359 1365 1363
1364 1363 1366
1364 1366 1367
1363 1365 1368
1343 1368 1365
1363 1368 1366
1369 1367 1366
1369 1370 1367
1366 1368 1371
1343 1371 1368
1366 1371 1369
1371 1343 1372
1369 1371 1372
1343 1342 1372
1370 1369 1373
1369 1372 1373
1370 1373 1374
1373 1372 1375
1342 1375 1372
1374 1373 1376
1373 1375 1376
1374 1376 1377
1342 1378 1375
1378 1376 1375
1379 1377 1376
1378 1379 1376
1379 1380 1377
1378 1342 1381
1379 1378 1381
1381 1342 1345
1380 1379 1382
1379 1381 1382
1380 1382 1383
1381 1345 1384
1384 1382 1381
1345 1385 1384
1386 1383 1382
1384 1386 1382
1385 1386 1384
1386 1387 1383
1385 1388 1386
1388 1387 1386
1388 1389 1387
1390 1391 1392
1390 1393 1391
1393 1390 1394
1393 1394 1395
1395 1394 1396
1395 1396 1397
1397 1396 1398
1397 1398 1399
1394 1390 1400
1390 1401 1400
1402 1401 1390
1402 1403 1401
1404 1401 1403
1394 1405 1396
1394 1400 1405
1406 1398 1396
1406 1396 1405
1407 1401 1404
1404 1408 1407
1407 1408 1409
1408 583 1409
1399 1398 1410
1411 1398 1406
1411 1410 1398
1412 1406 1405
1411 1406 1412
1413 1405 1400
1412 1405 1413
1401 1414 1400
1413 1400 1414
1414 1401 1415
1401 1407 1415
1414 1416 1413
1414 1415 1416
1413 1417 1412
1413 1416 1417
1399 1410 1418
1419 1399 1418
1411 1412 1420
1417 1420 1412
1419 1418 1421
1421 1422 1419
1421 1423 1422
1424 1422 1423
1424 1423 1425
1426 1424 1425
1427 1423 1421
1427 1425 1423
1427 1421 1428
1429 1428 1421
1429 1421 1418
1430 1429 1418
1430 1418 1410
1431 1430 1410
1431 1410 1411
1432 1431 1411
1432 1411 1420
1427 1433 1425
1434 1432 1420
1433 1435 1425
1433 1436 1435
1426 1425 1435
1434 1420 1437
1417 1437 1420
1436 1438 1435
1436 1439 1438
1440 1426 1435
1440 1435 1438
1439 1441 1438
1439 1442 1441
1443 1441 1442
1434 1437 1444
1434 1444 1445
1446 1445 1444
1447 1437 1417
1416 1447 1417
1444 1437 1448
1447 1448 1437
1446 1444 1449
1449 1444 1448
1450 1438 1441
1450 1440 1438
1443 1451 1441
1452 1451 1443
1416 1453 1447
1415 1453 1416
1415 1454 1453
1407 1454 1415
1455 1447 1453
1455 1453 1454
1456 1454 1407
1455 1454 1456
1407 1409 1456
1455 1457 1447
1457 1448 1447
1456 1458 1455
1458 1457 1455
1409 1459 1456
1456 1459 1458
1457 1460 1448
1449 1448 1460
1460 1457 1461
1458 1461 1457
1458 1462 1461
1460 1461 1463
1449 1460 1463
1463 1461 1462
1449 1463 1464
1446 1449 1464
1446 1464 1465
1466 1464 1463
1463 1462 1466
1465 1464 1467
1466 1467 1464
1465 1467 1468
1469 1468 1467
1469 1467 1470
1466 1470 1467
1471 1469 1470
1466 1472 1470
1472 1466 1462
1471 1470 1473
1473 1470 1472
1471 1473 1474
1471 1474 1475
1476 1475 1474
1473 1472 1477
1473 1478 1474
1473 1477 1478
1476 1474 1479
1474 1478 1479
1477 1472 1480
1472 1462 1480
1481 1478 1477
1477 1480 1481
1482 1480 1462
1482 1481 1480
1481 1483 1478
1483 1479 1478
1476 1479 1484
1476 1484 1485
1482 1462 1486
1458 1486 1462
1486 1458 1459
1487 1483 1481
1482 1487 1481
1483 1488 1479
1488 1484 1479
1485 1484 1489
1485 1489 1490
1488 1491 1484
1489 1484 1491
1490 1489 1492
1490 1492 1493
1493 1492 1494
1493 1494 1495
1495 1494 1496
1495 1496 1497
1498 1497 1496
1499 1488 1483
1500 1491 1488
1500 1488 1499
1499 1483 1501
1487 1501 1483
1489 1491 1502
1489 1503 1492
1489 1502 1503
1504 1494 1492
1504 1492 1503
1505 1494 1504
1505 1496 1494
1506 1504 1503
1496 1505 1507
1506 1503 1508
1502 1508 1503
1509 1506 1508
1491 1510 1502
1502 1510 1508
1491 1500 1510
1496 1507 1511
1498 1496 1511
1512 1511 1507
1509 1508 1513
1513 1508 1510
1514 1509 1513
1498 1511 1515
1512 1515 1511
1498 1515 1516
1517 1515 1512
1516 1515 1518
1517 1518 1515
1516 1518 1519
1500 1520 1510
1513 1510 1520
1514 1513 1521
1513 1520 1521
1521 1520 1522
1521 1523 1514
1521 1524 1523
1524 1521 1522
1524 1522 1525
1526 1525 1522
1500 1527 1520
1522 1520 1527
1527 1500 1499
1527 1499 1528
1527 1528 1522
1528 1499 1501
1529 1526 1522
1522 1528 1529
1526 1529 1530
1528 1501 1531
1529 1528 1531
1487 1531 1501
1487 1532 1531
1532 1529 1531
1532 1487 1482
1529 1533 1530
1529 1532 1533
1530 1533 583
1532 1482 1534
1533 1532 1534
1486 1534 1482
1533 1535 583
1535 1533 1534
1409 583 1535
1535 1459 1409
1486 1459 1536
1486 1536 1534
1536 1459 1535
1536 1535 1534
1537 1538 1539
1537 1540 1538
1541 1538 1540
1541 1540 1542
1542 1543 1541
1542 1544 1543
1545 1543 1544
1545 1544 1546
1547 1545 1546
1547 1548 1545
1548 1547 1549
1548 1549 1550
1550 1549 1551
1550 1551 1552
1553 1552 1551
1553 1554 1552
1555 1554 1553
1555 1556 1554
1556 1555 1557
1556 1557 1558
1559 1558 1557
1559 1560 1558
1561 1562 1563
1561 1564 1562
1564 1561 1565
1564 1565 1566
1565 1567 1566
1565 1568 1567
1568 1569 1567
1568 1570 1569
1570 1571 1569
1570 1572 1571
1573 1571 1572
1573 1572 1574
1575 1573 1574
1575 1574 1576
1577 1575 1576
1577 1576 1578
1578 1579 1577
1578 1580 1579
1581 1579 1580
1581 1580 1582
1582 1583 1581
1582 1584 1583
1585 1586 1587
1585 1588 1586
1589 1586 1588
1589 1588 1590
1590 1591 1589
1590 1592 1591
1592 1593 1591
1592 1594 1593
1594 1595 1593
1594 1596 1595
1596 1597 1595
1596 1598 1597
1598 1599 1597
1598 1600 1599
1601 1599 1600
1601 1600 1602
1602 1603 1601
1602 1604 1603
1604 1605 1603
1604 1606 1605
1607 1608 1609
1607 1610 1608
1611 1610 1607
1611 1607 1612
1613 1614 1615
1613 1615 1616
1616 1615 1617
1616 1617 1618
1618 1617 1619
1618 1619 1620
1621 1620 1619
1621 1622 1620
1622 1621 1623
1622 1623 1624
1624 1623 1625
1624 1625 1626
1626 1625 1627
1626 1627 1628
1628 1627 1629
1628 1629 1630
1631 1630 1629
1631 1632 1630
1633 1632 1631
1633 1634 1632
1635 1636 1637
1635 1637 1638
1639 1635 1638
1638 1637 1640
1639 1638 1641
1642 1639 1641
1638 1640 1643
1644 1643 1640
1643 1645 1638
1645 1641 1638
1643 1644 1646
1643 1646 1645
1647 1646 1644
1642 1641 1648
1648 1649 1642
1648 1650 1649
1651 1650 1648
1651 1652 1650
1653 1648 1641
1653 1651 1648
1654 1652 1651
1654 1651 1653
1654 1655 1652
1654 1656 1655
1654 1657 1656
1658 1657 1654
1654 1653 1658
1658 1659 1657
1660 1653 1641
1658 1653 1660
1645 1660 1641
1660 1645 1661
1658 1660 1661
1646 1661 1645
1662 1659 1658
1658 1661 1662
1662 1663 1659
1646 1664 1661
1662 1661 1664
1665 1663 1662
1662 1664 1665
1665 1666 1663
1664 1646 1667
1647 1667 1646
1667 1647 1668
1666 1665 1669
1666 1669 1670
1665 1664 1671
1664 1667 1671
1665 1671 1669
1667 1668 1672
1672 1671 1667
1673 1672 1668
1670 1669 1674
1670 1674 1675
1676 1669 1671
1672 1676 1671
1676 1674 1669
1673 1677 1672
1676 1672 1677
1677 1673 1678
1679 1675 1674
1679 1680 1675
1681 1674 1676
1676 1677 1681
1681 1679 1674
1677 1678 1682
1681 1677 1682
1682 1678 1683
1684 1680 1679
1684 1685 1680
1686 1679 1681
1681 1682 1686
1686 1684 1679
1682 1683 1687
1686 1682 1687
1688 1687 1683
1688 1689 1687
1686 1687 1690
1689 1690 1687
1690 1684 1686
1689 1691 1690
1692 1685 1684
1690 1692 1684
1691 1692 1690
1692 1693 1685
1691 1694 1692
1695 1693 1692
1695 1692 1694
1696 1697 1698
1696 1698 1699
1699 1700 1696
1699 1698 1701
1699 1702 1700
1702 1703 1700
1699 1701 1704
1704 1702 1699
1704 1701 1705
1702 1706 1703
1707 1703 1706
1704 1708 1702
1708 1706 1702
1704 1705 1709
1704 1709 1708
1710 1709 1705
1710 1711 1709
1711 1708 1709
1712 1711 1710
1711 1713 1708
1713 1706 1708
1712 1714 1711
1714 1713 1711
1714 1712 1715
1707 1706 1716
1716 1717 1707
1713 1718 1706
1716 1706 1718
1714 1719 1713
1718 1713 1719
1714 1715 1720
1720 1719 1714
1720 1715 1721
1720 1721 1722
1719 1720 1722
1723 1722 1721
1718 1719 1724
1724 1716 1718
1723 1725 1722
1726 1725 1723
1719 1722 1727
1724 1719 1727
1727 1722 1725
1726 1728 1725
1728 1726 1729
1727 1725 1730
1730 1725 1728
1724 1727 1731
1730 1731 1727
1724 1732 1716
1732 1724 1731
1728 1729 1733
1733 1729 1734
1730 1728 1735
1735 1728 1733
1732 1736 1716
1716 1736 1717
1732 1731 1737
1737 1736 1732
1730 1738 1731
1735 1738 1730
1737 1731 1738
1735 1733 1739
1739 1738 1735
1733 1734 1740
1739 1733 1740
1736 1741 1717
1742 1717 1741
1742 1741 1743
1744 1743 1741
1744 1741 1745
1736 1745 1741
1742 1743 1746
1737 1747 1736
1745 1736 1747
1737 1738 1748
1747 1737 1748
1739 1749 1738
1748 1738 1749
1739 1740 1750
1749 1739 1750
1745 1747 1751
1747 1748 1752
1747 1752 1751
1748 1749 1753
1753 1752 1748
1754 1753 1749
1749 1750 1754
1755 1752 1753
1752 1755 1751
1754 1755 1753
1754 1751 1755
1756 1745 1751
1754 1756 1751
1750 1756 1754
1756 1744 1745
1740 1757 1750
1750 1757 1756
1740 1758 1757
1758 1740 1734
1758 1734 1759
1759 1760 1758
1759 1761 1760
1757 1762 1756
1756 1762 1744
1763 1762 1757
1763 1764 1762
1761 1765 1764
1761 1766 1765
1764 1767 1762
1744 1762 1767
1764 1765 1767
1766 1768 1765
1766 1769 1768
1765 1770 1767
1744 1767 1770
1765 1768 1770
1771 1768 1769
1771 1769 1772
1768 1773 1770
1744 1770 1773
1768 1771 1773
1773 1774 1744
1771 1774 1773
1744 1774 1743
1772 1775 1771
1771 1775 1774
1772 1776 1775
1775 1777 1774
1743 1774 1777
1776 1778 1775
1775 1778 1777
1776 1779 1778
1743 1777 1780
1780 1777 1778
1781 1778 1779
1780 1778 1781
1781 1779 1782
1780 1783 1743
1781 1783 1780
1783 1746 1743
1782 1784 1781
1781 1784 1783
1782 1785 1784
1783 1786 1746
1786 1783 1784
1746 1786 1787
1788 1784 1785
1786 1784 1788
1787 1786 1788
1788 1785 1789
1787 1788 1790
1790 1788 1789
1790 1789 1791
1792 1793 1794
1792 1794 1795
1796 1795 1794
1796 1797 1795
1797 1796 1798
1797 1798 1799
1800 1799 1798
1800 1801 1799
1802 1801 1800
1802 1800 1803
1803 1804 1802
1803 1805 1804
1805 1806 1804
1805 1807 1806
1808 1806 1807
1808 1807 1809
1810 1808 1809
1810 1809 1811
1811 1812 1810
1811 1813 1812
1814 1812 1813
1814 1813 1815
1816 1817 1818
1816 1818 1819
1819 1820 1816
1819 1821 1820
1820 1821 1822
1820 1822 1823
1823 1822 1824
1823 1824 1825
1825 1824 1826
1825 1826 1827
1828 1827 1826
1828 1829 1827
1830 1829 1828
1830 1831 1829
1832 1831 1830
1832 1833 1831
1833 1832 1834
1833 1834 1835
1836 1835 1834
1836 1837 1835
1837 1836 1838
1837 1838 1839
1840 1841 1842
1840 1842 1843
1844 1840 1843
1844 1845 1840
1846 1847 1842
1846 1848 1847
1848 1849 1847
1848 1850 1849
1850 1851 1849
1850 1852 1851
1853 1851 1852
1853 1852 1854
1854 1855 1853
1854 1856 1855
1856 1857 1855
1856 1858 1857
1858 1859 1857
1858 1860 1859
1860 1861 1859
1860 1862 1861
1863 1861 1862
1863 1862 1864
1865 1863 1864
1865 1864 1866
1867 1868 1869
1867 1870 1868
1871 1870 1867
1871 1872 1870
1872 1871 1873
1872 1873 1874
1875 1874 1873
1875 1876 1874
1877 1876 1875
1877 1878 1876
1879 1878 1877
1879 1880 1878
1881 1880 1879
1881 1882 1880
1883 1882 1881
1883 1884 1882
1884 1883 1885
1884 1885 1886
1887 1886 1885
1887 1844 1886
1888 1889 1890
1888 1891 1889
1892 1891 1888
1891 1893 1889
1892 1894 1891
1895 1894 1892
1891 1896 1893
1897 1893 1896
1896 1891 1898
1898 1891 1894
1896 1899 1897
1896 1898 1899
1900 1897 1899
1895 1901 1894
1901 1895 1902
1901 1902 1903
1904 1901 1903
1904 1903 1905
1906 1894 1901
1906 1901 1904
1907 1904 1905
1907 1906 1904
1907 1905 1908
1907 1908 1909
1907 1909 1910
1911 1907 1910
1907 1911 1906
1911 1910 1912
1913 1894 1906
1911 1913 1906
1898 1894 1913
1913 1914 1898
1911 1914 1913
1899 1898 1914
1915 1911 1912
1911 1915 1914
1915 1912 1916
1899 1914 1917
1915 1917 1914
1918 1915 1916
1915 1918 1917
1918 1916 1919
1917 1920 1899
1900 1899 1920
1920 1921 1900
1919 1922 1918
1919 1923 1922
1918 1924 1917
1917 1924 1920
1918 1922 1924
1920 1925 1921
1925 1920 1924
1926 1921 1925
1923 1927 1922
1923 1928 1927
1929 1924 1922
1925 1924 1929
1929 1922 1927
1926 1925 1930
1929 1930 1925
1930 1931 1926
1932 1927 1928
1932 1928 1933
1934 1929 1927
1929 1934 1930
1934 1927 1932
1930 1935 1931
1934 1935 1930
1935 1936 1931
1937 1932 1933
1937 1933 1938
1939 1934 1932
1934 1939 1935
1939 1932 1937
1935 1940 1936
1939 1940 1935
1941 1936 1940
1941 1940 1942
1939 1943 1940
1942 1940 1943
1943 1939 1937
1942 1943 1944
1945 1937 1938
1943 1937 1945
1944 1943 1945
1945 1938 1946
1944 1945 1947
1948 1945 1946
1948 1947 1945
1949 1950 1951
1949 1952 1950
1953 1952 1949
1953 1949 1954
1953 1954 1955
1952 1956 1950
1952 1957 1956
1953 1957 1952
1957 1958 1956
1953 1955 1959
1960 1959 1955
1960 1955 1961
1962 1960 1961
1962 1961 1963
1964 1962 1963
1964 1965 1962
1962 1965 1966
1967 1960 1962
1962 1966 1967
1959 1960 1968
1967 1968 1960
1953 1959 1969
1959 1968 1969
1970 1967 1966
1970 1966 1971
1970 1971 1972
1967 1973 1968
1967 1970 1973
1970 1972 1974
1973 1970 1974
1973 1974 1975
1976 1973 1975
1977 1968 1973
1976 1977 1973
1977 1969 1968
1978 1977 1976
1978 1969 1977
1978 1976 1979
1980 1978 1979
1978 1981 1969
1953 1969 1981
1953 1981 1957
1978 1957 1981
1978 1982 1957
1980 1982 1978
1982 1958 1957
1980 1983 1982
1982 1983 1958
1980 1984 1983
1983 1985 1958
1986 1985 1983
1985 1987 1958
1986 1988 1985
1985 1950 1987
1950 1985 1988
1950 1988 1989
1990 1991 1992
1993 1991 1990
1993 1990 1994
1993 1994 1995
1993 1995 1996
1996 1995 1997
1997 1995 1998
1999 1997 1998
1998 2000 1999
1999 2000 2001
2000 2002 2001
2002 2003 2001
2002 2004 2003
2005 2003 2004
1999 2001 2006
2007 1999 2006
2007 2008 1999
2008 2007 2009
2009 2007 2010
2009 2010 2011
2012 2011 2010
2012 2013 2011
2014 2013 2012
2014 2012 2015
2016 2014 2015
2016 2015 2017
2015 2018 2017
2015 2012 2018
2018 2012 2010
2018 2010 2019
2019 2010 2007
2019 2007 2020
2021 2020 2007
2021 2007 2006
2006 2022 2021
2006 2001 2022
2001 2023 2022
2001 2003 2023
2003 2024 2023
2003 2025 2024
2005 2025 2003
2026 2024 2025
2026 2025 2005
2026 2027 2024
2026 2005 2028
2027 2026 2029
2028 2029 2026
2027 2029 2030
2028 2031 2029
2030 2029 2032
2032 2029 2031
2030 2032 2033
2032 2031 2034
2035 2033 2032
2034 2035 2032
2035 2036 2033
2034 2037 2035
2036 2035 2038
2038 2035 2037
2036 2038 2039
2038 2037 2040
2039 2038 2041
2040 2041 2038
2039 2041 2042
2040 2043 2041
2044 2042 2041
2043 2044 2041
2044 2045 2042
2043 2046 2044
2045 2044 2047
2047 2044 2046
2045 2047 2048
2047 2046 2049
2048 2047 2050
2050 2047 2049
2048 2050 2051
2050 2049 2052
2053 2051 2050
2052 2053 2050
2054 2051 2053
2052 2055 2053
2054 2053 2056
2056 2053 2055
2054 2056 2057
2056 2055 2058
2056 2058 2057
2059 2060 2061
2062 2059 2061
2062 2063 2059
2062 2064 2063
2062 2065 2064
2065 2066 2064
2066 2067 2064
2068 2067 2066
2067 2068 2069
2068 2070 2069
2069 2070 2071
2071 2070 2072
2071 2072 2073
2074 2073 2072
2068 2075 2070
2076 2075 2068
2076 2068 2077
2077 2078 2076
2078 2079 2076
2078 2080 2079
2081 2079 2080
2081 2080 2082
2083 2081 2082
2083 2084 2081
2085 2084 2083
2085 2086 2084
2084 2086 2087
2084 2087 2081
2087 2079 2081
2087 2088 2079
2088 2076 2079
2088 2089 2076
2090 2076 2089
2090 2075 2076
2075 2090 2091
2075 2091 2070
2070 2091 2092
2070 2092 2072
2072 2092 2093
2072 2093 2094
2074 2072 2094
2095 2094 2093
2095 2074 2094
2095 2093 2096
2095 2097 2074
2096 2098 2095
2097 2095 2098
2096 2099 2098
2097 2098 2100
2099 2101 2098
2101 2100 2098
2099 2102 2101
2101 2103 2100
2104 2101 2102
2103 2101 2104
2104 2102 2105
2103 2104 2106
2105 2107 2104
2107 2106 2104
2105 2108 2107
2107 2109 2106
2108 2110 2107
2109 2107 2110
2108 2111 2110
2109 2110 2112
2113 2110 2111
2112 2110 2113
2113 2111 2114
2112 2113 2115
2114 2116 2113
2116 2115 2113
2114 2117 2116
2116 2118 2115
2117 2119 2116
2119 2118 2116
2117 2120 2119
2119 2121 2118
2122 2119 2120
2121 2119 2122
2123 2122 2120
2121 2122 2124
2123 2125 2122
2125 2124 2122
2123 2126 2125
2125 2127 2124
2125 2126 2127
2128 2129 2130
2128 2131 2129
2131 2132 2129
2131 2133 2132
2133 2134 2132
2135 2136 2137
2135 2137 2138
2138 2139 2135
2138 2140 2139
2140 2141 2139
2140 2142 2141
2142 2143 2141
2144 2145 2146
2144 2146 2147
2147 2148 2144
2147 2149 2148
2149 2150 2148
2149 2151 2150
2151 2152 2150
2153 2154 2155
2153 2155 2156
2156 2155 2157
2156 2157 2158
2158 2157 2159
2160 2161 2162
2160 2163 2161
2163 2160 2164
2163 2164 2165
2165 2164 2166
2165 2166 2167
2167 2166 2168
2169 2170 2171
2169 2172 2170
2172 2169 2173
2172 2173 2174
2174 2173 2175
2174 2175 2176
2176 2175 2177
2178 2179 2180
2178 2181 2179
2178 2182 2181
2182 2183 2181
2182 2184 2183
2185 2183 2184
2185 2184 2186
2186 2187 2185
2186 2188 2187
2189 2187 2188
2189 2190 2187
2191 2190 2189
2191 2192 2190
2193 2192 2191
2193 2194 2192
2194 2193 2195
2194 2195 2196
2196 2195 2197
2196 2197 2198
2198 2197 2199
2198 2199 2200
2201 2200 2199
2202 2203 2204
2202 2204 2205
2202 2205 2206
2206 2205 2207
2206 2207 2208
2209 2208 2207
2209 2210 2208
2210 2209 2211
2210 2211 2212
2213 2212 2211
2213 2211 2214
2215 2213 2214
2215 2214 2216
2217 2215 2216
2217 2216 2218
2218 2219 2217
2218 2220 2219
2220 2221 2219
2220 2222 2221
2222 2223 2221
2222 2224 2223
2225 2223 2224
2226 2227 2228
2229 2228 2227
2230 2228 2229
2226 2228 2231
2228 2230 2232
2231 2228 2233
2228 2232 2233
2231 2233 2234
2235 2234 2233
2236 2233 2232
2235 2233 2236
2236 2232 2237
2238 2236 2237
2235 2236 2239
2238 2239 2236
2235 2239 2240
2241 2239 2238
2240 2239 2242
2241 2242 2239
2240 2242 2243
2241 2244 2242
2242 2244 2243
2245 2246 2247
2248 2247 2246
2249 2248 2246
2245 2250 2246
2246 2251 2249
2250 2252 2246
2246 2252 2251
2250 2253 2252
2254 2252 2253
2255 2251 2252
2254 2255 2252
2255 2256 2251
2257 2256 2255
2254 2258 2255
2257 2255 2258
2254 2259 2258
2260 2257 2258
2259 2261 2258
2260 2258 2261
2259 2262 2261
2260 2261 2263
2261 2262 2263
397 400 2264
397 2264 2265
2264 2266 2265
2264 2267 2266
2267 1517 2266
2267 2268 1517
2268 1518 1517
2264 2269 2267
2269 2268 2267
2264 400 2270
2264 2270 2269
2268 2271 1518
1519 1518 2271
1519 2271 2272
400 2273 2270
400 407 2273
2270 2274 2269
2273 2274 2270
2269 2275 2268
2275 2271 2268
2274 2275 2269
2272 2271 2276
2275 2276 2271
2272 2276 2277
2278 2277 2276
2273 407 2279
407 410 2279
2280 2274 2273
2280 2273 2279
2274 2281 2275
2281 2276 2275
2280 2281 2274
2278 2276 2282
2281 2282 2276
2283 2278 2282
2280 2279 2284
2284 2279 410
2280 2285 2281
2285 2282 2281
2284 2285 2280
2283 2282 2286
2285 2286 2282
2287 2283 2286
2284 2288 2285
2288 2286 2285
2287 2286 2289
2288 2289 2286
2290 2287 2289
2284 410 2291
2291 2288 2284
2290 2289 2292
2293 2290 2292
2294 2289 2288
2291 2294 2288
2294 2292 2289
2295 2291 410
410 369 2295
2296 2294 2291
2295 2296 2291
2295 369 2297
2297 2296 2295
2297 369 366
2296 2298 2294
2298 2292 2294
2293 2292 2299
2300 2293 2299
366 2301 2297
363 2301 366
2297 2302 2296
2302 2298 2296
2302 2297 2301
2303 2299 2292
2298 2303 2292
2300 2299 2304
2303 2304 2299
2305 2300 2304
2302 2306 2298
2306 2303 2298
2302 2301 2307
2307 2306 2302
363 2308 2301
2308 2307 2301
2305 2304 2309
2310 2305 2309
2303 2311 2304
2306 2311 2303
2309 2304 2311
2312 2311 2306
2307 2312 2306
2313 2312 2307
2312 2314 2311
2309 2311 2314
2313 2314 2312
2309 2314 2315
2313 2315 2314
2310 2309 2316
2309 2315 2316
2310 2316 2317
2317 2316 2315
2310 2317 2318
2313 2307 2319
2308 2319 2307
2308 2320 2319
2313 2319 2320
2313 2321 2315
2317 2315 2321
2318 2317 2322
2318 2322 2323
2313 2324 2321
2313 2320 2324
2317 2321 2325
2324 2325 2321
2317 2325 2322
2323 2322 2326
2323 2326 2327
2324 2328 2325
2320 2328 2324
2329 2322 2325
2329 2326 2322
2328 2329 2325
2327 2326 2330
2329 2330 2326
2327 2330 2331
2328 2332 2329
2332 2330 2329
2320 2333 2328
2333 2332 2328
2331 2330 2334
2331 2334 2335
2332 2336 2330
2336 2334 2330
2335 2334 2337
2335 2337 1452
1452 2337 1451
2338 2337 2334
2336 2338 2334
2339 2336 2332
2333 2339 2332
2333 2320 2340
2308 2340 2320
363 2340 2308
363 2341 2340
2333 2340 2342
2342 2339 2333
2341 2342 2340
2343 1451 2337
2338 2343 2337
2339 2344 2336
2344 2338 2336
2342 2345 2339
2345 2344 2339
2344 2346 2338
2346 2343 2338
2343 2347 1451
2347 1441 1451
2347 1450 1441
2345 2342 2348
2342 2341 2348
2345 2349 2344
2346 2344 2349
2349 2345 2348
2346 2350 2343
2350 2347 2343
2351 1450 2347
2350 2351 2347
2350 2346 2352
2346 2349 2352
2350 2352 2353
2350 2353 2351
2351 2354 1450
2354 1440 1450
2355 2352 2349
2353 2352 2355
2353 2356 2351
2356 2354 2351
2354 2357 1440
2357 1426 1440
2357 2358 1426
2359 2357 2354
2359 2358 2357
2359 2354 2356
2359 2360 2358
1063 2360 2359
2361 2356 2353
2359 2356 2361
1063 2359 2361
2361 2353 2355
1063 2361 1062
2362 1062 2361
2362 2361 2355
1064 1062 2362
2362 2355 2363
2355 2349 2363
2349 2348 2363
2364 1064 2362
2362 2363 2364
2364 1067 1064
2348 2365 2363
2365 2364 2363
1067 2364 2366
2365 2366 2364
1067 2366 1074
1074 2366 1082
2348 2367 2365
2367 2348 2341
2368 2366 2365
2368 1082 2366
2368 2365 2367
2367 2341 2369
2341 2370 2369
2369 2370 2371
2372 2367 2369
2368 2367 2372
2371 2373 2369
2372 2369 2373
2371 2374 2373
2373 2374 2375
1082 2368 2376
1082 2376 1081
1085 1081 2376
2372 2377 2368
2377 2372 2373
2368 2377 2376
2373 2375 2378
2377 2373 2378
2375 2379 2378
2379 2377 2378
2376 2380 1085
2377 2380 2376
2377 2379 2380
1085 2380 939
2381 2380 2379
939 2380 2381
830 2382 844
2382 1037 844
2382 830 2383
2382 2384 1037
2383 2384 2382
830 2385 2383
830 827 2385
2386 1037 2384
1037 2386 1027
1028 1027 2386
1028 2386 2387
2387 2386 2388
2386 2384 2388
2387 2388 2389
2383 2390 2384
2388 2384 2390
2391 2389 2388
2388 2390 2391
2391 2392 2389
2393 2390 2383
2383 2385 2393
2394 2385 827
828 2394 827
2395 2391 2390
2393 2395 2390
2396 2392 2391
2395 2396 2391
2396 2397 2392
2394 2398 2385
2385 2398 2393
828 2399 2394
2398 2394 2399
828 2400 2399
2397 2396 2401
2397 2401 2402
2403 2396 2395
2403 2401 2396
2404 2395 2393
2404 2403 2395
2405 2393 2398
2398 2399 2405
2405 2404 2393
2399 2400 2406
2405 2399 2406
2402 2401 2407
2402 2407 2408
2409 2401 2403
2409 2407 2401
2410 2404 2405
2405 2406 2410
2400 2411 2406
2410 2406 2411
2400 2412 2411
2403 2404 2413
2410 2413 2404
2403 2413 2409
2414 2408 2407
2414 2415 2408
2416 2411 2412
2416 2412 2417
2410 2411 2418
2418 2413 2410
2418 2411 2416
2419 2407 2409
2419 2414 2407
2409 2413 2420
2418 2420 2413
2409 2420 2419
2421 2415 2414
2421 2422 2415
2417 2423 2416
2417 2424 2423
2418 2416 2425
2423 2425 2416
2418 2426 2420
2419 2420 2426
2425 2426 2418
2414 2419 2427
2414 2427 2421
2419 2426 2427
2422 2421 2428
2422 2428 1391
2421 2427 2429
2421 2429 2428
2430 2427 2426
2430 2429 2427
2425 2431 2426
2431 2430 2426
1391 2428 2432
1391 2432 2433
2428 2429 2434
2428 2434 2432
2435 2429 2430
2430 2431 2435
2435 2434 2429
2436 2433 2432
2437 2433 2436
2432 2434 2438
2432 2438 2436
2434 2435 2439
2434 2439 2438
2436 2440 2437
2437 2440 2441
2442 2436 2438
2440 2436 2442
2443 2441 2440
2444 2441 2443
2443 2445 2444
2443 2446 2445
2447 2443 2440
2446 2443 2447
2447 2440 2442
2446 2447 2448
2448 2447 2449
2442 2449 2447
2448 2449 2450
2451 2450 2449
2452 2442 2438
2442 2452 2449
2452 2438 2439
2451 2449 2453
2452 2453 2449
2451 2453 2454
2455 2454 2453
2456 2454 2455
2452 2457 2453
2457 2455 2453
2439 2458 2452
2452 2458 2457
2456 2455 2459
2459 2460 2456
2461 2460 2459
2457 2462 2455
2458 2462 2457
2455 2462 2459
2458 2439 2463
2462 2458 2463
2463 2439 2435
2435 2431 2463
2461 2459 2464
2462 2464 2459
2424 2461 2464
2424 2464 2423
2462 2463 2465
2464 2462 2465
2465 2463 2431
2423 2464 2465
2465 2431 2466
2423 2465 2466
2466 2431 2425
2423 2466 2425
2467 2468 2469
2469 2468 2470
2471 2469 2470
2467 2469 2472
2472 2469 2471
2472 2473 2467
2472 2471 2474
2472 2475 2473
2474 2475 2472
2474 2476 2475
2477 2473 2475
2476 2478 2475
2477 2475 2478
2476 2479 2478
2477 2478 2480
2479 2480 2478
2477 2480 2481
2479 2482 2480
2483 2481 2480
2483 2480 2482
2484 2485 2486
2485 2487 2486
2488 2487 2485
2484 2489 2485
2489 2488 2485
2489 2484 2490
2489 2491 2488
2489 2490 2492
2491 2489 2492
2491 2492 2493
2494 2492 2490
2493 2492 2495
2494 2495 2492
2493 2495 2496
2494 2497 2495
2496 2495 2497
2494 2498 2497
2496 2497 2499
2500 2497 2498
2500 2499 2497
2501 2502 2503
2501 2504 2502
2501 2505 2504
2501 2503 2506
2507 2506 2503
2508 2505 2501
2506 2508 2501
2508 2509 2505
2510 2509 2508
2506 2510 2508
2510 2511 2509
2512 2511 2510
2507 2513 2506
2513 2510 2506
2514 2513 2507
2512 2510 2515
2513 2515 2510
2516 2512 2515
2516 2515 2517
2517 2515 2513
2517 2518 2516
2514 2519 2513
2517 2513 2519
2517 2520 2518
2520 2517 2519
2520 2521 2518
2522 2519 2514
2520 2519 2522
2522 2514 2523
2520 2524 2521
2524 2520 2522
2524 2525 2521
2526 2522 2523
2524 2522 2526
2526 2523 2527
2524 2528 2525
2526 2528 2524
2528 2529 2525
2527 2530 2526
2526 2530 2528
2527 2531 2530
2528 2532 2529
2530 2532 2528
2531 2533 2530
2530 2533 2532
2533 2529 2532
2531 2534 2533
2533 2535 2529
2535 2533 2534
2535 2534 2536
2537 2536 2538
2537 2538 2539
2540 2539 2538
2537 2539 2541
2537 2541 2542
2540 2543 2539
2543 2541 2539
2544 2543 2540
2545 2542 2541
2543 2545 2541
2545 2546 2542
2544 2547 2543
2547 2545 2543
2547 2544 2548
2549 2546 2545
2547 2549 2545
2549 2550 2546
2547 2548 2551
2551 2549 2547
2551 2548 2552
2550 2549 2553
2551 2553 2549
2550 2553 2554
2551 2552 2555
2555 2553 2551
2556 2555 2552
2554 2553 2557
2555 2557 2553
2554 2557 2558
2559 2558 2557
2556 2560 2555
2557 2555 2560
2559 2557 2561
2557 2560 2561
2561 2562 2559
2561 2563 2562
2560 2563 2561
2563 2564 2562
2565 2560 2556
2560 2565 2563
2565 2556 2566
2563 2567 2564
2565 2567 2563
2568 2564 2567
2566 2569 2565
2565 2569 2567
2568 2567 2569
2566 2570 2569
2568 2569 2570
2568 2570 2504
2571 2572 2573
2574 2571 2573
2571 2575 2572
2575 2576 2572
2575 2577 2576
2577 2578 2576
2577 2579 2578
2577 2580 2579
2581 2577 2575
2577 2581 2580
2581 2575 2571
2582 2580 2581
2582 2581 2583
2583 2581 2571
2584 2582 2583
2574 2585 2571
2583 2571 2585
2586 2585 2574
2586 2587 2585
2587 2583 2585
2587 2586 2588
2584 2583 2589
2587 2589 2583
2587 2588 2590
2590 2589 2587
2590 2588 2591
2592 2584 2589
2590 2592 2589
2592 2593 2584
2590 2591 2594
2594 2592 2590
2594 2591 2595
2596 2593 2592
2594 2596 2592
2596 2597 2593
2594 2595 2598
2596 2594 2598
2598 2595 2599
2597 2596 2600
2596 2598 2600
2597 2600 2601
2598 2599 2602
2600 2598 2602
2601 2600 2603
2600 2602 2603
2603 2602 2599
2601 2603 2604
2603 2599 2605
2605 2604 2603
2605 2606 2604
2607 2608 2606
2607 2609 2608
2610 2608 2609
2607 2611 2609
2607 2612 2611
2610 2609 2613
2613 2609 2611
2614 2610 2613
2615 2611 2612
2613 2611 2615
2615 2612 2616
2614 2613 2617
2617 2613 2615
2617 2618 2614
2619 2615 2616
2617 2615 2619
2619 2616 2620
2617 2621 2618
2621 2617 2619
2621 2622 2618
2620 2623 2619
2621 2619 2623
2620 2624 2623
2621 2625 2622
2625 2621 2623
2626 2622 2625
2624 2627 2623
2625 2623 2627
2624 2628 2627
2629 2627 2628
2626 2625 2630
2627 2630 2625
2629 2631 2627
2627 2631 2630
2631 2629 2632
2631 2632 2633
2630 2631 2633
2633 2632 2634
2635 2626 2630
2630 2633 2635
2635 2636 2626
2633 2634 2637
2635 2633 2637
2638 2637 2634
2636 2635 2639
2635 2637 2639
2638 2639 2637
2636 2639 2640
2638 2640 2639
2638 2578 2640
2641 2642 2643
1964 2642 2641
1964 2641 2644
2641 2645 2644
2641 2643 2646
2646 2643 2647
2641 2648 2645
2648 2641 2646
2649 2645 2648
2649 2650 2645
2649 1972 2650
2649 2651 1972
2652 2651 2649
2648 2652 2649
2652 2653 2651
2654 2653 2652
2648 2646 2655
2648 2655 2652
2646 2647 2656
2656 2655 2646
2657 2656 2647
2657 2647 2658
2657 2658 2659
2654 2652 2660
2660 2652 2655
2661 2654 2660
2661 2662 2654
2663 2662 2661
2656 2664 2655
2660 2655 2664
2657 2664 2656
2661 2660 2664
2657 2665 2664
2661 2664 2665
2657 2666 2665
2661 2665 2666
2657 2659 2667
2657 2667 2666
2663 2661 2668
2661 2666 2668
2659 2669 2667
2659 2670 2669
2669 2670 2671
2663 2668 2672
2663 2672 2673
2673 2674 2671
2669 2671 2674
2673 2672 2674
2667 2669 2675
2667 2675 2666
2674 2675 2669
2668 2676 2672
2668 2666 2676
2672 2676 2674
2666 2675 2676
2674 2676 2675
2677 2678 2679
2677 2679 2680
2681 2677 2680
2680 2679 2682
2681 2680 2683
2680 2682 2684
2684 2683 2680
2685 2684 2682
2685 2682 2686
2681 2683 2687
2681 2687 2688
2684 2689 2683
2689 2684 2685
2690 2685 2686
2690 2686 2691
2688 2687 2692
2688 2692 2693
2694 2692 2687
2695 2687 2683
2694 2687 2695
2695 2683 2689
2696 2694 2695
2689 2685 2697
2697 2685 2690
2698 2695 2689
2696 2695 2698
2698 2689 2697
2699 2696 2698
2699 2698 2697
2699 2700 2696
2701 2690 2691
2701 2691 2702
2701 2702 2703
2701 2703 2704
2701 2704 2705
2706 2701 2705
2706 2690 2701
2707 2706 2705
2697 2690 2708
2699 2697 2708
2706 2708 2690
2699 2708 2706
2709 2700 2699
2699 2706 2709
2709 2706 2707
2709 2710 2700
2709 2707 2711
2709 2712 2710
2709 2711 2712
2713 2714 2678
2713 2715 2714
2716 2715 2713
2715 2717 2714
2716 2718 2715
2715 2719 2717
2719 2715 2718
2720 2717 2719
2720 2721 2717
2716 2722 2718
2716 2723 2722
2719 2718 2724
2724 2720 2719
2725 2721 2720
2725 2726 2721
2723 2727 2722
2723 2693 2727
2728 2722 2727
2729 2718 2722
2728 2729 2722
2729 2724 2718
2730 2729 2728
2724 2731 2720
2731 2725 2720
2732 2724 2729
2730 2732 2729
2732 2731 2724
2733 2732 2730
2733 2731 2732
2733 2730 2734
2731 2735 2725
2733 2735 2731
2736 2733 2734
2736 2734 2737
2736 2737 2738
2733 2739 2735
2739 2725 2735
2733 2736 2739
2739 2740 2725
2740 2726 2725
2740 2741 2726
2740 2742 2741
2736 2738 2743
2736 2744 2739
2736 2743 2744
2745 2743 2738
2744 2743 2745
2745 2738 2746
2745 2746 2742
2744 2747 2739
2739 2747 2740
2744 2745 2747
2740 2748 2742
2745 2742 2748
2745 2748 2747
2740 2747 2748
2749 2750 2751
2749 2751 2752
2749 2753 2750
2754 2749 2752
2749 2755 2753
2754 2756 2749
2749 2756 2755
2757 2758 2759
2760 2758 2757
2759 2758 2761
2762 2758 2760
2761 2758 2763
2764 2758 2762
2763 2758 2765
2766 2758 2764
2765 2758 2767
2768 2758 2766
2767 2758 2769
2770 2758 2768
2769 2758 2771
2772 2758 2770
2771 2758 2773
2774 2758 2772
2773 2758 2775
2775 2758 2774
2776 2777 2778
2776 2778 2779
2776 2780 2777
2780 2781 2777
2776 2779 2782
2782 2779 2783
2784 2780 2776
2784 2776 2782
2780 2785 2781
2784 2785 2780
2784 2782 2786
2782 2783 2786
2784 2787 2785
2785 2788 2781
2785 2787 2788
2786 2783 2789
2790 2788 2787
2786 2789 2791
2784 2786 2791
2791 2789 2792
2790 2787 2793
2784 2793 2787
2794 2790 2793
2791 2792 2795
2784 2791 2795
2796 2795 2792
2794 2793 2797
2784 2797 2793
2797 2798 2794
2796 2799 2795
2784 2795 2799
2800 2799 2796
2784 2801 2797
2797 2801 2798
2784 2799 2802
2800 2802 2799
2784 2803 2801
2801 2804 2798
2801 2803 2804
2802 2800 2805
2804 2803 2806
2784 2806 2803
2804 2806 2807
2802 2805 2808
2784 2802 2808
2808 2805 2809
2810 2807 2806
2784 2810 2806
2810 2811 2807
2808 2809 2812
2784 2808 2812
2812 2809 2813
2811 2810 2814
2784 2814 2810
2811 2814 2815
2784 2812 2816
2812 2813 2816
2784 2816 2814
2816 2813 2815
2816 2815 2814
2817 2818 2819
2820 2818 2817
2819 2818 2821
2822 2818 2820
2821 2818 2823
2824 2818 2822
2823 2818 2825
2826 2818 2824
2825 2818 2827
2828 2818 2826
2827 2818 2829
2830 2818 2828
2829 2818 2831
2832 2818 2830
2831 2818 2833
2834 2818 2832
2833 2818 2835
2835 2818 2834
2836 2837 2838
2836 2839 2837
2836 2838 2840
2840 2838 2841
2836 2842 2839
2842 2843 2839
2844 2836 2840
2844 2842 2836
2840 2841 2845
2844 2840 2845
2844 2846 2842
2842 2846 2843
2844 2845 2847
2845 2841 2848
2845 2848 2847
2846 2849 2843
2850 2847 2848
2846 2851 2849
2844 2851 2846
2851 2852 2849
2850 2853 2847
2844 2847 2853
2854 2853 2850
2851 2855 2852
2844 2855 2851
2856 2852 2855
2854 2857 2853
2844 2853 2857
2857 2854 2858
2856 2855 2859
2844 2859 2855
2860 2856 2859
2844 2857 2861
2857 2858 2861
2844 2862 2859
2860 2859 2862
2844 2861 2863
2861 2858 2864
2861 2864 2863
2862 2865 2860
2864 2866 2863
2844 2863 2866
2864 2867 2866
2862 2868 2865
2844 2868 2862
2868 2869 2865
2870 2866 2867
2844 2866 2870
2870 2867 2871
2868 2872 2869
2844 2872 2868
2872 2873 2869
2871 2874 2870
2844 2870 2874
2871 2875 2874
2844 2876 2872
2872 2876 2873
2876 2875 2873
2844 2874 2876
2876 2874 2875
